2 0.6015625 0.591796875 0.05078125 0.0634765625
2 0.275390625 0.4833984375 0.03125 0.037109375
2 0.1708984375 0.447265625 0.01953125 0.0234375
2 0.1220703125 0.4296875 0.013671875 0.0166015625
2 0.099609375 0.4208984375 0.0107421875 0.013671875
2 0.109375 0.416015625 0.0087890625 0.0107421875
2 0.1513671875 0.4140625 0.0078125 0.0087890625
2 0.2333984375 0.4150390625 0.0068359375 0.0078125
2 0.3203125 0.41796875 0.005859375 0.0078125
2 0.3896484375 0.4208984375 0.005859375 0.0078125
2 0.4462890625 0.42578125 0.0068359375 0.0087890625
2 0.49609375 0.431640625 0.0078125 0.0107421875
2 0.5283203125 0.4384765625 0.009765625 0.0126953125
2 0.541015625 0.447265625 0.0126953125 0.0166015625
2 0.6015625 0.466796875 0.0185546875 0.0234375
2 0.759765625 0.50390625 0.0322265625 0.0380859375
1 0.0849609375 0.4091796875 0.0068359375 0.0087890625
1 0.1904296875 0.4111328125 0.005859375 0.0078125
1 0.294921875 0.4150390625 0.005859375 0.0078125
1 0.3984375 0.4189453125 0.0048828125 0.0068359375
1 0.4716796875 0.4228515625 0.005859375 0.0068359375
1 0.5478515625 0.4287109375 0.005859375 0.0078125
1 0.626953125 0.435546875 0.0078125 0.009765625
1 0.65234375 0.4404296875 0.0087890625 0.0107421875
1 0.6845703125 0.4482421875 0.01171875 0.013671875
1 0.791015625 0.466796875 0.0166015625 0.01953125
1 0.98046875 0.4921875 0.025390625 0.02734375