1 0.9423828125 0.4736328125 0.0087890625 0.0107421875
1 0.9306640625 0.4765625 0.009765625 0.0126953125
1 0.91796875 0.4814453125 0.01171875 0.013671875
1 0.837890625 0.482421875 0.01171875 0.0146484375
1 0.681640625 0.4736328125 0.01171875 0.0146484375
1 0.552734375 0.4638671875 0.0107421875 0.013671875
1 0.4248046875 0.4560546875 0.0107421875 0.0126953125
1 0.294921875 0.4501953125 0.01171875 0.0126953125
1 0.1484375 0.4482421875 0.0126953125 0.0146484375
2 0.2041015625 0.498046875 0.0322265625 0.0361328125
2 0.1484375 0.470703125 0.0205078125 0.0244140625
2 0.1826171875 0.4599609375 0.0166015625 0.01953125
2 0.3271484375 0.458984375 0.0126953125 0.0166015625
2 0.474609375 0.4658203125 0.013671875 0.017578125
2 0.623046875 0.4765625 0.015625 0.0185546875
2 0.82421875 0.4912109375 0.0185546875 0.021484375
0 0.6875 0.580078125 0.0791015625 0.0859375
0 0.841796875 0.5927734375 0.0625 0.0615234375