1 0.9970703125 0.4404296875 0.00390625 0.0048828125
1 0.33984375 0.5439453125 0.0458984375 0.0498046875
1 0.4970703125 0.4814453125 0.017578125 0.021484375
1 0.53125 0.4677734375 0.0126953125 0.015625
1 0.5546875 0.4580078125 0.0087890625 0.0107421875
1 0.5859375 0.4541015625 0.0078125 0.0087890625
1 0.6259765625 0.451171875 0.0068359375 0.0078125
1 0.6806640625 0.44921875 0.005859375 0.0078125
1 0.7421875 0.447265625 0.005859375 0.0078125
1 0.7900390625 0.4443359375 0.0029296875 0.00390625
1 0.78515625 0.4443359375 0.00390625 0.005859375
1 0.7607421875 0.443359375 0.00390625 0.0048828125
1 0.724609375 0.4423828125 0.0029296875 0.00390625
1 0.9658203125 0.439453125 0.00390625 0.0048828125
1 0.935546875 0.439453125 0.0029296875 0.00390625
1 0.91015625 0.439453125 0.001953125 0.0029296875
1 0.8662109375 0.4384765625 0.001953125 0.0029296875
1 0.7822265625 0.4384765625 0.001953125 0.0029296875
1 0.7412109375 0.4384765625 0.0029296875 0.0029296875
1 0.7099609375 0.4384765625 0.001953125 0.0029296875
1 0.677734375 0.439453125 0.001953125 0.0029296875
1 0.642578125 0.439453125 0.001953125 0.0029296875
1 0.615234375 0.44140625 0.0029296875 0.0048828125
1 0.5947265625 0.44140625 0.00390625 0.0048828125
1 0.58984375 0.44140625 0.00390625 0.00390625
1 0.6484375 0.4423828125 0.0029296875 0.0048828125
1 0.689453125 0.4423828125 0.0029296875 0.00390625
2 0.837890625 0.4384765625 0.001953125 0.00390625
2 0.85546875 0.439453125 0.0029296875 0.00390625
2 0.900390625 0.4404296875 0.0029296875 0.0048828125
2 0.9248046875 0.44140625 0.0029296875 0.00390625
2 0.9609375 0.44140625 0.00390625 0.005859375
2 0.8095703125 0.4384765625 0.001953125 0.0029296875
2 0.7685546875 0.4384765625 0.001953125 0.0029296875
2 0.728515625 0.439453125 0.001953125 0.00390625
2 0.65234375 0.4404296875 0.001953125 0.00390625
2 0.6337890625 0.4404296875 0.0029296875 0.00390625
2 0.6376953125 0.44140625 0.0029296875 0.00390625
2 0.6630859375 0.44140625 0.0029296875 0.00390625
2 0.703125 0.44140625 0.0029296875 0.00390625
2 0.748046875 0.44140625 0.0029296875 0.00390625
2 0.7958984375 0.44140625 0.00390625 0.0048828125
2 0.8330078125 0.4423828125 0.00390625 0.005859375
2 0.8623046875 0.443359375 0.00390625 0.005859375
2 0.884765625 0.4443359375 0.00390625 0.005859375
2 0.8818359375 0.4462890625 0.005859375 0.0078125
2 0.837890625 0.4482421875 0.005859375 0.0078125
2 0.7890625 0.4501953125 0.0068359375 0.0087890625
2 0.7265625 0.453125 0.0068359375 0.0087890625
2 0.6953125 0.4560546875 0.0078125 0.0107421875
2 0.7080078125 0.4609375 0.0107421875 0.013671875
2 0.7373046875 0.46875 0.013671875 0.0166015625
2 0.8046875 0.4873046875 0.0224609375 0.0263671875
0 0.9208984375 0.4384765625 0.00390625 0.0087890625
0 0.927734375 0.4384765625 0.0068359375 0.0107421875
0 0.9951171875 0.439453125 0.0048828125 0.0107421875