2 0.8037109375 0.5400390625 0.0419921875 0.0478515625
2 0.736328125 0.498046875 0.0224609375 0.0263671875
2 0.7509765625 0.4833984375 0.0146484375 0.0185546875
2 0.8037109375 0.4755859375 0.0107421875 0.0146484375
2 0.7666015625 0.46484375 0.0078125 0.0107421875
2 0.7119140625 0.4619140625 0.0068359375 0.0087890625
2 0.654296875 0.4580078125 0.005859375 0.0078125
2 0.609375 0.4560546875 0.0048828125 0.0078125
2 0.5615234375 0.4541015625 0.0048828125 0.0068359375
2 0.53515625 0.453125 0.00390625 0.005859375
2 0.5205078125 0.451171875 0.00390625 0.005859375
2 0.541015625 0.4501953125 0.0029296875 0.0048828125
2 0.5693359375 0.4501953125 0.0029296875 0.00390625
2 0.5732421875 0.44921875 0.001953125 0.00390625
2 0.55078125 0.4482421875 0.001953125 0.00390625
2 0.5361328125 0.447265625 0.0029296875 0.00390625
2 0.5537109375 0.447265625 0.001953125 0.00390625
2 0.580078125 0.447265625 0.001953125 0.0029296875
2 0.6044921875 0.4482421875 0.001953125 0.00390625
2 0.62890625 0.44921875 0.0029296875 0.00390625
2 0.6630859375 0.4501953125 0.0029296875 0.00390625
2 0.712890625 0.451171875 0.0029296875 0.00390625
2 0.7431640625 0.4521484375 0.0029296875 0.00390625
2 0.7607421875 0.4541015625 0.00390625 0.0048828125
2 0.78125 0.455078125 0.00390625 0.005859375
2 0.8017578125 0.45703125 0.00390625 0.005859375
2 0.83203125 0.458984375 0.00390625 0.005859375
2 0.8955078125 0.4609375 0.005859375 0.0078125
2 0.978515625 0.46484375 0.0078125 0.0087890625
1 0.3017578125 0.515625 0.0341796875 0.0390625
1 0.3955078125 0.482421875 0.0185546875 0.021484375
1 0.849609375 0.4560546875 0.0029296875 0.00390625
1 0.818359375 0.4541015625 0.0029296875 0.00390625
1 0.787109375 0.453125 0.0029296875 0.00390625
1 0.7490234375 0.451171875 0.001953125 0.00390625
1 0.70703125 0.4501953125 0.001953125 0.00390625
1 0.669921875 0.44921875 0.0029296875 0.0029296875
1 0.6474609375 0.44921875 0.0029296875 0.0029296875
1 0.611328125 0.447265625 0.001953125 0.0029296875
1 0.5263671875 0.4462890625 0.001953125 0.0029296875
1 0.501953125 0.447265625 0.001953125 0.0029296875
1 0.4873046875 0.4462890625 0.001953125 0.00390625
1 0.4921875 0.447265625 0.0029296875 0.00390625
1 0.513671875 0.4482421875 0.0029296875 0.00390625
1 0.5107421875 0.44921875 0.0029296875 0.0048828125
1 0.4765625 0.44921875 0.0029296875 0.0048828125
1 0.4541015625 0.4501953125 0.00390625 0.0048828125
1 0.46484375 0.4521484375 0.00390625 0.005859375
1 0.4912109375 0.4541015625 0.0048828125 0.0068359375
1 0.552734375 0.4560546875 0.005859375 0.0078125
1 0.591796875 0.458984375 0.0068359375 0.0087890625
1 0.6279296875 0.462890625 0.0078125 0.0107421875
1 0.6044921875 0.4677734375 0.009765625 0.0126953125
1 0.525390625 0.4736328125 0.0126953125 0.0166015625
1 0.869140625 0.4560546875 0.00390625 0.0068359375
1 0.921875 0.458984375 0.00390625 0.0078125