1 0.458984375 0.4697265625 0.0126953125 0.015625
1 0.47265625 0.4619140625 0.0087890625 0.01171875
1 0.482421875 0.4560546875 0.0068359375 0.009765625
1 0.490234375 0.4521484375 0.005859375 0.0078125
1 0.498046875 0.44921875 0.0048828125 0.0068359375
1 0.5078125 0.447265625 0.00390625 0.005859375
1 0.544921875 0.4453125 0.00390625 0.005859375
1 0.5673828125 0.4443359375 0.00390625 0.005859375
1 0.544921875 0.4423828125 0.0029296875 0.00390625
1 0.517578125 0.4443359375 0.0029296875 0.00390625
1 0.5078125 0.443359375 0.0029296875 0.0048828125
1 0.5107421875 0.4423828125 0.001953125 0.00390625
1 0.5205078125 0.44140625 0.001953125 0.00390625
1 0.5400390625 0.4404296875 0.001953125 0.0029296875
1 0.5830078125 0.4404296875 0.001953125 0.00390625
1 0.6044921875 0.439453125 0.001953125 0.0029296875
1 0.6357421875 0.439453125 0.001953125 0.0029296875
1 0.7119140625 0.4384765625 0.001953125 0.00390625
1 0.74609375 0.4384765625 0.001953125 0.00390625
1 0.779296875 0.4384765625 0.001953125 0.00390625
1 0.8046875 0.439453125 0.0029296875 0.00390625
1 0.8251953125 0.439453125 0.0029296875 0.00390625
1 0.861328125 0.4404296875 0.0029296875 0.00390625
1 0.892578125 0.4404296875 0.00390625 0.0048828125
1 0.943359375 0.4423828125 0.00390625 0.0048828125
1 0.986328125 0.443359375 0.00390625 0.005859375
1 0.994140625 0.4443359375 0.005859375 0.0068359375
1 0.9765625 0.4462890625 0.005859375 0.0078125
1 0.94140625 0.4482421875 0.005859375 0.0087890625
1 0.9501953125 0.455078125 0.0087890625 0.0107421875
1 0.4326171875 0.482421875 0.01953125 0.0224609375
1 0.3681640625 0.5146484375 0.03125 0.037109375
2 0.806640625 0.5126953125 0.0341796875 0.0390625
2 0.693359375 0.4794921875 0.0185546875 0.0224609375
2 0.6533203125 0.4677734375 0.0146484375 0.017578125
2 0.6220703125 0.4599609375 0.0087890625 0.0126953125
2 0.603515625 0.455078125 0.0078125 0.009765625
2 0.58984375 0.451171875 0.005859375 0.0087890625
2 0.58203125 0.4482421875 0.0048828125 0.0078125
2 0.5888671875 0.4462890625 0.00390625 0.0068359375
2 0.626953125 0.4453125 0.0048828125 0.005859375
2 0.630859375 0.4443359375 0.00390625 0.005859375
2 0.6005859375 0.443359375 0.00390625 0.0048828125
2 0.5625 0.4423828125 0.0029296875 0.00390625
2 0.556640625 0.4423828125 0.0029296875 0.00390625
2 0.5537109375 0.44140625 0.0029296875 0.00390625
2 0.5712890625 0.44140625 0.001953125 0.00390625
2 0.6015625 0.4404296875 0.001953125 0.00390625
2 0.6318359375 0.4404296875 0.0029296875 0.00390625
2 0.6669921875 0.439453125 0.00390625 0.00390625
2 0.705078125 0.439453125 0.0029296875 0.00390625
2 0.896484375 0.4619140625 0.0126953125 0.015625
2 0.8115234375 0.4580078125 0.009765625 0.0107421875
2 0.7724609375 0.453125 0.0078125 0.0107421875
2 0.7783203125 0.4501953125 0.0068359375 0.0087890625
2 0.8203125 0.4482421875 0.0078125 0.0087890625
2 0.85546875 0.4462890625 0.005859375 0.0078125
2 0.8857421875 0.4443359375 0.0048828125 0.0068359375
2 0.8779296875 0.443359375 0.0048828125 0.005859375
2 0.849609375 0.4423828125 0.00390625 0.005859375
2 0.8203125 0.44140625 0.00390625 0.0048828125
2 0.794921875 0.4404296875 0.00390625 0.0048828125
2 0.771484375 0.439453125 0.00390625 0.0048828125
2 0.7548828125 0.439453125 0.0029296875 0.00390625
2 0.7314453125 0.439453125 0.0029296875 0.00390625