2 0.2626953125 0.4658203125 0.0205078125 0.0224609375
2 0.3994140625 0.447265625 0.0146484375 0.017578125
2 0.44921875 0.435546875 0.0087890625 0.0126953125
2 0.482421875 0.4296875 0.0087890625 0.0107421875
2 0.5791015625 0.4248046875 0.0068359375 0.009765625
2 0.677734375 0.4189453125 0.0078125 0.009765625
2 0.7421875 0.416015625 0.005859375 0.0087890625
2 0.74609375 0.4130859375 0.00390625 0.0068359375
2 0.7255859375 0.412109375 0.00390625 0.005859375
2 0.7216796875 0.4091796875 0.00390625 0.005859375
2 0.765625 0.4072265625 0.00390625 0.005859375
2 0.8203125 0.404296875 0.00390625 0.005859375
2 0.8515625 0.4013671875 0.00390625 0.0048828125
2 0.84375 0.400390625 0.0029296875 0.0048828125
2 0.84765625 0.3974609375 0.001953125 0.00390625
2 0.8984375 0.39453125 0.0029296875 0.00390625
2 0.892578125 0.3935546875 0.0029296875 0.00390625
2 0.8896484375 0.3935546875 0.001953125 0.00390625
2 0.9130859375 0.392578125 0.001953125 0.00390625
2 0.94921875 0.390625 0.001953125 0.0029296875
2 0.9912109375 0.3896484375 0.001953125 0.0029296875
1 0.1318359375 0.5205078125 0.0390625 0.0458984375
1 0.498046875 0.607421875 0.048828125 0.0322265625
1 0.595703125 0.4501953125 0.0166015625 0.0205078125
1 0.5986328125 0.435546875 0.0107421875 0.015625
1 0.615234375 0.427734375 0.009765625 0.01171875
1 0.7060546875 0.421875 0.0087890625 0.0107421875
1 0.8115234375 0.416015625 0.0087890625 0.0107421875
1 0.86328125 0.412109375 0.0068359375 0.0087890625
1 0.859375 0.408203125 0.0048828125 0.0068359375
1 0.81640625 0.4091796875 0.005859375 0.0078125
1 0.8095703125 0.4072265625 0.0048828125 0.0068359375
1 0.8466796875 0.4052734375 0.00390625 0.005859375
1 0.9072265625 0.4013671875 0.00390625 0.005859375
1 0.927734375 0.3984375 0.00390625 0.005859375
1 0.8896484375 0.3984375 0.0029296875 0.0048828125
1 0.8798828125 0.3974609375 0.0029296875 0.0048828125
1 0.904296875 0.396484375 0.0029296875 0.00390625
1 0.9443359375 0.39453125 0.0029296875 0.00390625
1 0.9375 0.392578125 0.001953125 0.0029296875
1 0.9326171875 0.3916015625 0.001953125 0.001953125
1 0.9443359375 0.3916015625 0.001953125 0.00390625
1 0.994140625 0.3896484375 0.001953125 0.00390625
1 0.998046875 0.3974609375 0.00390625 0.005859375
1 0.9892578125 0.3984375 0.005859375 0.0068359375
1 0.939453125 0.40234375 0.0048828125 0.005859375
1 0.9208984375 0.404296875 0.0048828125 0.0068359375
1 0.9248046875 0.4052734375 0.0048828125 0.0068359375
1 0.9453125 0.4072265625 0.005859375 0.0078125
1 0.9638671875 0.4130859375 0.009765625 0.0126953125
1 0.9501953125 0.4208984375 0.0126953125 0.0146484375
1 0.921875 0.4326171875 0.017578125 0.01953125
1 0.8837890625 0.451171875 0.0244140625 0.0283203125
1 0.7890625 0.4970703125 0.044921875 0.0458984375