2 0.611328125 0.50390625 0.021484375 0.0322265625
2 0.4873046875 0.4814453125 0.017578125 0.021484375
2 0.5 0.46875 0.0126953125 0.015625
2 0.5625 0.4638671875 0.01171875 0.013671875
2 0.6728515625 0.4619140625 0.01171875 0.0126953125
2 0.8046875 0.4638671875 0.0126953125 0.015625
1 0.9638671875 0.45703125 0.0126953125 0.0146484375
1 0.7646484375 0.4560546875 0.009765625 0.01171875
1 0.603515625 0.4560546875 0.0087890625 0.0107421875
1 0.455078125 0.458984375 0.0087890625 0.0107421875
1 0.3466796875 0.4677734375 0.01171875 0.0146484375
1 0.224609375 0.4814453125 0.0166015625 0.0185546875
1 0.1162109375 0.51171875 0.029296875 0.0322265625
1 0.064453125 0.5966796875 0.0546875 0.052734375