1 0.5205078125 0.4287109375 0.00390625 0.005859375
1 0.58203125 0.4326171875 0.005859375 0.0068359375
1 0.6650390625 0.4384765625 0.005859375 0.0078125
1 0.779296875 0.4462890625 0.0068359375 0.0087890625
1 0.916015625 0.455078125 0.0087890625 0.0107421875
1 0.16796875 0.455078125 0.0224609375 0.0244140625
1 0.296875 0.4423828125 0.013671875 0.0166015625
1 0.3544921875 0.4365234375 0.009765625 0.0126953125
1 0.3212890625 0.4306640625 0.0087890625 0.0107421875
1 0.2568359375 0.423828125 0.0078125 0.009765625
1 0.1806640625 0.4189453125 0.0068359375 0.0087890625
1 0.474609375 0.4248046875 0.00390625 0.005859375
1 0.4326171875 0.421875 0.00390625 0.0048828125
1 0.396484375 0.419921875 0.0029296875 0.0048828125
1 0.3330078125 0.416015625 0.0029296875 0.00390625
1 0.2939453125 0.4130859375 0.0029296875 0.00390625
1 0.224609375 0.41015625 0.0029296875 0.00390625
1 0.1650390625 0.408203125 0.00390625 0.0048828125
1 0.115234375 0.40625 0.00390625 0.005859375
1 0.05859375 0.4052734375 0.00390625 0.005859375
1 0.0087890625 0.41015625 0.0078125 0.0087890625
1 0.103515625 0.4150390625 0.0078125 0.0087890625
2 0.3095703125 0.416015625 0.00390625 0.005859375
2 0.3388671875 0.41796875 0.00390625 0.005859375
2 0.3720703125 0.419921875 0.00390625 0.005859375
2 0.4150390625 0.423828125 0.0048828125 0.0068359375
2 0.45703125 0.4267578125 0.0048828125 0.0068359375
2 0.5166015625 0.431640625 0.005859375 0.0078125
2 0.5966796875 0.4375 0.0068359375 0.0087890625
2 0.7177734375 0.4462890625 0.0087890625 0.0107421875
2 0.87109375 0.45703125 0.0107421875 0.0126953125
2 0.2685546875 0.4130859375 0.00390625 0.0048828125
2 0.2109375 0.4111328125 0.00390625 0.005859375
2 0.150390625 0.408203125 0.00390625 0.005859375
2 0.080078125 0.4072265625 0.0048828125 0.005859375
2 0.013671875 0.4052734375 0.0048828125 0.0068359375
2 0.0400390625 0.4091796875 0.0068359375 0.0078125
2 0.1240234375 0.4130859375 0.005859375 0.0078125
2 0.2109375 0.4169921875 0.0068359375 0.0087890625
2 0.294921875 0.421875 0.005859375 0.0087890625
2 0.3623046875 0.42578125 0.0068359375 0.0087890625
2 0.4228515625 0.4306640625 0.0078125 0.009765625
2 0.482421875 0.4365234375 0.0087890625 0.0107421875
2 0.521484375 0.4443359375 0.0107421875 0.013671875
2 0.50390625 0.4501953125 0.0126953125 0.0166015625
2 0.4775390625 0.4619140625 0.0166015625 0.0224609375
2 0.44140625 0.494140625 0.0302734375 0.037109375
0 0.451171875 0.423828125 0.005859375 0.0126953125
0 0.4619140625 0.4248046875 0.0068359375 0.013671875