1 0.423828125 0.482421875 0.01171875 0.015625
1 0.4013671875 0.494140625 0.0166015625 0.021484375
1 0.3369140625 0.541015625 0.0205078125 0.0439453125
1 0.974609375 0.478515625 0.01171875 0.013671875
1 0.8359375 0.47265625 0.009765625 0.01171875
1 0.7177734375 0.4697265625 0.0078125 0.0107421875
1 0.611328125 0.4697265625 0.0078125 0.009765625
1 0.5126953125 0.4716796875 0.0087890625 0.0107421875
1 0.4462890625 0.4755859375 0.009765625 0.0126953125
2 0.6318359375 0.4912109375 0.0166015625 0.0224609375
2 0.6064453125 0.48046875 0.0107421875 0.015625
2 0.6298828125 0.4755859375 0.0107421875 0.0126953125
2 0.7353515625 0.474609375 0.0107421875 0.0146484375
2 0.8671875 0.478515625 0.013671875 0.015625
0 0.3203125 0.533203125 0.0380859375 0.0751953125
0 0.3359375 0.5234375 0.0419921875 0.068359375
0 0.791015625 0.5224609375 0.0390625 0.0703125
0 0.8271484375 0.5302734375 0.05078125 0.0751953125