1 0.8818359375 0.44140625 0.0048828125 0.005859375
1 0.9287109375 0.44140625 0.0048828125 0.005859375
1 0.9912109375 0.443359375 0.005859375 0.0068359375
1 0.3232421875 0.525390625 0.0361328125 0.04296875
1 0.3984375 0.4853515625 0.0205078125 0.0244140625
1 0.4365234375 0.466796875 0.01171875 0.0146484375
1 0.4755859375 0.4599609375 0.0087890625 0.01171875
1 0.521484375 0.4560546875 0.0078125 0.009765625
1 0.58203125 0.453125 0.0068359375 0.0087890625
1 0.646484375 0.4501953125 0.005859375 0.0078125
1 0.693359375 0.4482421875 0.0048828125 0.0068359375
1 0.685546875 0.4462890625 0.00390625 0.005859375
1 0.658203125 0.4453125 0.00390625 0.005859375
1 0.619140625 0.4443359375 0.00390625 0.0048828125
1 0.8486328125 0.4404296875 0.00390625 0.0048828125
1 0.8193359375 0.4404296875 0.00390625 0.00390625
1 0.7939453125 0.439453125 0.0029296875 0.0048828125
1 0.75 0.439453125 0.001953125 0.00390625
1 0.720703125 0.439453125 0.001953125 0.00390625
1 0.6689453125 0.439453125 0.001953125 0.001953125
1 0.62890625 0.439453125 0.001953125 0.0029296875
1 0.5986328125 0.439453125 0.0029296875 0.00390625
1 0.56640625 0.4404296875 0.001953125 0.00390625
1 0.53125 0.44140625 0.001953125 0.00390625
1 0.501953125 0.44140625 0.001953125 0.00390625
1 0.4814453125 0.443359375 0.0029296875 0.0048828125
1 0.4765625 0.443359375 0.00390625 0.00390625
1 0.50390625 0.443359375 0.0029296875 0.0048828125
1 0.5390625 0.4443359375 0.0029296875 0.0048828125
1 0.58203125 0.443359375 0.0029296875 0.0048828125
2 0.724609375 0.439453125 0.0029296875 0.00390625
2 0.7421875 0.4404296875 0.0029296875 0.00390625
2 0.7626953125 0.44140625 0.00390625 0.0048828125
2 0.7890625 0.44140625 0.00390625 0.005859375
2 0.81640625 0.4423828125 0.00390625 0.005859375
2 0.853515625 0.443359375 0.00390625 0.005859375
2 0.904296875 0.4443359375 0.0048828125 0.0068359375
2 0.982421875 0.4462890625 0.0068359375 0.0087890625
2 0.6962890625 0.4404296875 0.001953125 0.00390625
2 0.65625 0.4404296875 0.001953125 0.00390625
2 0.6181640625 0.4404296875 0.0029296875 0.00390625
2 0.576171875 0.44140625 0.0029296875 0.00390625
2 0.5419921875 0.44140625 0.001953125 0.00390625
2 0.5224609375 0.4423828125 0.001953125 0.00390625
2 0.5263671875 0.4423828125 0.0029296875 0.0048828125
2 0.5537109375 0.4423828125 0.0029296875 0.00390625
2 0.5947265625 0.4423828125 0.00390625 0.0048828125
2 0.6416015625 0.443359375 0.00390625 0.0048828125
2 0.6904296875 0.443359375 0.0029296875 0.0048828125
2 0.7294921875 0.4443359375 0.00390625 0.005859375
2 0.7607421875 0.4453125 0.00390625 0.005859375
2 0.7880859375 0.4462890625 0.0048828125 0.0078125
2 0.75 0.451171875 0.005859375 0.0087890625
2 0.703125 0.453125 0.0068359375 0.009765625
2 0.640625 0.45703125 0.0078125 0.0107421875
2 0.611328125 0.462890625 0.0107421875 0.0146484375
2 0.63671875 0.470703125 0.0126953125 0.017578125
2 0.701171875 0.486328125 0.0224609375 0.025390625
2 0.9052734375 0.5390625 0.048828125 0.052734375