2 0.3740234375 0.52734375 0.052734375 0.056640625
2 0.208984375 0.4638671875 0.025390625 0.0302734375
2 0.1376953125 0.4384765625 0.0166015625 0.0205078125
2 0.1005859375 0.4248046875 0.0126953125 0.0146484375
2 0.083984375 0.4169921875 0.009765625 0.01171875
2 0.095703125 0.4130859375 0.0087890625 0.0107421875
2 0.13671875 0.4111328125 0.0078125 0.0087890625
2 0.216796875 0.4130859375 0.0068359375 0.0078125
2 0.2998046875 0.4150390625 0.005859375 0.0078125
2 0.38671875 0.4189453125 0.005859375 0.0078125
2 0.4296875 0.4228515625 0.005859375 0.0087890625
2 0.4599609375 0.4267578125 0.0078125 0.009765625
2 0.482421875 0.4326171875 0.0087890625 0.01171875
2 0.4833984375 0.44140625 0.0107421875 0.013671875
2 0.513671875 0.4541015625 0.0166015625 0.021484375
2 0.603515625 0.4794921875 0.0234375 0.0302734375
2 0.8369140625 0.5166015625 0.0390625 0.04296875
1 0.07421875 0.40625 0.0068359375 0.0078125
1 0.1767578125 0.4091796875 0.0068359375 0.0068359375
1 0.2783203125 0.412109375 0.005859375 0.0068359375
1 0.376953125 0.416015625 0.0048828125 0.005859375
1 0.4462890625 0.419921875 0.0048828125 0.0068359375
1 0.515625 0.4248046875 0.005859375 0.0078125
1 0.5859375 0.4306640625 0.0068359375 0.0087890625
1 0.6025390625 0.4345703125 0.0087890625 0.0107421875
1 0.62109375 0.44140625 0.009765625 0.0126953125
1 0.693359375 0.455078125 0.0146484375 0.017578125
1 0.8251953125 0.4736328125 0.0205078125 0.0234375