1 0.6240234375 0.4501953125 0.0078125 0.0087890625
1 0.7216796875 0.451171875 0.0087890625 0.0107421875
1 0.8662109375 0.4541015625 0.0107421875 0.01171875
1 0.3759765625 0.53125 0.0419921875 0.046875
1 0.4599609375 0.4873046875 0.0185546875 0.0244140625
1 0.3798828125 0.474609375 0.0146484375 0.0185546875
1 0.2734375 0.4677734375 0.0126953125 0.015625
1 0.16015625 0.4658203125 0.01171875 0.013671875
1 0.5546875 0.44921875 0.005859375 0.0078125
1 0.4951171875 0.4482421875 0.0048828125 0.0068359375
1 0.4462890625 0.447265625 0.0048828125 0.0068359375
1 0.365234375 0.4462890625 0.00390625 0.005859375
1 0.318359375 0.4462890625 0.00390625 0.0048828125
1 0.2353515625 0.447265625 0.00390625 0.005859375
1 0.1650390625 0.44921875 0.00390625 0.005859375
1 0.1044921875 0.4501953125 0.0048828125 0.0068359375
1 0.033203125 0.4521484375 0.005859375 0.0068359375
1 0.05078125 0.46484375 0.0107421875 0.0126953125
2 0.3388671875 0.4482421875 0.0048828125 0.0068359375
2 0.376953125 0.44921875 0.005859375 0.0078125
2 0.421875 0.4501953125 0.005859375 0.0078125
2 0.482421875 0.4521484375 0.0068359375 0.0087890625
2 0.546875 0.453125 0.0078125 0.009765625
2 0.6435546875 0.455078125 0.009765625 0.01171875
2 0.7890625 0.458984375 0.01171875 0.013671875
2 0.2890625 0.4482421875 0.0048828125 0.0068359375
2 0.2177734375 0.44921875 0.0048828125 0.0068359375
2 0.1455078125 0.4501953125 0.005859375 0.005859375
2 0.0556640625 0.453125 0.005859375 0.0078125
2 0.0927734375 0.458984375 0.0087890625 0.0107421875
2 0.2109375 0.458984375 0.0087890625 0.0107421875
2 0.326171875 0.458984375 0.009765625 0.01171875
2 0.427734375 0.4609375 0.009765625 0.0126953125
2 0.5283203125 0.4638671875 0.01171875 0.015625
2 0.650390625 0.470703125 0.015625 0.0185546875
2 0.7861328125 0.484375 0.021484375 0.0263671875
2 0.890625 0.517578125 0.0380859375 0.0439453125
0 0.60546875 0.44140625 0.005859375 0.0126953125
1 0.40234375 0.4462890625 0.0029296875 0.005859375