2 0.71875 0.4111328125 0.0029296875 0.0048828125
2 0.734375 0.4091796875 0.0029296875 0.00390625
2 0.697265625 0.4130859375 0.0029296875 0.00390625
2 0.669921875 0.4150390625 0.0029296875 0.00390625
2 0.6455078125 0.416015625 0.0029296875 0.00390625
2 0.6337890625 0.41796875 0.00390625 0.005859375
2 0.642578125 0.4189453125 0.00390625 0.005859375
2 0.677734375 0.4189453125 0.0048828125 0.0068359375
2 0.7333984375 0.4189453125 0.005859375 0.0078125
2 0.810546875 0.41796875 0.005859375 0.0087890625
2 0.8740234375 0.41796875 0.0078125 0.0107421875
2 0.9443359375 0.4208984375 0.0107421875 0.0126953125
2 0.9267578125 0.4482421875 0.0224609375 0.0244140625
2 0.7548828125 0.439453125 0.0146484375 0.017578125
2 0.6416015625 0.435546875 0.0107421875 0.013671875
2 0.572265625 0.43359375 0.0078125 0.0107421875
2 0.5380859375 0.4306640625 0.0068359375 0.009765625
2 0.55078125 0.4248046875 0.0048828125 0.0078125
2 0.560546875 0.4228515625 0.00390625 0.005859375
2 0.5693359375 0.4208984375 0.00390625 0.0048828125
2 0.5751953125 0.4189453125 0.0029296875 0.0048828125
2 0.5810546875 0.41796875 0.0029296875 0.00390625
2 0.5849609375 0.4169921875 0.001953125 0.00390625
2 0.58984375 0.416015625 0.001953125 0.00390625
2 0.5966796875 0.4150390625 0.001953125 0.00390625
2 0.6171875 0.4140625 0.001953125 0.00390625
2 0.6513671875 0.412109375 0.001953125 0.0029296875
2 0.6875 0.41015625 0.001953125 0.00390625
1 0.7001953125 0.4091796875 0.001953125 0.0029296875
1 0.73046875 0.4091796875 0.001953125 0.0029296875
1 0.76171875 0.408203125 0.001953125 0.0029296875
1 0.787109375 0.408203125 0.0029296875 0.00390625
1 0.76953125 0.4091796875 0.0029296875 0.00390625
1 0.7490234375 0.4111328125 0.0029296875 0.00390625
1 0.7236328125 0.412109375 0.0029296875 0.0048828125
1 0.703125 0.4150390625 0.0029296875 0.0048828125
1 0.708984375 0.416015625 0.00390625 0.005859375
1 0.8115234375 0.4130859375 0.0048828125 0.005859375
1 0.8876953125 0.4130859375 0.0068359375 0.0087890625
1 0.9609375 0.412109375 0.0078125 0.0087890625
1 0.6904296875 0.5048828125 0.0400390625 0.044921875
1 0.681640625 0.46484375 0.0205078125 0.0263671875
1 0.595703125 0.4501953125 0.0146484375 0.0185546875
1 0.501953125 0.443359375 0.0107421875 0.0146484375
1 0.4423828125 0.439453125 0.0078125 0.0107421875
1 0.4326171875 0.4345703125 0.005859375 0.0087890625
1 0.45703125 0.4306640625 0.005859375 0.0078125
1 0.48046875 0.427734375 0.0048828125 0.0068359375
1 0.4970703125 0.4248046875 0.00390625 0.005859375
1 0.51171875 0.4228515625 0.00390625 0.0048828125
1 0.5234375 0.4208984375 0.0029296875 0.0048828125
1 0.5341796875 0.419921875 0.0029296875 0.00390625
1 0.5380859375 0.41796875 0.001953125 0.00390625
1 0.544921875 0.41796875 0.001953125 0.00390625
1 0.552734375 0.4169921875 0.001953125 0.0029296875
1 0.56640625 0.416015625 0.001953125 0.0029296875
1 0.5927734375 0.4140625 0.001953125 0.0029296875
1 0.6279296875 0.4130859375 0.001953125 0.0029296875
1 0.66015625 0.4111328125 0.001953125 0.0029296875