2 0.7919921875 0.5146484375 0.0361328125 0.0400390625
2 0.6826171875 0.4755859375 0.017578125 0.021484375
2 0.64453125 0.4619140625 0.01171875 0.0146484375
2 0.625 0.455078125 0.0087890625 0.01171875
2 0.609375 0.4501953125 0.0068359375 0.009765625
2 0.599609375 0.447265625 0.0048828125 0.0068359375
2 0.59375 0.4443359375 0.00390625 0.0068359375
2 0.6015625 0.4423828125 0.0048828125 0.0068359375
2 0.625 0.44140625 0.00390625 0.005859375
2 0.67578125 0.4404296875 0.00390625 0.005859375
2 0.734375 0.4404296875 0.00390625 0.005859375
2 0.80078125 0.4404296875 0.00390625 0.005859375
2 0.8291015625 0.44140625 0.005859375 0.0068359375
2 0.84375 0.443359375 0.0048828125 0.0068359375
2 0.8408203125 0.4462890625 0.0068359375 0.0087890625
2 0.810546875 0.4482421875 0.0078125 0.009765625
2 0.7919921875 0.4521484375 0.0078125 0.0107421875
2 0.78515625 0.4580078125 0.0107421875 0.0146484375
2 0.830078125 0.462890625 0.0146484375 0.0166015625
2 0.9306640625 0.4716796875 0.01953125 0.0205078125
1 0.154296875 0.5869140625 0.0615234375 0.0693359375
1 0.3828125 0.4970703125 0.025390625 0.0302734375
1 0.4443359375 0.474609375 0.0146484375 0.01953125
1 0.470703125 0.462890625 0.0107421875 0.0146484375
1 0.48828125 0.4560546875 0.0087890625 0.01171875
1 0.5 0.451171875 0.0068359375 0.0087890625
1 0.5087890625 0.447265625 0.0048828125 0.0078125
1 0.515625 0.4453125 0.00390625 0.0068359375
1 0.51953125 0.443359375 0.00390625 0.005859375
1 0.5498046875 0.44140625 0.00390625 0.005859375
1 0.654296875 0.439453125 0.0029296875 0.0048828125
1 0.7255859375 0.439453125 0.00390625 0.0048828125
1 0.8056640625 0.439453125 0.00390625 0.0048828125
1 0.86328125 0.439453125 0.00390625 0.005859375
1 0.91796875 0.4404296875 0.005859375 0.0078125
1 0.97265625 0.443359375 0.0068359375 0.0078125
1 0.962890625 0.4453125 0.0078125 0.0087890625
1 0.9453125 0.447265625 0.0068359375 0.0087890625
1 0.9384765625 0.4521484375 0.0087890625 0.01171875
1 0.97265625 0.45703125 0.0126953125 0.0146484375