2 0.0068359375 0.4453125 0.01171875 0.013671875
2 0.1298828125 0.443359375 0.0087890625 0.0107421875
2 0.23828125 0.4423828125 0.0068359375 0.0087890625
2 0.2958984375 0.4404296875 0.005859375 0.0078125
2 0.3818359375 0.4306640625 0.0029296875 0.00390625
2 0.3779296875 0.4306640625 0.0029296875 0.00390625
2 0.4013671875 0.4296875 0.001953125 0.00390625
2 0.4345703125 0.4296875 0.001953125 0.0029296875
2 0.47265625 0.431640625 0.001953125 0.0029296875
2 0.5087890625 0.4326171875 0.001953125 0.00390625
2 0.51953125 0.43359375 0.001953125 0.00390625
2 0.5234375 0.4365234375 0.0029296875 0.0048828125
2 0.529296875 0.4375 0.0029296875 0.0048828125
2 0.533203125 0.439453125 0.00390625 0.005859375
2 0.5380859375 0.44140625 0.00390625 0.0068359375
2 0.54296875 0.443359375 0.0048828125 0.0068359375
2 0.5478515625 0.4462890625 0.005859375 0.0087890625
2 0.509765625 0.44921875 0.0068359375 0.009765625
2 0.4755859375 0.453125 0.0087890625 0.0126953125
2 0.5 0.458984375 0.0107421875 0.0146484375
2 0.5791015625 0.466796875 0.0146484375 0.0185546875
2 0.654296875 0.4873046875 0.0234375 0.02734375
2 0.845703125 0.564453125 0.060546875 0.0615234375
1 0.1162109375 0.486328125 0.02734375 0.0283203125
1 0.2021484375 0.46484375 0.0166015625 0.0185546875
1 0.1552734375 0.4560546875 0.0126953125 0.0146484375
1 0.1796875 0.44921875 0.0107421875 0.01171875
1 0.2626953125 0.4462890625 0.0078125 0.009765625
1 0.3603515625 0.4443359375 0.005859375 0.0078125
1 0.3935546875 0.44140625 0.0048828125 0.0068359375
1 0.3974609375 0.439453125 0.00390625 0.005859375
1 0.359375 0.4365234375 0.00390625 0.005859375
1 0.3515625 0.435546875 0.00390625 0.005859375
1 0.380859375 0.4345703125 0.0029296875 0.0048828125
1 0.423828125 0.4345703125 0.0029296875 0.0048828125
1 0.4384765625 0.4345703125 0.001953125 0.00390625
1 0.4345703125 0.4326171875 0.0029296875 0.00390625
1 0.4228515625 0.431640625 0.001953125 0.00390625
1 0.4189453125 0.431640625 0.001953125 0.00390625
1 0.4296875 0.431640625 0.001953125 0.00390625
1 0.453125 0.431640625 0.001953125 0.0029296875
1 0.4736328125 0.431640625 0.001953125 0.0029296875
1 0.4833984375 0.43359375 0.001953125 0.00390625
1 0.4814453125 0.4375 0.0029296875 0.0048828125
1 0.4775390625 0.439453125 0.00390625 0.005859375
1 0.47265625 0.4423828125 0.0048828125 0.0078125
1 0.4599609375 0.4453125 0.0068359375 0.0087890625
1 0.39453125 0.44921875 0.0078125 0.009765625
1 0.359375 0.4521484375 0.0078125 0.01171875
1 0.3505859375 0.4580078125 0.009765625 0.013671875
1 0.3681640625 0.466796875 0.013671875 0.0185546875
1 0.3740234375 0.4853515625 0.0205078125 0.025390625
1 0.2744140625 0.55859375 0.0556640625 0.0625
2 0.2685546875 0.4326171875 0.0048828125 0.0078125
2 0.27734375 0.43359375 0.00390625 0.0078125
2 0.31640625 0.4326171875 0.0048828125 0.0068359375