2 0.8623046875 0.4453125 0.0068359375 0.0087890625
2 0.9287109375 0.4462890625 0.0078125 0.009765625
2 0.9931640625 0.44921875 0.009765625 0.0107421875
2 0.73046875 0.5078125 0.03125 0.0380859375
2 0.6435546875 0.4765625 0.0166015625 0.0224609375
2 0.6015625 0.462890625 0.01171875 0.015625
2 0.58203125 0.4560546875 0.0087890625 0.0107421875
2 0.578125 0.451171875 0.0068359375 0.0087890625
2 0.6123046875 0.4482421875 0.005859375 0.0078125
2 0.68359375 0.4462890625 0.005859375 0.0078125
2 0.76953125 0.4453125 0.005859375 0.0078125
1 0.7666015625 0.443359375 0.00390625 0.005859375
1 0.849609375 0.443359375 0.005859375 0.0068359375
1 0.9521484375 0.4443359375 0.005859375 0.0078125
1 0.3330078125 0.5126953125 0.033203125 0.0361328125
1 0.41015625 0.4755859375 0.0146484375 0.01953125
1 0.42578125 0.46484375 0.0107421875 0.0146484375
1 0.4423828125 0.45703125 0.0087890625 0.01171875
1 0.4580078125 0.4521484375 0.0078125 0.0087890625
1 0.486328125 0.44921875 0.005859375 0.0078125
1 0.541015625 0.4462890625 0.005859375 0.0078125
1 0.6787109375 0.443359375 0.0048828125 0.005859375