2 0.5126953125 0.4296875 0.0078125 0.0107421875
2 0.5859375 0.4345703125 0.0087890625 0.0107421875
2 0.669921875 0.4423828125 0.0107421875 0.0126953125
2 0.7607421875 0.455078125 0.013671875 0.0166015625
2 0.876953125 0.474609375 0.0205078125 0.0224609375
2 0.5625 0.591796875 0.05859375 0.064453125
2 0.251953125 0.48046875 0.033203125 0.0380859375
2 0.16796875 0.4462890625 0.01953125 0.0234375
2 0.1455078125 0.4306640625 0.0146484375 0.0166015625
2 0.1982421875 0.4228515625 0.0107421875 0.0126953125
2 0.30078125 0.4228515625 0.0087890625 0.0107421875
2 0.4091796875 0.42578125 0.0078125 0.009765625
1 0.3935546875 0.421875 0.005859375 0.0078125
1 0.484375 0.42578125 0.0068359375 0.0087890625
1 0.5849609375 0.4287109375 0.0048828125 0.0068359375
1 0.6904296875 0.4375 0.0078125 0.0087890625
1 0.7822265625 0.4443359375 0.0087890625 0.0107421875
1 0.876953125 0.455078125 0.0126953125 0.0146484375
1 0.0673828125 0.416015625 0.0107421875 0.01171875
1 0.19140625 0.4169921875 0.0078125 0.009765625
1 0.2841796875 0.41796875 0.0068359375 0.0087890625