1 0.1435546875 0.453125 0.0234375 0.0263671875
1 0.2255859375 0.439453125 0.0166015625 0.0185546875
1 0.1630859375 0.4287109375 0.013671875 0.015625
1 0.0810546875 0.4189453125 0.0107421875 0.0126953125
1 0.0732421875 0.4140625 0.0087890625 0.0107421875
1 0.1005859375 0.412109375 0.0078125 0.0087890625
1 0.1455078125 0.41015625 0.005859375 0.0087890625
1 0.1787109375 0.41015625 0.005859375 0.0068359375
1 0.115234375 0.4052734375 0.005859375 0.0068359375
1 0.1337890625 0.404296875 0.00390625 0.005859375
1 0.1728515625 0.4052734375 0.00390625 0.005859375
1 0.2236328125 0.4052734375 0.0029296875 0.00390625
1 0.28125 0.408203125 0.00390625 0.0048828125
1 0.3291015625 0.41015625 0.0029296875 0.0048828125
1 0.3662109375 0.412109375 0.0029296875 0.00390625
1 0.4287109375 0.416015625 0.0029296875 0.00390625
1 0.4716796875 0.419921875 0.00390625 0.005859375
1 0.5224609375 0.4248046875 0.0048828125 0.0068359375
1 0.5732421875 0.4287109375 0.005859375 0.0078125
1 0.6357421875 0.4345703125 0.005859375 0.0087890625
1 0.7119140625 0.44140625 0.0068359375 0.0087890625
1 0.8388671875 0.453125 0.009765625 0.01171875
2 0.4541015625 0.4970703125 0.03125 0.0390625
2 0.4306640625 0.4609375 0.0205078125 0.025390625
2 0.3994140625 0.4423828125 0.013671875 0.0185546875
2 0.3173828125 0.431640625 0.0107421875 0.0146484375
2 0.236328125 0.4228515625 0.009765625 0.0126953125
2 0.197265625 0.41796875 0.0078125 0.0107421875
2 0.212890625 0.416015625 0.0078125 0.0087890625
2 0.2421875 0.4140625 0.005859375 0.0078125
2 0.2578125 0.4130859375 0.005859375 0.0078125
2 0.22265625 0.41015625 0.0048828125 0.0068359375
2 0.2626953125 0.4091796875 0.00390625 0.005859375
2 0.318359375 0.4111328125 0.00390625 0.005859375
2 0.3544921875 0.4130859375 0.00390625 0.005859375
2 0.384765625 0.4150390625 0.00390625 0.005859375
2 0.404296875 0.4169921875 0.00390625 0.0068359375
2 0.4248046875 0.419921875 0.0048828125 0.0068359375
2 0.4521484375 0.4228515625 0.005859375 0.0078125
2 0.494140625 0.4267578125 0.005859375 0.0087890625
2 0.5478515625 0.4326171875 0.0078125 0.0107421875
2 0.615234375 0.439453125 0.0087890625 0.01171875
2 0.7197265625 0.451171875 0.01171875 0.0146484375
2 0.923828125 0.47265625 0.0185546875 0.0205078125