1 0.3037109375 0.5380859375 0.044921875 0.0498046875
1 0.4013671875 0.490234375 0.01953125 0.0244140625
1 0.443359375 0.4716796875 0.0126953125 0.015625
1 0.46484375 0.4619140625 0.0087890625 0.0126953125
1 0.48046875 0.4560546875 0.0078125 0.009765625
1 0.498046875 0.453125 0.005859375 0.0078125
1 0.546875 0.44921875 0.0048828125 0.0078125
1 0.5771484375 0.4482421875 0.00390625 0.005859375
1 0.57421875 0.447265625 0.00390625 0.005859375
1 0.5126953125 0.4462890625 0.00390625 0.005859375
1 0.501953125 0.4462890625 0.00390625 0.0048828125
1 0.5048828125 0.443359375 0.0029296875 0.00390625
1 0.5068359375 0.443359375 0.0029296875 0.00390625
1 0.517578125 0.443359375 0.0029296875 0.00390625
1 0.541015625 0.4423828125 0.001953125 0.00390625
1 0.56640625 0.44140625 0.001953125 0.0029296875
1 0.58984375 0.44140625 0.001953125 0.00390625
1 0.615234375 0.44140625 0.0029296875 0.00390625
1 0.650390625 0.4404296875 0.001953125 0.00390625
1 0.7392578125 0.439453125 0.001953125 0.00390625
1 0.7802734375 0.4384765625 0.0029296875 0.00390625
1 0.822265625 0.439453125 0.0029296875 0.00390625
1 0.884765625 0.4384765625 0.0029296875 0.0048828125
1 0.9384765625 0.4404296875 0.00390625 0.005859375
1 0.9873046875 0.4404296875 0.00390625 0.0068359375
2 0.857421875 0.5302734375 0.0439453125 0.0498046875
2 0.703125 0.486328125 0.0224609375 0.0263671875
2 0.6455078125 0.4697265625 0.013671875 0.0166015625
2 0.6142578125 0.4599609375 0.0087890625 0.0126953125
2 0.59765625 0.4541015625 0.0078125 0.009765625
2 0.60546875 0.451171875 0.005859375 0.0087890625
2 0.6533203125 0.447265625 0.005859375 0.0078125
2 0.615234375 0.4453125 0.0048828125 0.005859375
2 0.5673828125 0.4453125 0.00390625 0.005859375
2 0.560546875 0.4443359375 0.00390625 0.0048828125
2 0.556640625 0.443359375 0.0029296875 0.00390625
2 0.5771484375 0.4423828125 0.0029296875 0.00390625
2 0.6123046875 0.44140625 0.0029296875 0.00390625
2 0.646484375 0.4404296875 0.00390625 0.00390625
2 0.6884765625 0.4404296875 0.00390625 0.00390625
2 0.7333984375 0.439453125 0.0029296875 0.0048828125
2 0.9306640625 0.4658203125 0.0146484375 0.017578125
2 0.908203125 0.458984375 0.01171875 0.013671875
2 0.95703125 0.4541015625 0.0107421875 0.0126953125
2 0.9931640625 0.451171875 0.0087890625 0.0107421875
2 0.990234375 0.4443359375 0.0068359375 0.0087890625
2 0.94140625 0.443359375 0.005859375 0.0078125
2 0.89453125 0.4423828125 0.0048828125 0.0068359375
2 0.8544921875 0.44140625 0.0048828125 0.005859375
2 0.8193359375 0.4404296875 0.00390625 0.0048828125
2 0.7958984375 0.4404296875 0.00390625 0.0048828125
2 0.765625 0.439453125 0.00390625 0.0048828125