2 0.470703125 0.453125 0.017578125 0.0205078125
2 0.095703125 0.44921875 0.0224609375 0.025390625
2 0.2529296875 0.474609375 0.029296875 0.033203125
2 0.732421875 0.47265625 0.0205078125 0.0244140625
2 0.2705078125 0.4375 0.015625 0.017578125
2 0.498046875 0.5537109375 0.0546875 0.0625
2 0.1259765625 0.427734375 0.013671875 0.0146484375
1 0.3740234375 0.43359375 0.01171875 0.0126953125
2 0.0048828125 0.41796875 0.0087890625 0.013671875
1 0.232421875 0.4248046875 0.0107421875 0.01171875
1 0.029296875 0.4111328125 0.009765625 0.009765625
1 0.5478515625 0.4453125 0.0126953125 0.0146484375
1 0.8017578125 0.4619140625 0.015625 0.017578125
1 0.1279296875 0.4189453125 0.0078125 0.0087890625