1 0.0087890625 0.4208984375 0.01171875 0.013671875
1 0.0703125 0.4189453125 0.009765625 0.0107421875
1 0.0634765625 0.4169921875 0.0087890625 0.009765625
1 0.0009765625 0.404296875 0.001953125 0.005859375
1 0.0439453125 0.4052734375 0.00390625 0.0048828125
1 0.083984375 0.40625 0.0048828125 0.0048828125
1 0.123046875 0.4072265625 0.00390625 0.0048828125
1 0.173828125 0.4091796875 0.0029296875 0.00390625
1 0.2216796875 0.4111328125 0.0029296875 0.00390625
1 0.2841796875 0.4130859375 0.0029296875 0.00390625
1 0.330078125 0.4150390625 0.0029296875 0.00390625
1 0.3740234375 0.4169921875 0.0029296875 0.00390625
1 0.41015625 0.4189453125 0.001953125 0.0029296875
1 0.4404296875 0.4208984375 0.00390625 0.0048828125
1 0.494140625 0.4248046875 0.00390625 0.0048828125
1 0.541015625 0.427734375 0.00390625 0.005859375
1 0.6171875 0.43359375 0.00390625 0.005859375
1 0.6923828125 0.439453125 0.005859375 0.0078125
1 0.7333984375 0.443359375 0.0068359375 0.0087890625
1 0.7578125 0.4482421875 0.0087890625 0.0107421875
1 0.7939453125 0.45703125 0.01171875 0.0146484375
2 0.330078125 0.5078125 0.041015625 0.046875
2 0.1796875 0.4560546875 0.021484375 0.025390625
2 0.1259765625 0.4365234375 0.0146484375 0.0185546875
2 0.1328125 0.427734375 0.0126953125 0.0166015625
2 0.205078125 0.4248046875 0.0087890625 0.01171875
2 0.2001953125 0.419921875 0.0068359375 0.009765625
2 0.134765625 0.416015625 0.0068359375 0.0078125
2 0.0498046875 0.412109375 0.005859375 0.0078125
2 0.0361328125 0.4091796875 0.005859375 0.0078125
2 0.029296875 0.4072265625 0.0048828125 0.0068359375
2 0.0634765625 0.4072265625 0.0048828125 0.005859375
2 0.1201171875 0.408203125 0.00390625 0.005859375
2 0.169921875 0.41015625 0.00390625 0.0048828125
2 0.2255859375 0.412109375 0.00390625 0.0048828125
2 0.2802734375 0.4140625 0.00390625 0.0048828125
2 0.73046875 0.48046875 0.0234375 0.0263671875
2 0.615234375 0.4599609375 0.0146484375 0.0185546875
2 0.6201171875 0.4501953125 0.0107421875 0.0146484375
2 0.6103515625 0.4384765625 0.0078125 0.009765625
2 0.568359375 0.43359375 0.0068359375 0.0078125
2 0.5166015625 0.4296875 0.005859375 0.0078125
2 0.466796875 0.42578125 0.0048828125 0.0068359375
2 0.421875 0.4228515625 0.00390625 0.005859375
2 0.380859375 0.419921875 0.00390625 0.005859375
2 0.353515625 0.41796875 0.00390625 0.0048828125
2 0.318359375 0.416015625 0.0029296875 0.0048828125