1 0.7509765625 0.4482421875 0.0029296875 0.00390625
1 0.775390625 0.44921875 0.00390625 0.0048828125
1 0.8046875 0.4501953125 0.0048828125 0.005859375
1 0.8408203125 0.4521484375 0.00390625 0.005859375
1 0.8876953125 0.4541015625 0.005859375 0.0068359375
1 0.951171875 0.45703125 0.0078125 0.0087890625
1 0.2392578125 0.5400390625 0.046875 0.052734375
1 0.3740234375 0.490234375 0.0224609375 0.0263671875
1 0.421875 0.4736328125 0.013671875 0.017578125
1 0.4453125 0.46484375 0.009765625 0.0126953125
1 0.4599609375 0.458984375 0.0078125 0.0107421875
1 0.4697265625 0.4560546875 0.005859375 0.0078125
1 0.4765625 0.453125 0.0048828125 0.0068359375
1 0.48046875 0.451171875 0.00390625 0.005859375
1 0.4853515625 0.44921875 0.00390625 0.005859375
1 0.4892578125 0.4482421875 0.0029296875 0.0048828125
1 0.4931640625 0.4453125 0.0029296875 0.00390625
1 0.509765625 0.4443359375 0.001953125 0.0029296875
1 0.5400390625 0.4443359375 0.001953125 0.0029296875
1 0.5791015625 0.4443359375 0.001953125 0.00390625
1 0.6123046875 0.4443359375 0.001953125 0.0029296875
1 0.6494140625 0.4453125 0.001953125 0.0029296875
1 0.6796875 0.4453125 0.001953125 0.0029296875
1 0.69921875 0.4462890625 0.001953125 0.0029296875
1 0.71484375 0.4462890625 0.001953125 0.00390625
2 0.6533203125 0.4453125 0.001953125 0.00390625
2 0.6640625 0.4462890625 0.001953125 0.00390625
2 0.67578125 0.447265625 0.0029296875 0.00390625
2 0.6904296875 0.4482421875 0.0029296875 0.0048828125
2 0.7080078125 0.44921875 0.0029296875 0.0048828125
2 0.7294921875 0.4501953125 0.00390625 0.005859375
2 0.755859375 0.4521484375 0.0048828125 0.005859375
2 0.7900390625 0.4541015625 0.005859375 0.0078125
2 0.8359375 0.45703125 0.005859375 0.0087890625
2 0.8984375 0.4609375 0.0078125 0.0107421875
2 0.9931640625 0.466796875 0.0107421875 0.0126953125
2 0.9267578125 0.5458984375 0.046875 0.052734375
2 0.7236328125 0.4921875 0.021484375 0.0263671875
2 0.65625 0.4755859375 0.013671875 0.0185546875
2 0.6201171875 0.4658203125 0.009765625 0.0126953125
2 0.5986328125 0.4599609375 0.0078125 0.0107421875
2 0.583984375 0.45703125 0.005859375 0.0087890625
2 0.5732421875 0.4541015625 0.005859375 0.0078125
2 0.5654296875 0.451171875 0.0048828125 0.0068359375
2 0.5595703125 0.4501953125 0.00390625 0.005859375
2 0.5546875 0.4482421875 0.0029296875 0.0048828125
2 0.5498046875 0.447265625 0.001953125 0.00390625
2 0.546875 0.4462890625 0.0029296875 0.00390625
2 0.5439453125 0.4462890625 0.0029296875 0.00390625
2 0.556640625 0.4453125 0.001953125 0.00390625
2 0.58984375 0.4443359375 0.001953125 0.00390625
2 0.6259765625 0.4453125 0.0029296875 0.00390625