2 0.3740234375 0.5087890625 0.0400390625 0.0478515625
2 0.296875 0.4599609375 0.021484375 0.0263671875
2 0.255859375 0.4375 0.0146484375 0.0185546875
2 0.23828125 0.4267578125 0.009765625 0.013671875
2 0.2275390625 0.4208984375 0.0087890625 0.0107421875
2 0.21875 0.416015625 0.005859375 0.0087890625
2 0.2119140625 0.4130859375 0.00390625 0.0068359375
2 0.208984375 0.41015625 0.00390625 0.0068359375
2 0.21875 0.4091796875 0.0048828125 0.005859375
2 0.24609375 0.4091796875 0.00390625 0.005859375
2 0.296875 0.41015625 0.00390625 0.005859375
2 0.3515625 0.412109375 0.00390625 0.0048828125
2 0.4052734375 0.4150390625 0.00390625 0.0048828125
2 0.42578125 0.416015625 0.00390625 0.005859375
2 0.4326171875 0.41796875 0.00390625 0.005859375
2 0.427734375 0.419921875 0.0048828125 0.0068359375
2 0.3994140625 0.4208984375 0.005859375 0.0078125
2 0.3779296875 0.423828125 0.0068359375 0.009765625
2 0.3642578125 0.4267578125 0.0087890625 0.01171875
2 0.388671875 0.431640625 0.009765625 0.0126953125
2 0.443359375 0.4384765625 0.01171875 0.0146484375
2 0.5888671875 0.4501953125 0.0146484375 0.0185546875
2 0.8271484375 0.46875 0.0205078125 0.0224609375
1 0.015625 0.431640625 0.01953125 0.01953125
1 0.052734375 0.421875 0.013671875 0.0146484375
1 0.078125 0.4169921875 0.0107421875 0.01171875
1 0.0947265625 0.412109375 0.0078125 0.009765625
1 0.1083984375 0.4091796875 0.0068359375 0.0078125
1 0.1181640625 0.4072265625 0.0048828125 0.0068359375
1 0.125 0.4052734375 0.0048828125 0.005859375
1 0.2119140625 0.40625 0.00390625 0.005859375
1 0.2763671875 0.408203125 0.00390625 0.0048828125
1 0.3447265625 0.4111328125 0.0029296875 0.00390625
1 0.412109375 0.4140625 0.0029296875 0.00390625
1 0.4541015625 0.416015625 0.0029296875 0.00390625
1 0.4892578125 0.41796875 0.00390625 0.0048828125
1 0.521484375 0.4208984375 0.00390625 0.005859375
1 0.5107421875 0.421875 0.0048828125 0.0068359375
1 0.494140625 0.423828125 0.005859375 0.0078125
1 0.4814453125 0.4267578125 0.0068359375 0.0087890625
1 0.494140625 0.4306640625 0.0078125 0.0107421875
1 0.5390625 0.4365234375 0.0107421875 0.0126953125
1 0.66015625 0.4462890625 0.01171875 0.0146484375
1 0.8623046875 0.4599609375 0.0146484375 0.0166015625