2 0.212890625 0.4931640625 0.0400390625 0.044921875
1 0.169921875 0.4140625 0.0087890625 0.0107421875
1 0.2763671875 0.4208984375 0.009765625 0.0107421875
1 0.48046875 0.4404296875 0.01171875 0.0146484375
1 0.6484375 0.4560546875 0.0146484375 0.017578125
1 0.9619140625 0.486328125 0.0234375 0.025390625
1 0.359375 0.4287109375 0.009765625 0.0126953125
2 0.044921875 0.4130859375 0.009765625 0.01171875
2 0.15625 0.419921875 0.0107421875 0.013671875
2 0.2421875 0.4296875 0.01171875 0.0146484375
2 0.3515625 0.443359375 0.015625 0.01953125
2 0.5419921875 0.4658203125 0.0224609375 0.0263671875
2 0.9052734375 0.5126953125 0.033203125 0.0390625
1 0.0087890625 0.3955078125 0.0029296875 0.00390625
1 0.0283203125 0.396484375 0.00390625 0.00390625
1 0.0419921875 0.3974609375 0.00390625 0.00390625
1 0.01171875 0.3974609375 0.00390625 0.005859375
1 0.0546875 0.408203125 0.0087890625 0.009765625