2 0.283203125 0.4794921875 0.0283203125 0.033203125
2 0.44921875 0.5419921875 0.0517578125 0.05859375
2 0.3037109375 0.453125 0.017578125 0.0205078125
2 0.380859375 0.443359375 0.01171875 0.0146484375
1 0.171875 0.4375 0.013671875 0.015625
1 0.0400390625 0.443359375 0.0185546875 0.0205078125
2 0.427734375 0.4384765625 0.0087890625 0.0126953125
1 0.2763671875 0.4326171875 0.0107421875 0.0126953125
2 0.849609375 0.455078125 0.009765625 0.0126953125
1 0.2138671875 0.41796875 0.005859375 0.0078125
2 0.4619140625 0.435546875 0.0078125 0.0107421875
2 0.3623046875 0.423828125 0.005859375 0.0078125
2 0.41796875 0.4228515625 0.00390625 0.005859375
1 0.31640625 0.4267578125 0.0068359375 0.0087890625
1 0.2724609375 0.421875 0.005859375 0.0078125
2 0.4453125 0.431640625 0.0068359375 0.0087890625
1 0.333984375 0.4296875 0.0078125 0.009765625
2 0.7470703125 0.4462890625 0.0087890625 0.0107421875
2 0.99609375 0.4736328125 0.0068359375 0.0166015625
2 0.4052734375 0.427734375 0.0068359375 0.0078125
2 0.640625 0.439453125 0.0068359375 0.0087890625
1 0.6220703125 0.4345703125 0.0048828125 0.0068359375
2 0.3095703125 0.4208984375 0.005859375 0.0068359375
1 0.4736328125 0.4248046875 0.00390625 0.005859375
2 0.4951171875 0.4287109375 0.0048828125 0.0068359375
1 0.80859375 0.4462890625 0.0078125 0.009765625
2 0.5546875 0.43359375 0.0048828125 0.0078125
1 0.154296875 0.416015625 0.005859375 0.0068359375
2 0.2421875 0.4169921875 0.005859375 0.0068359375
1 0.931640625 0.455078125 0.0087890625 0.0107421875
2 0.384765625 0.4208984375 0.00390625 0.005859375
1 0.0693359375 0.4072265625 0.00390625 0.0048828125
2 0.4501953125 0.4248046875 0.00390625 0.005859375
2 0.173828125 0.4140625 0.005859375 0.0068359375
2 0.359375 0.41796875 0.00390625 0.0048828125
1 0.439453125 0.421875 0.00390625 0.0048828125
2 0.0869140625 0.408203125 0.00390625 0.005859375
1 0.08203125 0.412109375 0.0048828125 0.0068359375
1 0.0185546875 0.4091796875 0.005859375 0.0078125
2 0.0625 0.4091796875 0.0048828125 0.005859375
1 0.4111328125 0.419921875 0.0029296875 0.0048828125
2 0.3359375 0.4169921875 0.00390625 0.0048828125
2 0.251953125 0.4130859375 0.00390625 0.0048828125
2 0.3017578125 0.4150390625 0.0029296875 0.00390625
1 0.708984375 0.4404296875 0.005859375 0.0078125
2 0.107421875 0.4111328125 0.0048828125 0.0068359375
2 0.201171875 0.412109375 0.00390625 0.0048828125
2 0.0546875 0.408203125 0.0048828125 0.005859375
1 0.265625 0.4130859375 0.0029296875 0.00390625
1 0.125 0.408203125 0.00390625 0.0048828125
1 0.326171875 0.4150390625 0.0029296875 0.00390625
2 0.1416015625 0.41015625 0.00390625 0.0048828125
1 0.2138671875 0.4111328125 0.0029296875 0.00390625
1 0.1728515625 0.41015625 0.0029296875 0.00390625
1 0.55859375 0.4306640625 0.0048828125 0.0048828125
1 0.0166015625 0.404296875 0.0048828125 0.005859375
0 0.4453125 0.4228515625 0.0048828125 0.0107421875
0 0.4521484375 0.423828125 0.0078125 0.0107421875