2 0.9111328125 0.5595703125 0.0595703125 0.0625
2 0.671875 0.4921875 0.025390625 0.029296875
2 0.5498046875 0.4736328125 0.0166015625 0.0205078125
2 0.4130859375 0.4638671875 0.01171875 0.0146484375
2 0.2958984375 0.4609375 0.0107421875 0.0126953125
2 0.189453125 0.4599609375 0.009765625 0.0126953125
2 0.0888671875 0.4580078125 0.0087890625 0.0107421875
2 0.05078125 0.455078125 0.0078125 0.0107421875
2 0.0517578125 0.4501953125 0.0048828125 0.0068359375
2 0.0595703125 0.4501953125 0.0048828125 0.0078125
2 0.064453125 0.4482421875 0.00390625 0.005859375
2 0.0693359375 0.447265625 0.00390625 0.0048828125
2 0.0732421875 0.4453125 0.00390625 0.0048828125
2 0.076171875 0.4423828125 0.0029296875 0.00390625
2 0.0791015625 0.443359375 0.0029296875 0.00390625
2 0.0888671875 0.4423828125 0.0029296875 0.00390625
2 0.111328125 0.44140625 0.0029296875 0.00390625
2 0.150390625 0.4404296875 0.001953125 0.00390625
2 0.1904296875 0.4404296875 0.001953125 0.0029296875
2 0.2255859375 0.4404296875 0.001953125 0.0029296875
2 0.232421875 0.4404296875 0.0029296875 0.00390625
2 0.23046875 0.4404296875 0.001953125 0.0029296875
2 0.2158203125 0.44140625 0.001953125 0.00390625
2 0.1865234375 0.4423828125 0.0029296875 0.00390625
2 0.1611328125 0.4443359375 0.0029296875 0.00390625
2 0.140625 0.443359375 0.0029296875 0.0048828125
2 0.1416015625 0.4453125 0.00390625 0.005859375
2 0.1552734375 0.4462890625 0.00390625 0.005859375
2 0.1962890625 0.447265625 0.00390625 0.005859375
2 0.2529296875 0.447265625 0.00390625 0.0068359375
2 0.3115234375 0.447265625 0.0048828125 0.0078125
2 0.375 0.4482421875 0.005859375 0.0078125
2 0.423828125 0.4501953125 0.0068359375 0.0087890625
2 0.4814453125 0.453125 0.0087890625 0.0107421875
2 0.5654296875 0.45703125 0.0107421875 0.0126953125
2 0.685546875 0.462890625 0.013671875 0.0166015625
2 0.900390625 0.4736328125 0.021484375 0.0224609375
1 0.1767578125 0.5927734375 0.05859375 0.060546875
1 0.3173828125 0.4990234375 0.0263671875 0.0302734375
1 0.2548828125 0.4765625 0.017578125 0.01953125
1 0.173828125 0.46875 0.013671875 0.015625
1 0.01953125 0.4658203125 0.013671875 0.0146484375
1 0.001953125 0.4462890625 0.0029296875 0.0048828125
1 0.0107421875 0.4453125 0.0029296875 0.0048828125
1 0.0185546875 0.4443359375 0.0029296875 0.0029296875
1 0.0244140625 0.443359375 0.001953125 0.0029296875
1 0.0517578125 0.4423828125 0.001953125 0.0029296875
1 0.140625 0.4404296875 0.0029296875 0.00390625
1 0.23828125 0.439453125 0.001953125 0.0029296875
1 0.263671875 0.439453125 0.001953125 0.0029296875
1 0.27734375 0.439453125 0.001953125 0.0029296875
1 0.2880859375 0.439453125 0.0029296875 0.00390625
1 0.2705078125 0.4404296875 0.0029296875 0.00390625
1 0.2470703125 0.44140625 0.0029296875 0.00390625
1 0.220703125 0.4423828125 0.0029296875 0.00390625
1 0.2119140625 0.443359375 0.00390625 0.0048828125
1 0.216796875 0.4443359375 0.0029296875 0.00390625
1 0.2509765625 0.4443359375 0.00390625 0.0048828125
1 0.310546875 0.443359375 0.00390625 0.00390625
1 0.3798828125 0.4453125 0.0048828125 0.0068359375
1 0.447265625 0.4453125 0.005859375 0.0078125
1 0.49609375 0.447265625 0.005859375 0.0078125
1 0.5654296875 0.4462890625 0.0048828125 0.00390625
1 0.650390625 0.4521484375 0.0087890625 0.01171875
1 0.7890625 0.4580078125 0.0107421875 0.013671875