1 0.259765625 0.529296875 0.041015625 0.044921875
2 0.892578125 0.4912109375 0.0244140625 0.02734375
2 0.9677734375 0.4736328125 0.0166015625 0.01953125
1 0.548828125 0.4775390625 0.0166015625 0.0205078125
2 0.859375 0.5498046875 0.05078125 0.05859375
2 0.921875 0.462890625 0.01171875 0.0146484375
2 0.7548828125 0.4521484375 0.0078125 0.0107421875
2 0.8125 0.45703125 0.0087890625 0.0107421875
1 0.6982421875 0.46875 0.013671875 0.0166015625
1 0.63671875 0.4560546875 0.0078125 0.0107421875
2 0.7900390625 0.44921875 0.005859375 0.0078125
1 0.705078125 0.4619140625 0.0087890625 0.0126953125
2 0.8603515625 0.44921875 0.005859375 0.0078125
1 0.7177734375 0.447265625 0.0048828125 0.0068359375
1 0.6279296875 0.451171875 0.005859375 0.0087890625
1 0.931640625 0.4482421875 0.005859375 0.0068359375
1 0.818359375 0.447265625 0.0048828125 0.005859375
1 0.6640625 0.44921875 0.005859375 0.0078125
2 0.939453125 0.4501953125 0.005859375 0.0087890625