2 0.1708984375 0.466796875 0.0205078125 0.0234375
2 0.41015625 0.44921875 0.0146484375 0.0185546875
2 0.5 0.4375 0.0107421875 0.0146484375
2 0.5478515625 0.4287109375 0.0087890625 0.0126953125
2 0.5927734375 0.4228515625 0.0078125 0.0107421875
2 0.6953125 0.416015625 0.0068359375 0.009765625
2 0.8056640625 0.412109375 0.0078125 0.009765625
2 0.9228515625 0.4091796875 0.0068359375 0.009765625
1 0.40234375 0.482421875 0.02734375 0.033203125
1 0.6162109375 0.4560546875 0.0205078125 0.0224609375
1 0.6845703125 0.4384765625 0.0146484375 0.017578125
1 0.6796875 0.4287109375 0.009765625 0.013671875
1 0.7021484375 0.4228515625 0.0087890625 0.0107421875
1 0.759765625 0.41796875 0.009765625 0.01171875
1 0.8466796875 0.4150390625 0.0087890625 0.0107421875
1 0.916015625 0.4150390625 0.009765625 0.01171875
1 0.951171875 0.41796875 0.01171875 0.013671875
1 0.939453125 0.4248046875 0.0126953125 0.0146484375
1 0.921875 0.4345703125 0.0166015625 0.0185546875
1 0.8857421875 0.458984375 0.0244140625 0.029296875
1 0.736328125 0.5263671875 0.05078125 0.056640625