2 0.072265625 0.4228515625 0.013671875 0.015625
2 0.1640625 0.43359375 0.015625 0.0185546875
2 0.3369140625 0.453125 0.0205078125 0.0234375
2 0.638671875 0.4873046875 0.029296875 0.0341796875
2 0.6201171875 0.587890625 0.06640625 0.072265625
2 0.2587890625 0.51171875 0.0478515625 0.0517578125
2 0.0185546875 0.4775390625 0.037109375 0.0400390625
1 0.009765625 0.408203125 0.009765625 0.0107421875
1 0.095703125 0.412109375 0.0087890625 0.0107421875
1 0.1796875 0.41796875 0.0107421875 0.01171875
1 0.265625 0.4248046875 0.0107421875 0.0126953125
1 0.3837890625 0.435546875 0.0126953125 0.015625
1 0.53515625 0.4482421875 0.0146484375 0.017578125
1 0.75390625 0.466796875 0.0166015625 0.0205078125