2 0.0498046875 0.4150390625 0.009765625 0.0126953125
2 0.1357421875 0.4208984375 0.01171875 0.0126953125
2 0.2197265625 0.4296875 0.013671875 0.015625
2 0.3154296875 0.4423828125 0.0166015625 0.0205078125
2 0.513671875 0.4677734375 0.0234375 0.02734375
2 0.9482421875 0.5244140625 0.0419921875 0.044921875
2 0.533203125 0.56640625 0.064453125 0.0732421875
2 0.2060546875 0.501953125 0.044921875 0.048828125
1 0.001953125 0.396484375 0.001953125 0.00390625
1 0.0361328125 0.3984375 0.00390625 0.0048828125
1 0.0087890625 0.3984375 0.00390625 0.005859375
1 0.056640625 0.41015625 0.0078125 0.009765625
1 0.1552734375 0.4140625 0.0078125 0.009765625
1 0.2333984375 0.41796875 0.0078125 0.009765625
1 0.314453125 0.4248046875 0.0087890625 0.0107421875
1 0.4033203125 0.4326171875 0.0107421875 0.0126953125
1 0.533203125 0.4453125 0.0126953125 0.0166015625
1 0.7197265625 0.462890625 0.017578125 0.0205078125
1 0.2177734375 0.40625 0.00390625 0.005859375
1 0.263671875 0.4091796875 0.0048828125 0.0078125