1 0.4404296875 0.4765625 0.0107421875 0.0146484375
1 0.4208984375 0.4873046875 0.015625 0.0185546875
1 0.0703125 0.6025390625 0.01953125 0.0419921875
1 0.9658203125 0.474609375 0.01171875 0.0126953125
1 0.8349609375 0.46875 0.0087890625 0.01171875
1 0.7216796875 0.46484375 0.0068359375 0.009765625
1 0.6181640625 0.46484375 0.0068359375 0.009765625
1 0.5244140625 0.466796875 0.0078125 0.0107421875
1 0.4609375 0.470703125 0.009765625 0.0126953125
2 0.6337890625 0.484375 0.015625 0.01953125
2 0.6123046875 0.4755859375 0.01171875 0.0146484375
2 0.6357421875 0.470703125 0.009765625 0.0126953125
2 0.7353515625 0.4697265625 0.0107421875 0.0126953125
2 0.861328125 0.4736328125 0.0126953125 0.0146484375
2 0.9970703125 0.4814453125 0.005859375 0.017578125
0 0.3583984375 0.5146484375 0.03515625 0.060546875
0 0.3759765625 0.5087890625 0.02734375 0.060546875
0 0.76171875 0.5078125 0.0302734375 0.056640625
0 0.7900390625 0.5146484375 0.0400390625 0.0634765625
1 0.3701171875 0.5205078125 0.021484375 0.03515625
2 0.7744140625 0.51953125 0.0205078125 0.033203125