2 0.255859375 0.4248046875 0.00390625 0.0048828125
2 0.279296875 0.4267578125 0.00390625 0.005859375
2 0.2890625 0.4287109375 0.0048828125 0.0068359375
2 0.267578125 0.4296875 0.0048828125 0.0078125
2 0.2626953125 0.431640625 0.005859375 0.0078125
2 0.2841796875 0.435546875 0.0068359375 0.0087890625
2 0.341796875 0.4404296875 0.0078125 0.009765625
2 0.4345703125 0.447265625 0.0078125 0.0107421875
2 0.525390625 0.4541015625 0.0078125 0.0107421875
2 0.640625 0.4619140625 0.0087890625 0.01171875
2 0.775390625 0.4736328125 0.009765625 0.0107421875
2 0.93359375 0.486328125 0.0126953125 0.0146484375
2 0.3779296875 0.5595703125 0.0517578125 0.0625
2 0.212890625 0.4833984375 0.029296875 0.0322265625
2 0.1689453125 0.458984375 0.0205078125 0.0224609375
2 0.126953125 0.4462890625 0.015625 0.017578125
2 0.044921875 0.435546875 0.013671875 0.0146484375
2 0.001953125 0.427734375 0.00390625 0.0126953125
2 0.0361328125 0.421875 0.0068359375 0.0087890625
2 0.0595703125 0.419921875 0.005859375 0.0078125
2 0.05078125 0.4169921875 0.0048828125 0.0068359375
2 0.0078125 0.412109375 0.00390625 0.005859375
2 0.044921875 0.4130859375 0.00390625 0.005859375
2 0.0498046875 0.4130859375 0.00390625 0.005859375
2 0.0361328125 0.4111328125 0.00390625 0.0048828125
2 0.0068359375 0.408203125 0.0029296875 0.00390625
2 0.0576171875 0.41015625 0.0029296875 0.00390625
2 0.111328125 0.4140625 0.0029296875 0.00390625
2 0.1513671875 0.416015625 0.0029296875 0.00390625
2 0.1875 0.41796875 0.0029296875 0.00390625
2 0.2099609375 0.419921875 0.00390625 0.0048828125
1 0.283203125 0.4248046875 0.0029296875 0.0048828125
1 0.314453125 0.427734375 0.0029296875 0.0048828125
1 0.3447265625 0.4306640625 0.0029296875 0.0048828125
1 0.376953125 0.4326171875 0.0029296875 0.0048828125
1 0.2578125 0.4228515625 0.001953125 0.00390625
1 0.173828125 0.416015625 0.001953125 0.00390625
1 0.068359375 0.4111328125 0.0029296875 0.00390625
1 0.001953125 0.4072265625 0.0029296875 0.0048828125
1 0.990234375 0.484375 0.009765625 0.01171875
1 0.810546875 0.470703125 0.0078125 0.009765625
1 0.6650390625 0.4599609375 0.005859375 0.0087890625
1 0.5361328125 0.4501953125 0.005859375 0.0087890625
1 0.4482421875 0.443359375 0.005859375 0.0078125
1 0.3818359375 0.4384765625 0.005859375 0.0078125
1 0.3662109375 0.4345703125 0.0048828125 0.0068359375
1 0.3720703125 0.43359375 0.00390625 0.005859375
0 0.2314453125 0.4208984375 0.0048828125 0.0087890625
0 0.2353515625 0.4208984375 0.00390625 0.0087890625
0 0.28125 0.4248046875 0.0048828125 0.009765625