2 0.3447265625 0.412109375 0.0048828125 0.0068359375
2 0.3837890625 0.4140625 0.0048828125 0.0068359375
2 0.41015625 0.416015625 0.0048828125 0.0068359375
2 0.4140625 0.419921875 0.005859375 0.0078125
2 0.4072265625 0.4228515625 0.0078125 0.009765625
2 0.3876953125 0.4267578125 0.0087890625 0.0126953125
2 0.384765625 0.4345703125 0.0107421875 0.0146484375
2 0.435546875 0.4462890625 0.015625 0.0205078125
2 0.6640625 0.4765625 0.0224609375 0.029296875
2 0.2958984375 0.50390625 0.0439453125 0.0498046875
2 0.1904296875 0.453125 0.025390625 0.02734375
2 0.142578125 0.431640625 0.017578125 0.01953125
2 0.1201171875 0.4208984375 0.0126953125 0.0146484375
2 0.103515625 0.4140625 0.009765625 0.0126953125
2 0.09375 0.4091796875 0.0087890625 0.0107421875
2 0.1357421875 0.4052734375 0.005859375 0.0078125
2 0.20703125 0.40625 0.0048828125 0.0068359375
2 0.2802734375 0.4091796875 0.0048828125 0.005859375
1 0.28515625 0.408203125 0.00390625 0.0048828125
1 0.4072265625 0.4140625 0.00390625 0.005859375
1 0.4638671875 0.416015625 0.00390625 0.005859375
1 0.4931640625 0.4189453125 0.0048828125 0.0068359375
1 0.5009765625 0.421875 0.0048828125 0.0078125
1 0.5078125 0.4248046875 0.005859375 0.0087890625
1 0.5166015625 0.4306640625 0.0087890625 0.0107421875
1 0.5615234375 0.439453125 0.01171875 0.0146484375
1 0.72265625 0.4580078125 0.015625 0.0185546875
1 0.990234375 0.48046875 0.0185546875 0.0234375
1 0.0625 0.40234375 0.005859375 0.0068359375
1 0.1435546875 0.4033203125 0.00390625 0.005859375