1 0.0341796875 0.4052734375 0.00390625 0.005859375
1 0.0908203125 0.4072265625 0.00390625 0.0048828125
1 0.1435546875 0.4091796875 0.00390625 0.00390625
1 0.2109375 0.4111328125 0.0029296875 0.0048828125
1 0.2587890625 0.4130859375 0.0029296875 0.00390625
1 0.3056640625 0.4150390625 0.0029296875 0.0048828125
1 0.341796875 0.4169921875 0.0029296875 0.00390625
1 0.3720703125 0.41796875 0.00390625 0.0048828125
1 0.42578125 0.421875 0.00390625 0.005859375
1 0.4716796875 0.4248046875 0.00390625 0.005859375
1 0.544921875 0.4296875 0.0048828125 0.0068359375
1 0.615234375 0.4345703125 0.005859375 0.0068359375
1 0.6513671875 0.439453125 0.0068359375 0.0087890625
1 0.671875 0.443359375 0.0078125 0.0107421875
1 0.69921875 0.4501953125 0.009765625 0.013671875
1 0.7529296875 0.462890625 0.0146484375 0.017578125
1 0.951171875 0.4814453125 0.0224609375 0.0234375
2 0.197265625 0.5009765625 0.0400390625 0.0439453125
2 0.0673828125 0.4541015625 0.0234375 0.025390625
2 0.0185546875 0.4345703125 0.0166015625 0.01953125
2 0.0322265625 0.4267578125 0.0126953125 0.015625
2 0.1162109375 0.4228515625 0.0087890625 0.01171875
2 0.0419921875 0.4140625 0.0078125 0.0087890625
2 0.0302734375 0.40625 0.0048828125 0.005859375
2 0.0859375 0.408203125 0.00390625 0.005859375
2 0.1474609375 0.41015625 0.00390625 0.0048828125
2 0.20703125 0.412109375 0.00390625 0.0048828125
2 0.9013671875 0.5068359375 0.033203125 0.037109375
2 0.6181640625 0.47265625 0.0224609375 0.025390625
2 0.5224609375 0.4541015625 0.013671875 0.0185546875
2 0.5341796875 0.4462890625 0.0107421875 0.013671875
2 0.5390625 0.4404296875 0.0078125 0.0107421875
2 0.5341796875 0.4345703125 0.005859375 0.0087890625
2 0.4951171875 0.4296875 0.005859375 0.0078125
2 0.4453125 0.4267578125 0.005859375 0.0078125
2 0.396484375 0.4228515625 0.0048828125 0.005859375
2 0.3515625 0.419921875 0.0048828125 0.005859375
2 0.310546875 0.4169921875 0.00390625 0.005859375
2 0.283203125 0.416015625 0.00390625 0.0048828125
2 0.24609375 0.4140625 0.00390625 0.0048828125