1 0.0625 0.427734375 0.0126953125 0.013671875
1 0.1640625 0.4267578125 0.0107421875 0.0107421875
1 0.2431640625 0.427734375 0.0087890625 0.0107421875
1 0.3095703125 0.4287109375 0.0087890625 0.009765625
1 0.3720703125 0.4287109375 0.005859375 0.0087890625
1 0.4541015625 0.431640625 0.005859375 0.0078125
1 0.5322265625 0.43359375 0.005859375 0.0087890625
1 0.642578125 0.4384765625 0.005859375 0.0078125
1 0.7392578125 0.443359375 0.005859375 0.0087890625
1 0.8583984375 0.4501953125 0.0078125 0.0087890625
1 0.9951171875 0.458984375 0.0078125 0.0107421875
2 0.7119140625 0.595703125 0.05859375 0.0546875
2 0.1396484375 0.5029296875 0.0390625 0.046875
2 0.169921875 0.4541015625 0.0205078125 0.0234375
2 0.1923828125 0.4375 0.0126953125 0.0166015625
2 0.2724609375 0.4326171875 0.009765625 0.0126953125
2 0.3740234375 0.43359375 0.0078125 0.0107421875
2 0.4609375 0.435546875 0.0078125 0.009765625
2 0.5576171875 0.4384765625 0.0078125 0.0107421875
2 0.666015625 0.443359375 0.0078125 0.009765625
2 0.89453125 0.458984375 0.0107421875 0.0126953125
2 0.763671875 0.4482421875 0.0087890625 0.0107421875