1 0.857421875 0.4736328125 0.0107421875 0.0126953125
1 0.7197265625 0.466796875 0.0087890625 0.0107421875
1 0.6103515625 0.46484375 0.0087890625 0.0107421875
1 0.5205078125 0.46875 0.0087890625 0.01171875
1 0.455078125 0.474609375 0.0107421875 0.013671875
1 0.412109375 0.4892578125 0.017578125 0.0205078125
1 0.3212890625 0.5146484375 0.0302734375 0.033203125
1 0.0712890625 0.595703125 0.052734375 0.0546875
2 0.8798828125 0.5615234375 0.056640625 0.0546875
2 0.6845703125 0.505859375 0.0234375 0.029296875
2 0.62109375 0.484375 0.013671875 0.01953125
2 0.689453125 0.4716796875 0.0107421875 0.0146484375
2 0.78125 0.4755859375 0.01171875 0.015625
2 0.9384765625 0.4833984375 0.0166015625 0.0185546875