1 0.6171875 0.4609375 0.0087890625 0.01171875
1 0.765625 0.46484375 0.01171875 0.0146484375
1 0.0458984375 0.546875 0.0478515625 0.052734375
1 0.5224609375 0.4580078125 0.0068359375 0.0126953125
1 0.4423828125 0.4560546875 0.0078125 0.0087890625
1 0.3828125 0.455078125 0.0068359375 0.0078125
2 0.3349609375 0.4541015625 0.005859375 0.0078125
1 0.2880859375 0.453125 0.0048828125 0.0068359375
1 0.23046875 0.453125 0.00390625 0.005859375
1 0.1240234375 0.4541015625 0.0048828125 0.0068359375
1 0.0283203125 0.4560546875 0.005859375 0.0078125
2 0.2431640625 0.4560546875 0.0068359375 0.0087890625
2 0.2861328125 0.4580078125 0.0078125 0.0087890625
2 0.33984375 0.4599609375 0.0078125 0.0107421875
2 0.41796875 0.462890625 0.009765625 0.0126953125
2 0.5078125 0.466796875 0.009765625 0.0146484375
2 0.6611328125 0.47265625 0.0146484375 0.0185546875
2 0.9375 0.484375 0.0234375 0.0244140625
2 0.18359375 0.4560546875 0.005859375 0.0078125
2 0.0908203125 0.4560546875 0.0068359375 0.0087890625
2 0.146484375 0.478515625 0.0166015625 0.0185546875
2 0.296875 0.484375 0.0185546875 0.0224609375
2 0.46484375 0.498046875 0.02734375 0.0302734375
2 0.748046875 0.53125 0.04296875 0.0458984375
0 0.49609375 0.4619140625 0.013671875 0.0263671875
0 0.51953125 0.462890625 0.0146484375 0.0244140625
0 0.6083984375 0.4560546875 0.0107421875 0.021484375
0 0.62890625 0.4560546875 0.013671875 0.021484375
1 0.748046875 0.4560546875 0.0078125 0.01171875