2 0.8857421875 0.44140625 0.0185546875 0.0205078125
2 0.73828125 0.435546875 0.0126953125 0.0146484375
2 0.6328125 0.4326171875 0.009765625 0.0126953125
2 0.5537109375 0.431640625 0.0078125 0.009765625
2 0.53125 0.4287109375 0.0068359375 0.0087890625
2 0.5380859375 0.42578125 0.0048828125 0.0078125
2 0.546875 0.4228515625 0.00390625 0.005859375
2 0.552734375 0.4208984375 0.00390625 0.005859375
2 0.55859375 0.4189453125 0.0029296875 0.0048828125
2 0.5634765625 0.41796875 0.0029296875 0.00390625
2 0.56640625 0.4169921875 0.0029296875 0.00390625
2 0.568359375 0.416015625 0.0029296875 0.00390625
2 0.5712890625 0.4150390625 0.001953125 0.00390625
2 0.580078125 0.4140625 0.001953125 0.0029296875
2 0.59765625 0.4130859375 0.001953125 0.00390625
2 0.62890625 0.412109375 0.001953125 0.00390625
2 0.6630859375 0.41015625 0.001953125 0.0029296875
2 0.693359375 0.41015625 0.001953125 0.0029296875
2 0.7001953125 0.41015625 0.0029296875 0.00390625
2 0.697265625 0.41015625 0.001953125 0.00390625
2 0.6826171875 0.412109375 0.0029296875 0.00390625
2 0.65625 0.4130859375 0.0029296875 0.00390625
2 0.6328125 0.4150390625 0.00390625 0.0048828125
2 0.6142578125 0.4169921875 0.00390625 0.005859375
2 0.6240234375 0.41796875 0.00390625 0.005859375
2 0.658203125 0.41796875 0.0048828125 0.0068359375
2 0.7109375 0.4169921875 0.005859375 0.0078125
2 0.7724609375 0.4169921875 0.005859375 0.0078125
2 0.853515625 0.4150390625 0.0078125 0.009765625
2 0.9150390625 0.4189453125 0.009765625 0.01171875
1 0.701171875 0.5 0.037109375 0.04296875
1 0.6689453125 0.45703125 0.0185546875 0.0224609375
1 0.60546875 0.4443359375 0.0126953125 0.0166015625
1 0.4921875 0.4404296875 0.0107421875 0.0126953125
1 0.435546875 0.4375 0.0078125 0.009765625
1 0.41796875 0.4345703125 0.0068359375 0.0087890625
1 0.4375 0.4306640625 0.005859375 0.0078125
1 0.4580078125 0.427734375 0.005859375 0.0078125
1 0.4765625 0.4248046875 0.0048828125 0.005859375
1 0.4892578125 0.4228515625 0.00390625 0.005859375
1 0.4990234375 0.4208984375 0.0029296875 0.0048828125
1 0.5087890625 0.419921875 0.0029296875 0.00390625
1 0.515625 0.4189453125 0.0029296875 0.00390625
1 0.5234375 0.41796875 0.001953125 0.00390625
1 0.529296875 0.4169921875 0.001953125 0.00390625
1 0.53515625 0.416015625 0.001953125 0.0029296875
1 0.5546875 0.4150390625 0.001953125 0.0029296875
1 0.5830078125 0.4130859375 0.001953125 0.0029296875
1 0.6220703125 0.412109375 0.001953125 0.0029296875
1 0.6640625 0.41015625 0.001953125 0.0029296875
1 0.7080078125 0.408203125 0.001953125 0.0029296875
1 0.732421875 0.408203125 0.001953125 0.0029296875
1 0.74609375 0.408203125 0.001953125 0.00390625
1 0.7568359375 0.4091796875 0.0029296875 0.00390625
1 0.7373046875 0.41015625 0.001953125 0.00390625
1 0.712890625 0.4111328125 0.0029296875 0.00390625
1 0.6865234375 0.4130859375 0.0029296875 0.00390625
1 0.677734375 0.4140625 0.0029296875 0.0048828125
1 0.6806640625 0.416015625 0.00390625 0.0048828125
1 0.7744140625 0.4140625 0.0048828125 0.0068359375
1 0.8583984375 0.4130859375 0.005859375 0.0078125
1 0.9521484375 0.412109375 0.0078125 0.0087890625