2 0.810546875 0.439453125 0.00390625 0.005859375
2 0.8515625 0.439453125 0.0048828125 0.0068359375
2 0.87890625 0.439453125 0.0048828125 0.0068359375
2 0.8759765625 0.443359375 0.005859375 0.0087890625
2 0.8623046875 0.4462890625 0.0078125 0.009765625
2 0.833984375 0.44921875 0.0087890625 0.0107421875
2 0.8193359375 0.455078125 0.0107421875 0.013671875
2 0.8515625 0.462890625 0.0146484375 0.017578125
2 0.861328125 0.5546875 0.056640625 0.0634765625
2 0.697265625 0.486328125 0.0224609375 0.02734375
2 0.65234375 0.4658203125 0.0146484375 0.0185546875
2 0.62890625 0.4560546875 0.009765625 0.013671875
2 0.6162109375 0.451171875 0.0078125 0.0107421875
2 0.60546875 0.447265625 0.005859375 0.0078125
2 0.599609375 0.4443359375 0.0048828125 0.0078125
2 0.62890625 0.4404296875 0.00390625 0.005859375
2 0.68359375 0.439453125 0.00390625 0.005859375
2 0.7470703125 0.439453125 0.00390625 0.005859375
1 0.7529296875 0.4384765625 0.0029296875 0.0048828125
1 0.8134765625 0.4384765625 0.00390625 0.0048828125
1 0.8828125 0.4375 0.00390625 0.005859375
1 0.951171875 0.4384765625 0.0048828125 0.0068359375
1 0.9853515625 0.4404296875 0.005859375 0.0078125
1 0.9853515625 0.44921875 0.0107421875 0.01171875
1 0.26953125 0.5595703125 0.0537109375 0.0615234375
1 0.4140625 0.4912109375 0.021484375 0.02734375
1 0.4638671875 0.46875 0.0126953125 0.0166015625
1 0.4853515625 0.4580078125 0.009765625 0.0126953125
1 0.5009765625 0.451171875 0.0068359375 0.009765625
1 0.5048828125 0.4482421875 0.005859375 0.0078125
1 0.5107421875 0.4453125 0.005859375 0.0078125
1 0.5205078125 0.443359375 0.0048828125 0.005859375
1 0.5390625 0.44140625 0.00390625 0.005859375
1 0.5791015625 0.4404296875 0.00390625 0.005859375
1 0.634765625 0.439453125 0.0029296875 0.0048828125