2 0.7626953125 0.5263671875 0.0419921875 0.0458984375
2 0.494140625 0.486328125 0.0234375 0.0263671875
2 0.3447265625 0.4736328125 0.015625 0.0205078125
2 0.2451171875 0.4638671875 0.0126953125 0.015625
2 0.236328125 0.45703125 0.009765625 0.0126953125
2 0.26953125 0.451171875 0.0078125 0.009765625
2 0.2958984375 0.447265625 0.005859375 0.0087890625
2 0.314453125 0.4443359375 0.005859375 0.0078125
2 0.330078125 0.4423828125 0.0048828125 0.005859375
2 0.3408203125 0.44140625 0.00390625 0.005859375
2 0.3486328125 0.4404296875 0.0029296875 0.00390625
2 0.35546875 0.4384765625 0.0029296875 0.00390625
2 0.3623046875 0.4375 0.001953125 0.00390625
2 0.3740234375 0.4365234375 0.001953125 0.00390625
2 0.3955078125 0.4365234375 0.001953125 0.00390625
2 0.4306640625 0.435546875 0.001953125 0.00390625
2 0.466796875 0.435546875 0.001953125 0.0029296875
2 0.5009765625 0.4365234375 0.0029296875 0.00390625
2 0.505859375 0.435546875 0.0029296875 0.00390625
2 0.453125 0.4384765625 0.00390625 0.0048828125
2 0.4248046875 0.4404296875 0.00390625 0.005859375
2 0.400390625 0.4404296875 0.00390625 0.005859375
2 0.3974609375 0.4423828125 0.0048828125 0.0068359375
2 0.40625 0.443359375 0.0048828125 0.0068359375
2 0.4423828125 0.4453125 0.005859375 0.0078125
2 0.5009765625 0.4462890625 0.0068359375 0.0087890625
2 0.5712890625 0.4482421875 0.0068359375 0.0087890625
2 0.6591796875 0.4521484375 0.0087890625 0.0126953125
2 0.7421875 0.458984375 0.0126953125 0.0146484375
2 0.8779296875 0.4716796875 0.0205078125 0.0224609375
1 0.1943359375 0.509765625 0.033203125 0.037109375
1 0.05078125 0.484375 0.0224609375 0.0244140625
1 0.0078125 0.47265625 0.0146484375 0.0185546875
1 0.0234375 0.4638671875 0.013671875 0.0146484375
1 0.1015625 0.4560546875 0.0107421875 0.0107421875
1 0.158203125 0.451171875 0.0087890625 0.0107421875
1 0.201171875 0.447265625 0.0068359375 0.0078125
1 0.2314453125 0.4453125 0.005859375 0.0078125
1 0.2529296875 0.443359375 0.0048828125 0.0068359375
1 0.271484375 0.44140625 0.00390625 0.005859375
1 0.287109375 0.4404296875 0.00390625 0.0048828125
1 0.30078125 0.439453125 0.0029296875 0.0048828125
1 0.3115234375 0.4384765625 0.0029296875 0.00390625
1 0.3203125 0.4375 0.0029296875 0.00390625
1 0.3466796875 0.435546875 0.001953125 0.0029296875
1 0.3798828125 0.435546875 0.001953125 0.0029296875
1 0.4248046875 0.435546875 0.001953125 0.00390625
1 0.470703125 0.4345703125 0.001953125 0.00390625
1 0.515625 0.435546875 0.001953125 0.00390625
1 0.5390625 0.4345703125 0.001953125 0.00390625
1 0.552734375 0.435546875 0.0029296875 0.00390625
1 0.5625 0.4365234375 0.0029296875 0.00390625
1 0.5419921875 0.4375 0.0029296875 0.0048828125
1 0.515625 0.4384765625 0.00390625 0.0048828125
1 0.4853515625 0.439453125 0.00390625 0.005859375
1 0.4736328125 0.4384765625 0.0029296875 0.00390625
1 0.474609375 0.44140625 0.0048828125 0.005859375
1 0.5078125 0.443359375 0.0048828125 0.0068359375
1 0.576171875 0.4443359375 0.005859375 0.0078125
1 0.6669921875 0.4462890625 0.0078125 0.009765625
1 0.7734375 0.44921875 0.009765625 0.0107421875
1 0.873046875 0.455078125 0.0107421875 0.0126953125