2 0.1494140625 0.466796875 0.0205078125 0.021484375
2 0.2548828125 0.447265625 0.013671875 0.0146484375
2 0.3046875 0.4384765625 0.009765625 0.0126953125
2 0.4365234375 0.431640625 0.0087890625 0.01171875
2 0.5361328125 0.4267578125 0.0078125 0.009765625
2 0.62109375 0.4189453125 0.0048828125 0.005859375
2 0.6259765625 0.416015625 0.00390625 0.0048828125
2 0.685546875 0.41015625 0.00390625 0.005859375
2 0.7490234375 0.4072265625 0.00390625 0.005859375
2 0.818359375 0.4033203125 0.00390625 0.0048828125
2 0.8955078125 0.404296875 0.005859375 0.0078125
2 0.921875 0.4052734375 0.005859375 0.0087890625
2 0.927734375 0.4072265625 0.005859375 0.0087890625
2 0.9345703125 0.41015625 0.0068359375 0.009765625
2 0.9453125 0.4140625 0.0087890625 0.01171875
2 0.962890625 0.419921875 0.0126953125 0.0146484375
2 0.99609375 0.4306640625 0.0078125 0.01953125
1 0.095703125 0.544921875 0.046875 0.0546875
1 0.4345703125 0.470703125 0.0234375 0.02734375
1 0.4169921875 0.4501953125 0.013671875 0.017578125
1 0.4541015625 0.439453125 0.0107421875 0.013671875
1 0.55859375 0.431640625 0.0107421875 0.0126953125
1 0.6787109375 0.42578125 0.0087890625 0.0107421875
1 0.7265625 0.416015625 0.005859375 0.0078125
1 0.7080078125 0.4130859375 0.005859375 0.0078125
1 0.732421875 0.41015625 0.0048828125 0.005859375
1 0.8193359375 0.4072265625 0.0048828125 0.0068359375
1 0.8388671875 0.41015625 0.005859375 0.0087890625
1 0.833984375 0.41796875 0.0078125 0.009765625
1 0.8203125 0.423828125 0.009765625 0.013671875
1 0.7900390625 0.4501953125 0.0205078125 0.0234375
1 0.7421875 0.4853515625 0.0322265625 0.037109375
1 0.59765625 0.58984375 0.0615234375 0.06640625