2 0.6962890625 0.4501953125 0.005859375 0.0078125
1 0.7880859375 0.447265625 0.0048828125 0.0068359375
1 0.896484375 0.44921875 0.0068359375 0.0087890625
1 0.9912109375 0.4521484375 0.0087890625 0.009765625
1 0.2138671875 0.5439453125 0.046875 0.0546875
1 0.34765625 0.4853515625 0.0224609375 0.025390625
1 0.3994140625 0.4677734375 0.0146484375 0.0185546875
1 0.4208984375 0.45703125 0.009765625 0.0126953125
1 0.4404296875 0.453125 0.0087890625 0.0107421875
1 0.4931640625 0.4501953125 0.0078125 0.0087890625
1 0.546875 0.4482421875 0.005859375 0.0078125
1 0.607421875 0.447265625 0.005859375 0.0078125
2 0.79296875 0.4501953125 0.0068359375 0.0087890625
2 0.88671875 0.4521484375 0.0078125 0.009765625
2 0.9638671875 0.455078125 0.009765625 0.0126953125
2 0.8447265625 0.537109375 0.0458984375 0.0537109375
2 0.666015625 0.484375 0.0205078125 0.025390625
2 0.615234375 0.4677734375 0.013671875 0.017578125
2 0.587890625 0.4580078125 0.0087890625 0.0126953125
2 0.5771484375 0.453125 0.0087890625 0.0107421875
2 0.623046875 0.451171875 0.0068359375 0.009765625