2 0.0947265625 0.396484375 0.001953125 0.0029296875
2 0.1123046875 0.396484375 0.001953125 0.0029296875
2 0.115234375 0.3974609375 0.001953125 0.0029296875
2 0.099609375 0.3974609375 0.001953125 0.00390625
2 0.080078125 0.3974609375 0.0029296875 0.00390625
2 0.052734375 0.396484375 0.0029296875 0.00390625
2 0.029296875 0.3974609375 0.00390625 0.0048828125
2 0.021484375 0.3974609375 0.00390625 0.005859375
2 0.0390625 0.3994140625 0.00390625 0.005859375
2 0.0830078125 0.4013671875 0.00390625 0.005859375
2 0.138671875 0.404296875 0.0048828125 0.005859375
2 0.2021484375 0.4072265625 0.0048828125 0.005859375
2 0.24609375 0.4091796875 0.005859375 0.0068359375
2 0.287109375 0.4130859375 0.005859375 0.0078125
2 0.3251953125 0.416015625 0.005859375 0.0078125
2 0.3828125 0.4208984375 0.0068359375 0.0087890625
2 0.45703125 0.4287109375 0.0078125 0.0107421875
2 0.55078125 0.4365234375 0.009765625 0.0126953125
2 0.7001953125 0.4501953125 0.0126953125 0.015625
2 0.95703125 0.47265625 0.0185546875 0.0205078125
2 0.4296875 0.4912109375 0.029296875 0.0390625
2 0.4326171875 0.4541015625 0.017578125 0.021484375
2 0.41015625 0.4384765625 0.0126953125 0.0166015625
2 0.3828125 0.4306640625 0.009765625 0.0126953125
2 0.3369140625 0.42578125 0.009765625 0.0107421875
2 0.2822265625 0.4208984375 0.0087890625 0.0107421875
2 0.1943359375 0.4150390625 0.0078125 0.009765625
2 0.0234375 0.40625 0.0078125 0.0087890625
2 0.0146484375 0.392578125 0.001953125 0.0029296875
2 0.05859375 0.39453125 0.001953125 0.00390625
1 0.0693359375 0.39453125 0.001953125 0.0029296875
1 0.1044921875 0.396484375 0.001953125 0.0029296875
1 0.1376953125 0.400390625 0.0029296875 0.00390625
1 0.162109375 0.3984375 0.001953125 0.0029296875
1 0.1650390625 0.3994140625 0.001953125 0.0029296875
1 0.150390625 0.3994140625 0.001953125 0.00390625
1 0.1328125 0.3994140625 0.0029296875 0.00390625
1 0.1103515625 0.3994140625 0.0029296875 0.00390625
1 0.0947265625 0.3994140625 0.0029296875 0.00390625
1 0.1044921875 0.400390625 0.0029296875 0.0048828125
1 0.1337890625 0.40234375 0.0029296875 0.0048828125
1 0.1982421875 0.4052734375 0.00390625 0.005859375
1 0.251953125 0.4072265625 0.00390625 0.005859375
1 0.294921875 0.41015625 0.00390625 0.005859375
1 0.3369140625 0.4130859375 0.00390625 0.005859375
1 0.3759765625 0.416015625 0.0048828125 0.005859375
1 0.423828125 0.419921875 0.005859375 0.0068359375
1 0.4794921875 0.423828125 0.005859375 0.0078125
1 0.546875 0.4296875 0.005859375 0.0087890625
1 0.6435546875 0.4375 0.0087890625 0.009765625
1 0.787109375 0.4482421875 0.0107421875 0.01171875
1 0.12109375 0.4580078125 0.025390625 0.029296875
1 0.2177734375 0.427734375 0.01171875 0.015625
1 0.18359375 0.4208984375 0.009765625 0.0126953125
1 0.1025390625 0.416015625 0.0087890625 0.0107421875
1 0.021484375 0.392578125 0.001953125 0.0029296875