1 0.3271484375 0.5625 0.0478515625 0.0595703125
1 0.287109375 0.525390625 0.0380859375 0.041015625
1 0.1328125 0.5087890625 0.0302734375 0.0322265625
1 0.0234375 0.4765625 0.015625 0.0166015625
1 0.060546875 0.46875 0.01171875 0.0126953125
1 0.083984375 0.46484375 0.0107421875 0.0107421875
1 0.1259765625 0.4609375 0.0087890625 0.009765625
1 0.19140625 0.4580078125 0.0078125 0.0078125
1 0.2490234375 0.4560546875 0.005859375 0.0078125
1 0.298828125 0.455078125 0.0068359375 0.0078125
1 0.3486328125 0.451171875 0.0048828125 0.00390625
1 0.4755859375 0.4501953125 0.0048828125 0.0068359375
1 0.5625 0.44921875 0.0048828125 0.005859375
1 0.6337890625 0.4482421875 0.00390625 0.0068359375
1 0.7978515625 0.4501953125 0.005859375 0.0068359375
1 0.88671875 0.4521484375 0.0078125 0.0087890625
2 0.6884765625 0.5009765625 0.029296875 0.0322265625
2 0.4443359375 0.4853515625 0.01953125 0.0234375
2 0.2509765625 0.4794921875 0.0146484375 0.0185546875
2 0.2294921875 0.46875 0.0107421875 0.0146484375
2 0.224609375 0.4619140625 0.0078125 0.009765625
2 0.2744140625 0.4580078125 0.0078125 0.009765625
2 0.349609375 0.4560546875 0.005859375 0.0078125
2 0.416015625 0.4541015625 0.005859375 0.0078125
2 0.490234375 0.4521484375 0.005859375 0.0078125
2 0.572265625 0.451171875 0.005859375 0.0078125
2 0.947265625 0.458984375 0.0126953125 0.013671875
2 0.796875 0.455078125 0.0078125 0.009765625
2 0.716796875 0.453125 0.0068359375 0.0087890625
2 0.638671875 0.4521484375 0.005859375 0.0087890625