1 0.0634765625 0.4521484375 0.021484375 0.0224609375
1 0.15234375 0.4423828125 0.015625 0.017578125
1 0.1337890625 0.4375 0.013671875 0.0166015625
1 0.0517578125 0.4326171875 0.013671875 0.0146484375
1 0.0283203125 0.4140625 0.005859375 0.0068359375
1 0.0810546875 0.4150390625 0.0048828125 0.0068359375
1 0.1259765625 0.416015625 0.0048828125 0.005859375
1 0.283203125 0.4189453125 0.00390625 0.005859375
1 0.3544921875 0.421875 0.00390625 0.0048828125
1 0.41015625 0.423828125 0.00390625 0.0048828125
1 0.4658203125 0.42578125 0.00390625 0.0048828125
1 0.5146484375 0.4287109375 0.0029296875 0.00390625
1 0.64453125 0.4375 0.0048828125 0.0068359375
1 0.720703125 0.4423828125 0.0048828125 0.0078125
1 0.857421875 0.451171875 0.0078125 0.009765625
2 0.404296875 0.5205078125 0.0400390625 0.0498046875
2 0.3115234375 0.47265625 0.0234375 0.029296875
2 0.36328125 0.4501953125 0.0146484375 0.017578125
2 0.3232421875 0.439453125 0.0107421875 0.0146484375
2 0.2197265625 0.4326171875 0.0107421875 0.0126953125
2 0.1005859375 0.4267578125 0.0087890625 0.0107421875
2 0.0771484375 0.4208984375 0.0078125 0.009765625
2 0.0654296875 0.41796875 0.005859375 0.0078125
2 0.1064453125 0.4169921875 0.005859375 0.0078125
2 0.1708984375 0.41796875 0.0048828125 0.0068359375
2 0.228515625 0.4189453125 0.005859375 0.0068359375
2 0.2919921875 0.4208984375 0.0048828125 0.0068359375
2 0.357421875 0.4228515625 0.00390625 0.005859375
2 0.9599609375 0.466796875 0.013671875 0.0146484375
2 0.828125 0.4541015625 0.0107421875 0.01171875
2 0.7255859375 0.447265625 0.0078125 0.0107421875
2 0.634765625 0.4404296875 0.0068359375 0.0087890625
2 0.55859375 0.435546875 0.005859375 0.0078125
2 0.494140625 0.4306640625 0.005859375 0.0068359375
2 0.4521484375 0.4287109375 0.00390625 0.005859375
2 0.404296875 0.42578125 0.00390625 0.005859375