2 0.8056640625 0.5234375 0.0419921875 0.0458984375
2 0.732421875 0.482421875 0.0224609375 0.025390625
2 0.6689453125 0.4658203125 0.0146484375 0.0166015625
2 0.6015625 0.4580078125 0.0107421875 0.013671875
2 0.5068359375 0.453125 0.0087890625 0.0107421875
2 0.4189453125 0.451171875 0.0068359375 0.0087890625
2 0.3388671875 0.4501953125 0.0068359375 0.0087890625
2 0.263671875 0.44921875 0.005859375 0.0087890625
2 0.2294921875 0.447265625 0.005859375 0.0078125
2 0.2216796875 0.4462890625 0.0048828125 0.0068359375
2 0.21875 0.443359375 0.00390625 0.005859375
2 0.2158203125 0.44140625 0.00390625 0.0048828125
2 0.2138671875 0.439453125 0.0029296875 0.00390625
2 0.21875 0.4384765625 0.0029296875 0.00390625
2 0.236328125 0.4384765625 0.001953125 0.00390625
2 0.267578125 0.4375 0.001953125 0.00390625
2 0.30078125 0.4365234375 0.001953125 0.0029296875
2 0.3310546875 0.4375 0.001953125 0.00390625
2 0.3369140625 0.4375 0.001953125 0.0029296875
2 0.326171875 0.4384765625 0.001953125 0.00390625
2 0.3037109375 0.439453125 0.001953125 0.00390625
2 0.2841796875 0.439453125 0.0029296875 0.00390625
2 0.2705078125 0.4404296875 0.0029296875 0.00390625
2 0.2744140625 0.44140625 0.00390625 0.0048828125
2 0.2861328125 0.4423828125 0.00390625 0.0048828125
2 0.3203125 0.4423828125 0.00390625 0.005859375
2 0.3671875 0.4423828125 0.00390625 0.005859375
2 0.416015625 0.4423828125 0.00390625 0.005859375
2 0.46875 0.443359375 0.005859375 0.0068359375
2 0.509765625 0.4453125 0.005859375 0.0078125
2 0.5576171875 0.447265625 0.005859375 0.0087890625
2 0.6220703125 0.4501953125 0.0078125 0.009765625
2 0.7060546875 0.453125 0.0087890625 0.01171875
2 0.8408203125 0.458984375 0.0126953125 0.0146484375
1 0.314453125 0.5400390625 0.04296875 0.0517578125
1 0.44921875 0.486328125 0.0224609375 0.025390625
1 0.462890625 0.4677734375 0.013671875 0.017578125
1 0.4072265625 0.458984375 0.0107421875 0.0126953125
1 0.3427734375 0.455078125 0.0087890625 0.0107421875
1 0.236328125 0.453125 0.0078125 0.0107421875
1 0.1640625 0.4521484375 0.0068359375 0.0087890625
1 0.1279296875 0.4501953125 0.0068359375 0.0087890625
1 0.1337890625 0.4462890625 0.0048828125 0.0068359375
1 0.142578125 0.4453125 0.00390625 0.005859375
1 0.1484375 0.4443359375 0.00390625 0.0048828125
1 0.15234375 0.4423828125 0.0029296875 0.00390625
1 0.15625 0.44140625 0.001953125 0.0029296875
1 0.16796875 0.439453125 0.001953125 0.001953125
1 0.1875 0.4384765625 0.001953125 0.0029296875
1 0.2578125 0.4375 0.001953125 0.0029296875
1 0.3408203125 0.4365234375 0.001953125 0.0029296875
1 0.3623046875 0.4375 0.001953125 0.0029296875
1 0.3759765625 0.4365234375 0.001953125 0.00390625
1 0.3857421875 0.4375 0.0029296875 0.00390625
1 0.37109375 0.4375 0.0029296875 0.00390625
1 0.353515625 0.4384765625 0.0029296875 0.00390625
1 0.3330078125 0.4404296875 0.0029296875 0.00390625
1 0.328125 0.4404296875 0.0029296875 0.00390625
1 0.3623046875 0.44140625 0.00390625 0.0048828125
1 0.412109375 0.44140625 0.00390625 0.005859375
1 0.4716796875 0.44140625 0.00390625 0.005859375
1 0.5283203125 0.4423828125 0.0048828125 0.0068359375
1 0.5703125 0.443359375 0.0048828125 0.0068359375
1 0.6259765625 0.4453125 0.005859375 0.0078125
1 0.6923828125 0.447265625 0.0068359375 0.0087890625
1 0.794921875 0.4501953125 0.0087890625 0.0107421875
1 0.9443359375 0.455078125 0.01171875 0.0126953125