1 0.3115234375 0.5224609375 0.02734375 0.0400390625
1 0.091796875 0.4853515625 0.025390625 0.02734375
2 0.6572265625 0.48828125 0.0166015625 0.0205078125
2 0.6201171875 0.4755859375 0.01171875 0.015625
2 0.6318359375 0.4697265625 0.0087890625 0.0126953125
2 0.6591796875 0.4658203125 0.0078125 0.0107421875
2 0.708984375 0.4638671875 0.005859375 0.0087890625
2 0.72265625 0.4619140625 0.005859375 0.0078125
2 0.7109375 0.458984375 0.0048828125 0.0068359375
2 0.6787109375 0.45703125 0.0048828125 0.0068359375
2 0.6416015625 0.455078125 0.00390625 0.005859375
2 0.6083984375 0.4541015625 0.00390625 0.005859375
2 0.5732421875 0.453125 0.00390625 0.0048828125
2 0.552734375 0.4521484375 0.0029296875 0.00390625
2 0.5419921875 0.451171875 0.0029296875 0.0048828125
2 0.5595703125 0.4501953125 0.0029296875 0.00390625
2 0.5849609375 0.4501953125 0.001953125 0.0029296875
2 0.587890625 0.44921875 0.001953125 0.00390625
2 0.5703125 0.44921875 0.001953125 0.0029296875
2 0.5576171875 0.4482421875 0.001953125 0.0029296875
2 0.5732421875 0.4482421875 0.001953125 0.0029296875
2 0.5966796875 0.4482421875 0.001953125 0.0029296875
2 0.6181640625 0.4482421875 0.001953125 0.0029296875
2 0.638671875 0.44921875 0.001953125 0.0029296875
2 0.6669921875 0.4501953125 0.001953125 0.00390625
2 0.7080078125 0.451171875 0.001953125 0.00390625
2 0.73046875 0.4521484375 0.0029296875 0.00390625
2 0.7421875 0.453125 0.001953125 0.00390625
2 0.7548828125 0.4541015625 0.0029296875 0.00390625
2 0.7666015625 0.455078125 0.0029296875 0.00390625
2 0.78515625 0.4560546875 0.0029296875 0.0048828125
2 0.826171875 0.4580078125 0.00390625 0.0048828125
2 0.875 0.4599609375 0.0048828125 0.005859375
2 0.92578125 0.462890625 0.0048828125 0.0068359375
2 0.9365234375 0.46484375 0.005859375 0.0078125
2 0.994140625 0.470703125 0.0078125 0.0107421875
1 0.4052734375 0.4833984375 0.017578125 0.021484375
1 0.44140625 0.470703125 0.0107421875 0.0146484375
1 0.4658203125 0.4638671875 0.0087890625 0.0107421875
1 0.998046875 0.4619140625 0.00390625 0.005859375
1 0.923828125 0.4599609375 0.0029296875 0.0048828125
1 0.8583984375 0.45703125 0.0029296875 0.0048828125
1 0.8251953125 0.455078125 0.001953125 0.00390625
1 0.8134765625 0.455078125 0.001953125 0.00390625
1 0.7705078125 0.453125 0.001953125 0.0029296875
1 0.740234375 0.4521484375 0.001953125 0.0029296875
1 0.6748046875 0.4501953125 0.001953125 0.0029296875
1 0.65625 0.44921875 0.001953125 0.0029296875
1 0.625 0.44921875 0.001953125 0.0029296875
1 0.52734375 0.4482421875 0.001953125 0.0029296875
1 0.515625 0.447265625 0.001953125 0.0029296875
1 0.51953125 0.4482421875 0.001953125 0.0029296875
1 0.5380859375 0.44921875 0.001953125 0.00390625
1 0.53515625 0.44921875 0.001953125 0.00390625
1 0.5068359375 0.44921875 0.0029296875 0.00390625
1 0.48828125 0.4501953125 0.0029296875 0.00390625
1 0.4970703125 0.451171875 0.00390625 0.0048828125
1 0.517578125 0.453125 0.00390625 0.0048828125
1 0.5634765625 0.4541015625 0.00390625 0.005859375
1 0.5908203125 0.455078125 0.00390625 0.005859375
1 0.611328125 0.4580078125 0.005859375 0.0078125
1 0.58984375 0.4599609375 0.005859375 0.0078125
1 0.537109375 0.4619140625 0.0068359375 0.009765625
0 0.29296875 0.5146484375 0.0400390625 0.0712890625
0 0.3173828125 0.5068359375 0.037109375 0.0615234375
0 0.7373046875 0.51171875 0.0390625 0.0625
0 0.7626953125 0.521484375 0.0478515625 0.072265625
1 0.25 0.4677734375 0.0126953125 0.0166015625
2 0.7451171875 0.529296875 0.0263671875 0.0419921875