2 0.56640625 0.4814453125 0.0166015625 0.021484375
1 0.2578125 0.5087890625 0.0302734375 0.033203125
2 0.529296875 0.470703125 0.0126953125 0.0166015625
2 0.6669921875 0.5068359375 0.0302734375 0.033203125
1 0.3203125 0.4775390625 0.0146484375 0.0185546875
1 0.490234375 0.4580078125 0.0078125 0.009765625
2 0.5576171875 0.462890625 0.0087890625 0.01171875
2 0.6650390625 0.4541015625 0.0068359375 0.0087890625
1 0.423828125 0.4619140625 0.0087890625 0.0107421875
1 0.0556640625 0.59765625 0.0556640625 0.0498046875
2 0.6201171875 0.45703125 0.0078125 0.0107421875
2 0.63671875 0.447265625 0.00390625 0.005859375
1 0.3701171875 0.466796875 0.0107421875 0.013671875
1 0.5654296875 0.4482421875 0.0048828125 0.0068359375
2 0.9814453125 0.4501953125 0.0087890625 0.009765625
2 0.703125 0.4521484375 0.005859375 0.0087890625
1 0.486328125 0.447265625 0.00390625 0.005859375
1 0.595703125 0.44921875 0.0048828125 0.0068359375
2 0.697265625 0.44921875 0.0048828125 0.0078125
1 0.5576171875 0.4541015625 0.005859375 0.0078125
1 0.525390625 0.447265625 0.00390625 0.005859375
2 0.669921875 0.4482421875 0.00390625 0.0068359375
1 0.6044921875 0.451171875 0.005859375 0.0078125
2 0.6455078125 0.443359375 0.0029296875 0.00390625
2 0.5478515625 0.4462890625 0.00390625 0.005859375
2 0.5 0.4462890625 0.0029296875 0.0048828125
2 0.666015625 0.443359375 0.0029296875 0.0048828125
2 0.4560546875 0.4462890625 0.0029296875 0.0048828125
1 0.4404296875 0.447265625 0.00390625 0.0048828125
2 0.8837890625 0.44921875 0.005859375 0.0078125
2 0.423828125 0.4453125 0.0029296875 0.00390625
2 0.4794921875 0.4443359375 0.0029296875 0.00390625
2 0.521484375 0.443359375 0.0029296875 0.00390625
2 0.5595703125 0.443359375 0.0029296875 0.00390625
2 0.7568359375 0.4462890625 0.00390625 0.005859375
1 0.5322265625 0.4423828125 0.001953125 0.00390625
2 0.693359375 0.4443359375 0.0029296875 0.0048828125
1 0.37890625 0.447265625 0.00390625 0.0048828125
2 0.626953125 0.4423828125 0.001953125 0.00390625
1 0.40234375 0.447265625 0.00390625 0.0048828125
1 0.400390625 0.4453125 0.0029296875 0.0048828125
2 0.443359375 0.4453125 0.0029296875 0.00390625
1 0.650390625 0.44140625 0.001953125 0.00390625
1 0.46875 0.4443359375 0.0029296875 0.00390625
1 0.748046875 0.443359375 0.00390625 0.0048828125
2 0.427734375 0.4462890625 0.0029296875 0.0048828125
2 0.6005859375 0.4423828125 0.001953125 0.00390625
1 0.431640625 0.4443359375 0.001953125 0.00390625
2 0.59765625 0.4462890625 0.00390625 0.0048828125
1 0.3740234375 0.4462890625 0.00390625 0.0048828125
2 0.71875 0.4443359375 0.00390625 0.005859375
1 0.572265625 0.4423828125 0.001953125 0.0029296875
2 0.806640625 0.447265625 0.0048828125 0.005859375
1 0.6943359375 0.4423828125 0.0029296875 0.00390625
1 0.8857421875 0.4453125 0.00390625 0.005859375
1 0.6220703125 0.4423828125 0.001953125 0.00390625
0 0.71484375 0.443359375 0.0048828125 0.009765625
0 0.720703125 0.443359375 0.005859375 0.009765625