1 0.900390625 0.4658203125 0.0146484375 0.0166015625
1 0.0166015625 0.52685546875 0.033203125 0.0419921875
1 0.755859375 0.4599609375 0.009765625 0.013671875
1 0.6533203125 0.4560546875 0.0087890625 0.0107421875
1 0.583984375 0.4541015625 0.0078125 0.0087890625
2 0.5341796875 0.453125 0.005859375 0.0078125
1 0.4853515625 0.4501953125 0.005859375 0.0078125
1 0.4296875 0.4501953125 0.0048828125 0.005859375
1 0.3349609375 0.451171875 0.0048828125 0.005859375
1 0.2548828125 0.4521484375 0.0048828125 0.0068359375
1 0.1826171875 0.453125 0.005859375 0.0078125
1 0.09765625 0.4560546875 0.005859375 0.0078125
2 0.439453125 0.4541015625 0.0068359375 0.0087890625
2 0.48046875 0.4560546875 0.0078125 0.009765625
2 0.5361328125 0.4599609375 0.0087890625 0.0126953125
2 0.6259765625 0.46484375 0.0126953125 0.015625
2 0.75 0.4736328125 0.0146484375 0.0205078125
2 0.384765625 0.4521484375 0.005859375 0.0078125
2 0.302734375 0.453125 0.0068359375 0.0078125
2 0.21484375 0.455078125 0.0078125 0.0078125
2 0.103515625 0.4580078125 0.0078125 0.0087890625
2 0.0205078125 0.4736328125 0.0146484375 0.0166015625
2 0.1533203125 0.4765625 0.017578125 0.0185546875
2 0.3125 0.482421875 0.01953125 0.0224609375
2 0.4716796875 0.498046875 0.025390625 0.03125
2 0.728515625 0.541015625 0.05078125 0.0556640625
0 0.7314453125 0.4658203125 0.0205078125 0.033203125
0 0.765625 0.466796875 0.0244140625 0.03515625
0 0.8828125 0.4599609375 0.0166015625 0.0302734375
0 0.9189453125 0.4599609375 0.0224609375 0.033203125