1 0.2578125 0.5234375 0.0380859375 0.0419921875
1 0.3583984375 0.484375 0.0185546875 0.0224609375
1 0.3984375 0.4697265625 0.0126953125 0.0166015625
1 0.41796875 0.4619140625 0.009765625 0.0126953125
1 0.4326171875 0.45703125 0.0078125 0.009765625
1 0.443359375 0.453125 0.005859375 0.0078125
1 0.4794921875 0.451171875 0.0048828125 0.0068359375
1 0.533203125 0.4501953125 0.0048828125 0.0068359375
1 0.591796875 0.44921875 0.00390625 0.005859375
1 0.6435546875 0.4501953125 0.00390625 0.005859375
1 0.7041015625 0.4501953125 0.00390625 0.005859375
1 0.7666015625 0.451171875 0.0048828125 0.005859375
1 0.8359375 0.453125 0.0048828125 0.0068359375
1 0.91015625 0.455078125 0.0068359375 0.0078125
1 0.9892578125 0.4580078125 0.0078125 0.0087890625
2 0.8193359375 0.51953125 0.0380859375 0.041015625
2 0.6806640625 0.484375 0.0185546875 0.0224609375
2 0.625 0.470703125 0.0126953125 0.0166015625
2 0.5947265625 0.462890625 0.0087890625 0.0126953125
2 0.57421875 0.4580078125 0.0078125 0.009765625
2 0.560546875 0.4541015625 0.0068359375 0.0087890625
2 0.5849609375 0.4521484375 0.005859375 0.0078125
2 0.646484375 0.4521484375 0.0048828125 0.0078125
2 0.724609375 0.453125 0.005859375 0.0078125
2 0.7919921875 0.4541015625 0.0078125 0.0087890625
2 0.8447265625 0.4580078125 0.0087890625 0.009765625
2 0.9287109375 0.462890625 0.0107421875 0.0126953125