2 0.779296875 0.478515625 0.01953125 0.0224609375
2 0.552734375 0.4599609375 0.015625 0.01953125
2 0.1591796875 0.44921875 0.0185546875 0.0224609375
2 0.404296875 0.5322265625 0.046875 0.056640625
2 0.427734375 0.4462890625 0.0126953125 0.0166015625
2 0.115234375 0.435546875 0.013671875 0.0166015625
1 0.8818359375 0.4697265625 0.015625 0.017578125
2 0.0703125 0.4189453125 0.0087890625 0.0107421875
2 0.0859375 0.42578125 0.0107421875 0.013671875
2 0.1005859375 0.4111328125 0.005859375 0.0078125
2 0.3955078125 0.431640625 0.0068359375 0.009765625
2 0.36328125 0.4384765625 0.009765625 0.0126953125
1 0.6884765625 0.45703125 0.01171875 0.0146484375
2 0.3564453125 0.4326171875 0.0078125 0.0107421875
2 0.0830078125 0.416015625 0.0078125 0.009765625
1 0.5263671875 0.43359375 0.0048828125 0.0068359375
2 0.1435546875 0.416015625 0.005859375 0.0078125
1 0.0048828125 0.412109375 0.0068359375 0.0078125
2 0.423828125 0.4296875 0.005859375 0.0078125
1 0.5517578125 0.4453125 0.0087890625 0.0126953125
2 0.4296875 0.42578125 0.00390625 0.005859375
2 0.146484375 0.4140625 0.0068359375 0.0078125
1 0.4951171875 0.439453125 0.0078125 0.0107421875
2 0.443359375 0.427734375 0.0048828125 0.0068359375
2 0.052734375 0.4052734375 0.00390625 0.0048828125
1 0.43359375 0.4228515625 0.0029296875 0.0048828125
1 0.0703125 0.4052734375 0.00390625 0.0048828125
1 0.509765625 0.435546875 0.0068359375 0.0087890625
1 0.0478515625 0.412109375 0.005859375 0.0078125
2 0.037109375 0.408203125 0.00390625 0.005859375
1 0.533203125 0.431640625 0.00390625 0.005859375
2 0.3701171875 0.4208984375 0.00390625 0.005859375
2 0.0283203125 0.40625 0.00390625 0.005859375
2 0.400390625 0.4228515625 0.00390625 0.005859375
2 0.3408203125 0.4189453125 0.00390625 0.0048828125
1 0.0068359375 0.4091796875 0.0048828125 0.0068359375
2 0.0234375 0.404296875 0.0029296875 0.0048828125
2 0.3134765625 0.416015625 0.00390625 0.0048828125
2 0.2685546875 0.4130859375 0.0029296875 0.0048828125
1 0.5205078125 0.4296875 0.00390625 0.005859375
2 0.1435546875 0.408203125 0.00390625 0.0048828125
2 0.1005859375 0.40625 0.00390625 0.0048828125
1 0.48046875 0.42578125 0.00390625 0.0048828125
1 0.1044921875 0.40625 0.0029296875 0.00390625
1 0.1474609375 0.4072265625 0.0029296875 0.00390625
2 0.1904296875 0.41015625 0.00390625 0.0048828125
2 0.2373046875 0.4111328125 0.00390625 0.00390625
1 0.3671875 0.41796875 0.0029296875 0.00390625
1 0.001953125 0.40234375 0.001953125 0.0048828125
2 0.294921875 0.4150390625 0.0029296875 0.00390625
1 0.0439453125 0.41015625 0.0048828125 0.0068359375
1 0.2431640625 0.4111328125 0.0029296875 0.00390625
1 0.4033203125 0.4208984375 0.0029296875 0.00390625
1 0.037109375 0.4033203125 0.0029296875 0.00390625
1 0.28125 0.4130859375 0.001953125 0.00390625
0 0.2353515625 0.4638671875 0.029296875 0.052734375
0 0.2578125 0.4697265625 0.037109375 0.056640625
2 0.2421875 0.4755859375 0.01953125 0.0302734375