2 0.3818359375 0.4111328125 0.0029296875 0.0048828125
2 0.412109375 0.4130859375 0.00390625 0.005859375
2 0.4287109375 0.4150390625 0.00390625 0.005859375
2 0.423828125 0.416015625 0.0048828125 0.0068359375
2 0.4091796875 0.41796875 0.005859375 0.0078125
2 0.3828125 0.419921875 0.0068359375 0.0087890625
2 0.3642578125 0.423828125 0.0078125 0.0107421875
2 0.376953125 0.4287109375 0.009765625 0.0126953125
2 0.4716796875 0.4423828125 0.013671875 0.0166015625
2 0.6630859375 0.458984375 0.0166015625 0.0205078125
2 0.927734375 0.4765625 0.0224609375 0.0234375
2 0.5029296875 0.5888671875 0.064453125 0.0693359375
2 0.287109375 0.474609375 0.029296875 0.03515625
2 0.2314453125 0.4423828125 0.017578125 0.021484375
2 0.2119140625 0.427734375 0.0126953125 0.015625
2 0.197265625 0.419921875 0.0087890625 0.0126953125
2 0.189453125 0.4150390625 0.0078125 0.0107421875
2 0.181640625 0.4111328125 0.005859375 0.0078125
2 0.1787109375 0.408203125 0.0048828125 0.0078125
2 0.1826171875 0.40625 0.00390625 0.005859375
2 0.2138671875 0.40625 0.00390625 0.005859375
2 0.2705078125 0.4072265625 0.00390625 0.0048828125
2 0.3291015625 0.4091796875 0.00390625 0.0048828125
1 0.3359375 0.408203125 0.0029296875 0.00390625
1 0.3857421875 0.4111328125 0.001953125 0.00390625
1 0.4375 0.4130859375 0.0029296875 0.0048828125
1 0.4814453125 0.4150390625 0.00390625 0.0048828125
1 0.5009765625 0.4169921875 0.00390625 0.005859375
1 0.498046875 0.4189453125 0.00390625 0.0068359375
1 0.4921875 0.4208984375 0.005859375 0.0078125
1 0.4833984375 0.4228515625 0.0068359375 0.0087890625
1 0.4931640625 0.4287109375 0.0078125 0.009765625
1 0.5703125 0.4375 0.0107421875 0.0126953125
1 0.708984375 0.44921875 0.0126953125 0.0166015625
1 0.94140625 0.4609375 0.0146484375 0.0166015625
1 0.0068359375 0.42578125 0.013671875 0.017578125
1 0.03515625 0.416015625 0.0126953125 0.013671875
1 0.0556640625 0.41015625 0.0078125 0.009765625
1 0.0625 0.4072265625 0.0068359375 0.0087890625
1 0.0712890625 0.4052734375 0.005859375 0.0078125
1 0.083984375 0.4033203125 0.005859375 0.0068359375
1 0.109375 0.40234375 0.005859375 0.0068359375
1 0.1591796875 0.4033203125 0.00390625 0.005859375
1 0.2216796875 0.4052734375 0.00390625 0.0048828125
1 0.2744140625 0.40625 0.0029296875 0.0048828125