2 0.5693359375 0.4951171875 0.029296875 0.03515625
2 0.6298828125 0.4736328125 0.021484375 0.0244140625
1 0.189453125 0.4736328125 0.029296875 0.033203125
1 0.314453125 0.4599609375 0.021484375 0.0234375
2 0.84765625 0.4638671875 0.0146484375 0.015625
1 0.447265625 0.4521484375 0.015625 0.0185546875
2 0.712890625 0.462890625 0.0166015625 0.0185546875
1 0.54296875 0.4482421875 0.01171875 0.0146484375
1 0.6796875 0.4482421875 0.0107421875 0.0126953125
1 0.80859375 0.453125 0.009765625 0.01171875
2 0.5654296875 0.5849609375 0.060546875 0.078125
1 0.9677734375 0.4599609375 0.0107421875 0.01171875
1 0.0048828125 0.505859375 0.0087890625 0.0439453125