2 0.6103515625 0.5048828125 0.02734375 0.0361328125
2 0.427734375 0.4814453125 0.01953125 0.0244140625
2 0.32421875 0.46875 0.013671875 0.017578125
2 0.322265625 0.4599609375 0.009765625 0.013671875
2 0.3603515625 0.453125 0.0078125 0.0107421875
2 0.388671875 0.44921875 0.0068359375 0.0087890625
2 0.41015625 0.4462890625 0.005859375 0.0078125
2 0.42578125 0.443359375 0.00390625 0.0068359375
2 0.4375 0.4423828125 0.00390625 0.005859375
2 0.4462890625 0.4404296875 0.0029296875 0.0048828125
2 0.453125 0.439453125 0.0029296875 0.00390625
2 0.4599609375 0.4384765625 0.0029296875 0.00390625
2 0.47265625 0.4375 0.0029296875 0.00390625
2 0.494140625 0.4375 0.001953125 0.00390625
2 0.529296875 0.4365234375 0.001953125 0.00390625
2 0.56640625 0.435546875 0.001953125 0.00390625
2 0.6005859375 0.435546875 0.0029296875 0.00390625
2 0.607421875 0.4365234375 0.0029296875 0.00390625
2 0.603515625 0.4365234375 0.0029296875 0.00390625
2 0.5859375 0.4365234375 0.0029296875 0.00390625
2 0.552734375 0.439453125 0.00390625 0.005859375
2 0.5224609375 0.4404296875 0.00390625 0.005859375
2 0.4951171875 0.443359375 0.0048828125 0.0068359375
2 0.5029296875 0.4443359375 0.005859375 0.0078125
2 0.5419921875 0.4462890625 0.0068359375 0.0087890625
2 0.607421875 0.4482421875 0.0078125 0.009765625
2 0.6875 0.451171875 0.0078125 0.0107421875
2 0.7978515625 0.455078125 0.0126953125 0.0146484375
2 0.9169921875 0.46484375 0.017578125 0.0185546875
1 0.2080078125 0.5419921875 0.0458984375 0.0537109375
1 0.091796875 0.4951171875 0.025390625 0.029296875
1 0.0712890625 0.4775390625 0.0185546875 0.0205078125
1 0.1044921875 0.4677734375 0.0146484375 0.015625
1 0.19140625 0.4580078125 0.0107421875 0.0126953125
1 0.251953125 0.453125 0.0087890625 0.0107421875
1 0.296875 0.44921875 0.0068359375 0.0087890625
1 0.328125 0.4462890625 0.005859375 0.0078125
1 0.349609375 0.4443359375 0.005859375 0.0068359375
1 0.369140625 0.4423828125 0.00390625 0.005859375
1 0.384765625 0.44140625 0.00390625 0.005859375
1 0.3994140625 0.439453125 0.0029296875 0.0048828125
1 0.41015625 0.4384765625 0.0029296875 0.00390625
1 0.419921875 0.4375 0.0029296875 0.00390625
1 0.4453125 0.4375 0.001953125 0.0029296875
1 0.478515625 0.4365234375 0.001953125 0.0029296875
1 0.5234375 0.435546875 0.001953125 0.00390625
1 0.5703125 0.435546875 0.001953125 0.0029296875
1 0.6181640625 0.4345703125 0.001953125 0.00390625
1 0.6435546875 0.435546875 0.001953125 0.0029296875
1 0.658203125 0.435546875 0.001953125 0.00390625
1 0.6484375 0.4375 0.0029296875 0.00390625
1 0.619140625 0.4384765625 0.00390625 0.005859375
1 0.5869140625 0.4404296875 0.00390625 0.005859375
1 0.5751953125 0.4404296875 0.0029296875 0.00390625
1 0.576171875 0.4423828125 0.0048828125 0.0068359375
1 0.61328125 0.4443359375 0.0048828125 0.0078125
1 0.69140625 0.4453125 0.005859375 0.0087890625
1 0.80078125 0.4482421875 0.0087890625 0.0107421875
1 0.94140625 0.4521484375 0.01171875 0.0126953125