1 0.84765625 0.435546875 0.00390625 0.0048828125
1 0.8740234375 0.4384765625 0.0029296875 0.00390625
1 0.9072265625 0.4404296875 0.00390625 0.0048828125
1 0.9521484375 0.4443359375 0.0048828125 0.005859375
1 0.1376953125 0.4619140625 0.02734375 0.0283203125
1 0.2783203125 0.447265625 0.0166015625 0.0185546875
1 0.3818359375 0.4365234375 0.0107421875 0.0126953125
1 0.419921875 0.4326171875 0.0087890625 0.0107421875
1 0.453125 0.4296875 0.0068359375 0.0078125
1 0.48828125 0.427734375 0.005859375 0.0078125
1 0.5234375 0.4287109375 0.0048828125 0.0068359375
1 0.5703125 0.4296875 0.00390625 0.005859375
1 0.6240234375 0.4306640625 0.00390625 0.005859375
1 0.669921875 0.4306640625 0.0029296875 0.00390625
1 0.65625 0.4287109375 0.001953125 0.00390625
1 0.630859375 0.4267578125 0.0029296875 0.00390625
1 0.828125 0.4345703125 0.0029296875 0.0048828125
1 0.794921875 0.431640625 0.001953125 0.0029296875
1 0.6640625 0.4248046875 0.001953125 0.0029296875
1 0.63671875 0.423828125 0.001953125 0.0029296875
1 0.6083984375 0.4228515625 0.001953125 0.0029296875
1 0.578125 0.421875 0.001953125 0.0029296875
1 0.55078125 0.4208984375 0.001953125 0.0029296875
1 0.5458984375 0.421875 0.0029296875 0.00390625
1 0.572265625 0.423828125 0.0029296875 0.00390625
1 0.6044921875 0.4248046875 0.0029296875 0.00390625
2 0.7392578125 0.4296875 0.001953125 0.0029296875
2 0.75 0.4306640625 0.001953125 0.0029296875
2 0.76171875 0.431640625 0.001953125 0.00390625
2 0.7763671875 0.4326171875 0.001953125 0.00390625
2 0.7900390625 0.43359375 0.0029296875 0.00390625
2 0.810546875 0.435546875 0.00390625 0.0048828125
2 0.8349609375 0.4384765625 0.00390625 0.005859375
2 0.87109375 0.4404296875 0.00390625 0.005859375
2 0.9130859375 0.4443359375 0.0048828125 0.0068359375
2 0.9384765625 0.447265625 0.005859375 0.0078125
2 0.923828125 0.4501953125 0.0068359375 0.0087890625
2 0.9658203125 0.4560546875 0.009765625 0.01171875
2 0.7197265625 0.4287109375 0.001953125 0.0029296875
2 0.685546875 0.4267578125 0.001953125 0.0029296875
2 0.6513671875 0.42578125 0.001953125 0.0029296875
2 0.615234375 0.423828125 0.001953125 0.0029296875
2 0.583984375 0.4228515625 0.001953125 0.0029296875
2 0.5673828125 0.4228515625 0.001953125 0.00390625
2 0.5888671875 0.423828125 0.001953125 0.00390625
2 0.6201171875 0.42578125 0.001953125 0.00390625
2 0.654296875 0.427734375 0.001953125 0.00390625
2 0.689453125 0.4296875 0.0029296875 0.00390625
2 0.71484375 0.431640625 0.0029296875 0.00390625
2 0.7412109375 0.4345703125 0.00390625 0.0048828125
2 0.73046875 0.435546875 0.00390625 0.005859375
2 0.69140625 0.4345703125 0.00390625 0.005859375
2 0.6484375 0.43359375 0.00390625 0.005859375
2 0.5927734375 0.4326171875 0.0048828125 0.0078125
2 0.556640625 0.4326171875 0.005859375 0.0078125
2 0.5498046875 0.435546875 0.005859375 0.0087890625
2 0.544921875 0.439453125 0.0078125 0.0107421875
2 0.537109375 0.4462890625 0.0107421875 0.013671875
2 0.517578125 0.458984375 0.0146484375 0.0205078125
2 0.5556640625 0.5556640625 0.048828125 0.064453125
2 0.4931640625 0.4794921875 0.0234375 0.029296875