1 0.0458984375 0.416015625 0.0126953125 0.013671875
1 0.0126953125 0.41015625 0.0107421875 0.01171875
1 0.029296875 0.4013671875 0.005859375 0.0078125
1 0.06640625 0.4013671875 0.00390625 0.005859375
1 0.03515625 0.3994140625 0.0048828125 0.005859375
1 0.009765625 0.3974609375 0.005859375 0.005859375
1 0.0703125 0.3984375 0.00390625 0.0048828125
1 0.12109375 0.3994140625 0.0029296875 0.0048828125
1 0.1787109375 0.4013671875 0.0029296875 0.00390625
1 0.2236328125 0.4033203125 0.0029296875 0.00390625
1 0.259765625 0.4052734375 0.001953125 0.0029296875
1 0.29296875 0.40625 0.001953125 0.00390625
1 0.3125 0.4072265625 0.0029296875 0.00390625
1 0.3271484375 0.4091796875 0.0029296875 0.00390625
1 0.341796875 0.41015625 0.0029296875 0.0048828125
1 0.3740234375 0.4130859375 0.00390625 0.005859375
1 0.40625 0.416015625 0.0048828125 0.0068359375
1 0.4423828125 0.4189453125 0.0048828125 0.0068359375
1 0.484375 0.4228515625 0.005859375 0.0078125
1 0.5478515625 0.4287109375 0.0068359375 0.0087890625
1 0.6298828125 0.435546875 0.0078125 0.009765625
1 0.7568359375 0.447265625 0.0107421875 0.0126953125
1 0.94140625 0.46484375 0.015625 0.0166015625
2 0.537109375 0.59375 0.0556640625 0.0595703125
2 0.099609375 0.50390625 0.0498046875 0.0537109375
2 0.1083984375 0.43359375 0.017578125 0.0205078125
2 0.1611328125 0.42578125 0.0126953125 0.015625
2 0.18359375 0.4189453125 0.009765625 0.0126953125
2 0.1435546875 0.4140625 0.0087890625 0.0107421875
2 0.0908203125 0.4091796875 0.0078125 0.009765625
2 0.0634765625 0.40625 0.0068359375 0.0087890625
2 0.0849609375 0.4052734375 0.005859375 0.0078125
2 0.1181640625 0.404296875 0.0048828125 0.0068359375
2 0.1396484375 0.404296875 0.00390625 0.005859375
2 0.1103515625 0.40234375 0.00390625 0.005859375
2 0.115234375 0.400390625 0.00390625 0.0048828125
2 0.15625 0.4013671875 0.00390625 0.005859375
2 0.208984375 0.4033203125 0.00390625 0.0048828125
2 0.2421875 0.4052734375 0.00390625 0.0048828125
2 0.2666015625 0.4072265625 0.00390625 0.0048828125
2 0.279296875 0.408203125 0.00390625 0.005859375
2 0.2919921875 0.41015625 0.00390625 0.005859375
2 0.30859375 0.4111328125 0.00390625 0.0068359375
2 0.3330078125 0.4140625 0.0048828125 0.0068359375
2 0.361328125 0.4169921875 0.005859375 0.0078125
2 0.3955078125 0.4208984375 0.0068359375 0.0087890625
2 0.443359375 0.4267578125 0.0078125 0.009765625
2 0.5224609375 0.435546875 0.0107421875 0.013671875
2 0.654296875 0.4501953125 0.0146484375 0.017578125
2 0.8447265625 0.4716796875 0.0205078125 0.0234375