1 0.0556640625 0.5341796875 0.0439453125 0.0478515625
1 0.05078125 0.4921875 0.02734375 0.02734375
1 0.087890625 0.470703125 0.017578125 0.01953125
1 0.1708984375 0.4609375 0.013671875 0.015625
1 0.255859375 0.453125 0.0087890625 0.0107421875
1 0.30078125 0.44921875 0.0078125 0.009765625
1 0.27734375 0.447265625 0.005859375 0.0078125
1 0.23828125 0.4453125 0.005859375 0.0078125
1 0.234375 0.443359375 0.00390625 0.005859375
1 0.251953125 0.44140625 0.0048828125 0.005859375
1 0.283203125 0.439453125 0.00390625 0.0048828125
1 0.3046875 0.439453125 0.00390625 0.0048828125
1 0.2646484375 0.4384765625 0.00390625 0.00390625
1 0.2783203125 0.4375 0.0029296875 0.00390625
1 0.3046875 0.4365234375 0.001953125 0.0029296875
1 0.3427734375 0.435546875 0.001953125 0.0029296875
1 0.38671875 0.435546875 0.0029296875 0.00390625
1 0.4228515625 0.435546875 0.001953125 0.00390625
1 0.4521484375 0.435546875 0.001953125 0.0029296875
1 0.48046875 0.435546875 0.001953125 0.00390625
1 0.4970703125 0.435546875 0.001953125 0.00390625
1 0.509765625 0.4365234375 0.001953125 0.00390625
1 0.521484375 0.4365234375 0.0029296875 0.0048828125
1 0.548828125 0.4384765625 0.00390625 0.0048828125
1 0.5771484375 0.4384765625 0.00390625 0.005859375
1 0.6083984375 0.4404296875 0.0048828125 0.0068359375
1 0.64453125 0.44140625 0.0048828125 0.0068359375
1 0.69921875 0.4443359375 0.005859375 0.0078125
1 0.7724609375 0.447265625 0.0078125 0.009765625
1 0.8857421875 0.4521484375 0.0107421875 0.0126953125
2 0.9384765625 0.58984375 0.064453125 0.06640625
2 0.5537109375 0.509765625 0.03125 0.0380859375
2 0.36328125 0.4853515625 0.0224609375 0.02734375
2 0.287109375 0.466796875 0.0146484375 0.0185546875
2 0.3486328125 0.4580078125 0.0107421875 0.013671875
2 0.3798828125 0.4521484375 0.0078125 0.01171875
2 0.39453125 0.4482421875 0.0078125 0.009765625
2 0.3642578125 0.4453125 0.005859375 0.0087890625
2 0.326171875 0.4443359375 0.0048828125 0.0078125
2 0.306640625 0.4423828125 0.0048828125 0.0068359375
2 0.3203125 0.44140625 0.00390625 0.005859375
2 0.3427734375 0.4404296875 0.00390625 0.0048828125
2 0.3583984375 0.4384765625 0.00390625 0.0048828125
2 0.337890625 0.4384765625 0.0029296875 0.0048828125
2 0.3701171875 0.4365234375 0.0029296875 0.00390625
2 0.4111328125 0.4365234375 0.0029296875 0.00390625
2 0.4375 0.4365234375 0.0029296875 0.0048828125
2 0.4580078125 0.4365234375 0.0029296875 0.00390625
2 0.4677734375 0.4375 0.0029296875 0.0048828125
2 0.478515625 0.4384765625 0.0029296875 0.0048828125
2 0.4921875 0.4384765625 0.00390625 0.005859375
2 0.51171875 0.4404296875 0.00390625 0.005859375
2 0.5361328125 0.44140625 0.0048828125 0.0068359375
2 0.5634765625 0.443359375 0.005859375 0.0078125
2 0.6015625 0.4453125 0.0068359375 0.0087890625
2 0.6640625 0.4501953125 0.0087890625 0.01171875
2 0.7685546875 0.45703125 0.0126953125 0.0146484375
2 0.91796875 0.466796875 0.017578125 0.01953125