1 0.1787109375 0.595703125 0.048828125 0.0556640625
1 0.017578125 0.5302734375 0.03515625 0.044921875
1 0.109375 0.478515625 0.01953125 0.0205078125
1 0.2509765625 0.46484375 0.0146484375 0.0166015625
1 0.3828125 0.458984375 0.01171875 0.013671875
1 0.5166015625 0.4541015625 0.0087890625 0.0126953125
1 0.6328125 0.453125 0.009765625 0.01171875
1 0.7265625 0.453125 0.009765625 0.0107421875
1 0.8564453125 0.4541015625 0.0107421875 0.0126953125
1 0.98828125 0.4580078125 0.013671875 0.0146484375
2 0.802734375 0.5498046875 0.0546875 0.056640625
2 0.45703125 0.50390625 0.03125 0.03515625
2 0.41015625 0.4765625 0.017578125 0.021484375
2 0.5087890625 0.4638671875 0.013671875 0.0166015625
2 0.6708984375 0.4619140625 0.013671875 0.0166015625
2 0.8134765625 0.46484375 0.0166015625 0.0185546875