1 0.875 0.443359375 0.0029296875 0.005859375
1 0.92578125 0.4443359375 0.0048828125 0.0068359375
1 0.9951171875 0.4462890625 0.0048828125 0.0068359375
1 0.1337890625 0.5888671875 0.064453125 0.068359375
1 0.3291015625 0.501953125 0.029296875 0.0322265625
1 0.39453125 0.4736328125 0.0146484375 0.0185546875
1 0.4453125 0.462890625 0.009765625 0.0126953125
1 0.498046875 0.458984375 0.0087890625 0.0107421875
1 0.5654296875 0.455078125 0.0078125 0.009765625
1 0.634765625 0.4521484375 0.005859375 0.0087890625
1 0.68359375 0.4501953125 0.005859375 0.0078125
1 0.6748046875 0.4482421875 0.0048828125 0.005859375
1 0.6435546875 0.4462890625 0.0048828125 0.005859375
1 0.6025390625 0.4453125 0.00390625 0.005859375
1 0.83984375 0.4423828125 0.00390625 0.0048828125
1 0.78125 0.44140625 0.0029296875 0.00390625
1 0.734375 0.4404296875 0.001953125 0.00390625
1 0.7041015625 0.4404296875 0.001953125 0.00390625
1 0.6513671875 0.4404296875 0.001953125 0.0029296875
1 0.6103515625 0.4404296875 0.001953125 0.00390625
1 0.5791015625 0.4404296875 0.0029296875 0.00390625
1 0.5458984375 0.44140625 0.001953125 0.0029296875
1 0.509765625 0.44140625 0.001953125 0.00390625
1 0.478515625 0.44140625 0.0029296875 0.00390625
1 0.45703125 0.4443359375 0.0029296875 0.0048828125
1 0.4521484375 0.443359375 0.00390625 0.0048828125
1 0.48046875 0.4443359375 0.00390625 0.0048828125
1 0.517578125 0.4443359375 0.00390625 0.0048828125
1 0.5634765625 0.4453125 0.00390625 0.0048828125
2 0.7099609375 0.44140625 0.0029296875 0.00390625
2 0.728515625 0.44140625 0.0029296875 0.00390625
2 0.7509765625 0.4423828125 0.00390625 0.0048828125
2 0.779296875 0.443359375 0.00390625 0.0048828125
2 0.8076171875 0.4443359375 0.00390625 0.005859375
2 0.8486328125 0.4453125 0.0048828125 0.005859375
2 0.9052734375 0.447265625 0.005859375 0.0078125
2 0.9921875 0.44921875 0.0068359375 0.0087890625
2 0.6806640625 0.4404296875 0.0029296875 0.00390625
2 0.6396484375 0.44140625 0.0029296875 0.00390625
2 0.599609375 0.44140625 0.0029296875 0.00390625
2 0.556640625 0.44140625 0.001953125 0.00390625
2 0.5205078125 0.4423828125 0.0029296875 0.00390625
2 0.5009765625 0.443359375 0.0029296875 0.00390625
2 0.505859375 0.443359375 0.0029296875 0.0048828125
2 0.533203125 0.443359375 0.0029296875 0.00390625
2 0.5771484375 0.443359375 0.0029296875 0.0048828125
2 0.6259765625 0.4443359375 0.00390625 0.0048828125
2 0.6767578125 0.4443359375 0.00390625 0.0048828125
2 0.71875 0.4453125 0.0048828125 0.005859375
2 0.7529296875 0.447265625 0.0048828125 0.0068359375
2 0.783203125 0.4482421875 0.005859375 0.0078125
2 0.7880859375 0.451171875 0.005859375 0.0087890625
2 0.7470703125 0.453125 0.0078125 0.009765625
2 0.69921875 0.4560546875 0.0078125 0.0107421875
2 0.6318359375 0.4609375 0.0087890625 0.0126953125
2 0.6015625 0.4677734375 0.0126953125 0.0166015625
2 0.63671875 0.4794921875 0.017578125 0.0224609375
2 0.736328125 0.5068359375 0.0322265625 0.03515625
0 0.8037109375 0.44140625 0.0048828125 0.0107421875
0 0.8095703125 0.44140625 0.005859375 0.0107421875
0 0.873046875 0.44140625 0.0048828125 0.009765625
0 0.87890625 0.44140625 0.005859375 0.009765625