2 0.341796875 0.4130859375 0.0048828125 0.005859375
2 0.3798828125 0.4150390625 0.0048828125 0.0068359375
2 0.404296875 0.4169921875 0.0048828125 0.0068359375
2 0.4072265625 0.419921875 0.005859375 0.0078125
2 0.3994140625 0.4228515625 0.0068359375 0.0087890625
2 0.3798828125 0.42578125 0.0078125 0.0107421875
2 0.375 0.43359375 0.0107421875 0.0146484375
2 0.4189453125 0.4443359375 0.0146484375 0.0185546875
2 0.619140625 0.470703125 0.0205078125 0.0263671875
2 0.9951171875 0.505859375 0.0087890625 0.0380859375
2 0.2802734375 0.48828125 0.037109375 0.0419921875
2 0.19140625 0.4482421875 0.0205078125 0.025390625
2 0.1474609375 0.4296875 0.0146484375 0.0185546875
2 0.125 0.4208984375 0.0107421875 0.0146484375
2 0.1083984375 0.4140625 0.0087890625 0.01171875
2 0.0986328125 0.4091796875 0.0078125 0.0107421875
2 0.1376953125 0.40625 0.0048828125 0.0068359375
2 0.20703125 0.4072265625 0.00390625 0.005859375
2 0.2783203125 0.41015625 0.00390625 0.005859375
1 0.283203125 0.4091796875 0.00390625 0.0048828125
1 0.4580078125 0.4169921875 0.00390625 0.005859375
1 0.486328125 0.419921875 0.0048828125 0.0068359375
1 0.4921875 0.4228515625 0.0048828125 0.0068359375
1 0.498046875 0.42578125 0.005859375 0.0078125
1 0.50390625 0.4306640625 0.0087890625 0.0107421875
1 0.54296875 0.4384765625 0.0107421875 0.013671875
1 0.6865234375 0.455078125 0.0146484375 0.0185546875
1 0.9287109375 0.4755859375 0.0205078125 0.0224609375
1 0.0029296875 0.40234375 0.005859375 0.0078125
1 0.06640625 0.40234375 0.005859375 0.0068359375
1 0.14453125 0.404296875 0.00390625 0.005859375
1 0.208984375 0.404296875 0.0029296875 0.0048828125