1 0.5107421875 0.48828125 0.0224609375 0.02734375
2 0.9873046875 0.4833984375 0.0234375 0.025390625
2 0.96484375 0.513671875 0.0380859375 0.0400390625
1 0.3505859375 0.544921875 0.0439453125 0.0537109375
1 0.67578125 0.4755859375 0.017578125 0.0205078125
2 0.953125 0.44921875 0.0078125 0.009765625
1 0.85546875 0.4501953125 0.0078125 0.009765625
2 0.97265625 0.443359375 0.005859375 0.0078125
2 0.9296875 0.44140625 0.0048828125 0.005859375
2 0.8701171875 0.4462890625 0.0068359375 0.0087890625
1 0.7978515625 0.466796875 0.0146484375 0.0166015625
1 0.6376953125 0.4423828125 0.00390625 0.005859375
2 0.7060546875 0.4423828125 0.00390625 0.005859375
2 0.8857421875 0.4404296875 0.00390625 0.005859375
1 0.87890625 0.455078125 0.009765625 0.013671875
1 0.6669921875 0.4443359375 0.00390625 0.005859375
1 0.724609375 0.4462890625 0.005859375 0.0078125
2 0.7431640625 0.4443359375 0.00390625 0.005859375
2 0.6943359375 0.44140625 0.00390625 0.0048828125
2 0.7841796875 0.439453125 0.00390625 0.0048828125
2 0.7529296875 0.439453125 0.0029296875 0.00390625
1 0.9892578125 0.4404296875 0.0048828125 0.005859375
1 0.939453125 0.439453125 0.00390625 0.0048828125
2 0.828125 0.4404296875 0.00390625 0.0048828125
1 0.6416015625 0.4404296875 0.00390625 0.0048828125
2 0.76171875 0.4375 0.001953125 0.0029296875
2 0.783203125 0.4365234375 0.001953125 0.0029296875
2 0.69140625 0.439453125 0.00390625 0.0048828125
2 0.74609375 0.4375 0.001953125 0.0029296875
2 0.740234375 0.4384765625 0.001953125 0.00390625
2 0.7060546875 0.435546875 0.001953125 0.0029296875
1 0.7958984375 0.4462890625 0.0068359375 0.009765625
2 0.798828125 0.4365234375 0.001953125 0.0029296875
2 0.6884765625 0.4365234375 0.001953125 0.00390625
1 0.8251953125 0.439453125 0.0029296875 0.00390625
1 0.712890625 0.4345703125 0.001953125 0.0029296875
2 0.7666015625 0.4345703125 0.001953125 0.0029296875
1 0.6826171875 0.435546875 0.001953125 0.001953125
1 0.7939453125 0.4375 0.001953125 0.0029296875
1 0.6533203125 0.435546875 0.001953125 0.0029296875
1 0.8017578125 0.4384765625 0.0029296875 0.00390625
1 0.650390625 0.4365234375 0.001953125 0.0029296875
2 0.7353515625 0.435546875 0.001953125 0.0029296875
1 0.6455078125 0.4384765625 0.00390625 0.0048828125
1 0.662109375 0.435546875 0.001953125 0.001953125
1 0.6484375 0.4375 0.0029296875 0.00390625
2 0.8115234375 0.435546875 0.001953125 0.0029296875
1 0.8427734375 0.4365234375 0.0029296875 0.0029296875
1 0.875 0.4599609375 0.0087890625 0.0126953125