1 0.662109375 0.4482421875 0.0166015625 0.0205078125
1 0.7724609375 0.482421875 0.03125 0.037109375
2 0.890625 0.4443359375 0.0185546875 0.0205078125
2 0.740234375 0.43359375 0.01171875 0.0146484375
2 0.7119140625 0.4287109375 0.009765625 0.01171875
2 0.7822265625 0.42578125 0.0087890625 0.0107421875
2 0.88671875 0.4248046875 0.0107421875 0.01171875
1 0.416015625 0.5830078125 0.06640625 0.080078125
1 0.564453125 0.435546875 0.0107421875 0.0146484375
1 0.7255859375 0.4208984375 0.0068359375 0.0087890625
1 0.607421875 0.4228515625 0.0078125 0.0087890625
1 0.5458984375 0.427734375 0.0087890625 0.0107421875
1 0.8681640625 0.4208984375 0.0078125 0.009765625