2 0.796875 0.5244140625 0.0419921875 0.0458984375
2 0.642578125 0.482421875 0.0205078125 0.0244140625
2 0.541015625 0.46875 0.0146484375 0.0185546875
2 0.4169921875 0.4619140625 0.0107421875 0.013671875
2 0.30859375 0.458984375 0.009765625 0.0126953125
2 0.2080078125 0.4580078125 0.0078125 0.0107421875
2 0.111328125 0.45703125 0.0087890625 0.0107421875
2 0.0732421875 0.455078125 0.005859375 0.0087890625
2 0.0703125 0.451171875 0.0048828125 0.0078125
2 0.0751953125 0.4501953125 0.00390625 0.005859375
2 0.0771484375 0.447265625 0.0048828125 0.005859375
2 0.08203125 0.4453125 0.00390625 0.005859375
2 0.0849609375 0.4423828125 0.0029296875 0.00390625
2 0.0947265625 0.4423828125 0.0029296875 0.00390625
2 0.1162109375 0.44140625 0.001953125 0.00390625
2 0.154296875 0.4404296875 0.001953125 0.00390625
2 0.193359375 0.439453125 0.001953125 0.0029296875
2 0.2275390625 0.439453125 0.001953125 0.0029296875
2 0.2353515625 0.4404296875 0.001953125 0.00390625
2 0.2333984375 0.4404296875 0.001953125 0.0029296875
2 0.2197265625 0.44140625 0.0029296875 0.00390625
2 0.19140625 0.4423828125 0.0029296875 0.00390625
2 0.1669921875 0.443359375 0.0029296875 0.00390625
2 0.150390625 0.4453125 0.00390625 0.005859375
2 0.1640625 0.4462890625 0.00390625 0.005859375
2 0.2041015625 0.4462890625 0.00390625 0.0068359375
2 0.259765625 0.4462890625 0.0048828125 0.005859375
2 0.31640625 0.447265625 0.00390625 0.0068359375
2 0.3779296875 0.447265625 0.005859375 0.0078125
2 0.4248046875 0.44921875 0.005859375 0.0087890625
2 0.48046875 0.451171875 0.0078125 0.0107421875
2 0.5576171875 0.455078125 0.009765625 0.01171875
2 0.666015625 0.4599609375 0.01171875 0.0146484375
2 0.8486328125 0.46875 0.017578125 0.01953125
1 0.2763671875 0.546875 0.048828125 0.0537109375
1 0.34375 0.48828125 0.0224609375 0.0263671875
1 0.2783203125 0.4716796875 0.015625 0.017578125
1 0.19921875 0.46484375 0.01171875 0.0146484375
1 0.0556640625 0.4638671875 0.01171875 0.013671875
1 0.0048828125 0.447265625 0.00390625 0.0048828125
1 0.0126953125 0.4453125 0.00390625 0.0048828125
1 0.0205078125 0.4443359375 0.0029296875 0.00390625
1 0.0263671875 0.443359375 0.001953125 0.0029296875
1 0.03125 0.443359375 0.001953125 0.0029296875
1 0.0576171875 0.4423828125 0.001953125 0.00390625
1 0.14453125 0.4404296875 0.001953125 0.0029296875
1 0.240234375 0.439453125 0.001953125 0.0029296875
1 0.2646484375 0.439453125 0.001953125 0.0029296875
1 0.279296875 0.439453125 0.001953125 0.00390625
1 0.2900390625 0.439453125 0.001953125 0.00390625
1 0.2734375 0.4404296875 0.0029296875 0.00390625
1 0.2509765625 0.44140625 0.0029296875 0.00390625
1 0.2255859375 0.4423828125 0.0029296875 0.00390625
1 0.21875 0.443359375 0.0029296875 0.0048828125
1 0.22265625 0.4443359375 0.0029296875 0.0048828125
1 0.2568359375 0.4443359375 0.0029296875 0.0048828125
1 0.314453125 0.4443359375 0.00390625 0.005859375
1 0.3818359375 0.4443359375 0.0048828125 0.005859375
1 0.4462890625 0.4453125 0.005859375 0.0068359375
1 0.494140625 0.4462890625 0.005859375 0.0078125
2 0.55859375 0.44921875 0.005859375 0.0078125
1 0.6376953125 0.451171875 0.0087890625 0.0107421875
1 0.76171875 0.455078125 0.0107421875 0.0126953125
1 0.9541015625 0.4609375 0.015625 0.017578125