1 0.74609375 0.447265625 0.005859375 0.0078125
1 0.8408203125 0.44921875 0.0068359375 0.0087890625
1 0.984375 0.4521484375 0.0107421875 0.01171875
1 0.36328125 0.544921875 0.048828125 0.0537109375
1 0.5400390625 0.4912109375 0.0234375 0.02734375
1 0.591796875 0.4716796875 0.013671875 0.0185546875
1 0.5302734375 0.4638671875 0.0107421875 0.0146484375
1 0.4453125 0.458984375 0.0087890625 0.01171875
1 0.357421875 0.45703125 0.0087890625 0.0107421875
1 0.6826171875 0.4462890625 0.0048828125 0.0068359375
1 0.6259765625 0.4453125 0.0048828125 0.0068359375
1 0.58203125 0.4443359375 0.00390625 0.005859375
1 0.5078125 0.443359375 0.00390625 0.0048828125
1 0.4658203125 0.443359375 0.00390625 0.0048828125
1 0.3955078125 0.4443359375 0.0029296875 0.0048828125
1 0.3388671875 0.4453125 0.00390625 0.0048828125
1 0.2919921875 0.4462890625 0.00390625 0.0048828125
1 0.240234375 0.447265625 0.00390625 0.005859375
1 0.1796875 0.4482421875 0.00390625 0.005859375
1 0.1201171875 0.4501953125 0.0048828125 0.005859375
1 0.0732421875 0.4521484375 0.005859375 0.0078125
1 0.05859375 0.4541015625 0.005859375 0.0078125
1 0.0634765625 0.4560546875 0.0068359375 0.0087890625
1 0.1083984375 0.4560546875 0.0078125 0.0087890625
1 0.185546875 0.4560546875 0.0078125 0.0087890625
1 0.27734375 0.4560546875 0.0078125 0.009765625
2 0.484375 0.4453125 0.00390625 0.005859375
2 0.5185546875 0.4462890625 0.0048828125 0.005859375
2 0.55859375 0.447265625 0.0048828125 0.0068359375
2 0.61328125 0.4482421875 0.005859375 0.0078125
2 0.671875 0.4501953125 0.005859375 0.0087890625
2 0.759765625 0.4521484375 0.0078125 0.0107421875
2 0.8955078125 0.455078125 0.0107421875 0.0126953125
2 0.4404296875 0.4453125 0.00390625 0.005859375
2 0.3828125 0.4453125 0.00390625 0.005859375
2 0.3251953125 0.4462890625 0.00390625 0.005859375
2 0.259765625 0.4482421875 0.00390625 0.005859375
2 0.197265625 0.44921875 0.0048828125 0.0068359375
2 0.16015625 0.451171875 0.0048828125 0.0068359375
2 0.1669921875 0.4521484375 0.005859375 0.0078125
2 0.21875 0.453125 0.005859375 0.0078125
2 0.298828125 0.4521484375 0.0068359375 0.0087890625
2 0.3876953125 0.453125 0.0068359375 0.0087890625
2 0.48046875 0.453125 0.0078125 0.009765625
2 0.5654296875 0.455078125 0.0087890625 0.0107421875
2 0.6513671875 0.4580078125 0.0107421875 0.0126953125
2 0.751953125 0.462890625 0.013671875 0.015625
2 0.8525390625 0.47265625 0.0185546875 0.0205078125
2 0.888671875 0.490234375 0.0244140625 0.029296875
2 0.9814453125 0.53125 0.0361328125 0.0478515625
0 0.6640625 0.4462890625 0.0078125 0.0146484375
0 0.6787109375 0.4462890625 0.0087890625 0.015625
0 0.7412109375 0.4443359375 0.0078125 0.013671875
0 0.7548828125 0.4443359375 0.0078125 0.013671875