1 0.408203125 0.482421875 0.013671875 0.017578125
1 0.3779296875 0.4990234375 0.0224609375 0.025390625
1 0.2568359375 0.5869140625 0.0390625 0.0712890625
1 0.8623046875 0.4716796875 0.0107421875 0.013671875
1 0.7314453125 0.4677734375 0.0087890625 0.01171875
1 0.6142578125 0.4677734375 0.0087890625 0.0107421875
1 0.5078125 0.4697265625 0.009765625 0.0126953125
1 0.4345703125 0.474609375 0.01171875 0.013671875
2 0.9638671875 0.580078125 0.052734375 0.068359375
2 0.6552734375 0.49609375 0.0205078125 0.025390625
2 0.6171875 0.4814453125 0.013671875 0.017578125
2 0.6396484375 0.474609375 0.0126953125 0.015625
2 0.7568359375 0.4736328125 0.0126953125 0.015625
2 0.91015625 0.4794921875 0.015625 0.017578125
0 0.22265625 0.5703125 0.0732421875 0.1064453125
0 0.2626953125 0.5556640625 0.0712890625 0.09765625
0 0.9296875 0.5498046875 0.068359375 0.099609375