1 0.8251953125 0.4501953125 0.005859375 0.0068359375
1 0.87890625 0.453125 0.0078125 0.0078125
1 0.951171875 0.4560546875 0.0087890625 0.0087890625
1 0.265625 0.5185546875 0.0390625 0.0419921875
1 0.357421875 0.4833984375 0.0185546875 0.0224609375
1 0.39453125 0.46875 0.0126953125 0.0166015625
1 0.4140625 0.4609375 0.0087890625 0.0126953125
1 0.427734375 0.4560546875 0.0068359375 0.0087890625
1 0.4365234375 0.4521484375 0.005859375 0.0078125
1 0.4423828125 0.44921875 0.00390625 0.0068359375
1 0.4462890625 0.447265625 0.00390625 0.005859375
1 0.451171875 0.4453125 0.0029296875 0.0048828125
1 0.47265625 0.4443359375 0.0029296875 0.00390625
1 0.51171875 0.4443359375 0.001953125 0.00390625
1 0.5615234375 0.443359375 0.0029296875 0.00390625
1 0.60546875 0.4443359375 0.0029296875 0.00390625
1 0.65234375 0.4443359375 0.00390625 0.00390625
1 0.6943359375 0.4453125 0.0029296875 0.0048828125
1 0.7255859375 0.4462890625 0.00390625 0.00390625
1 0.751953125 0.447265625 0.00390625 0.0048828125
1 0.7841796875 0.4482421875 0.00390625 0.005859375
2 0.6650390625 0.4462890625 0.0029296875 0.0048828125
2 0.6845703125 0.447265625 0.00390625 0.005859375
2 0.708984375 0.4482421875 0.00390625 0.005859375
2 0.7392578125 0.4501953125 0.0048828125 0.0068359375
2 0.779296875 0.4521484375 0.005859375 0.0078125
2 0.833984375 0.4560546875 0.0068359375 0.009765625
2 0.9130859375 0.4609375 0.0087890625 0.0126953125
2 0.7861328125 0.5205078125 0.0341796875 0.0400390625
2 0.654296875 0.484375 0.0166015625 0.0224609375
2 0.6015625 0.46875 0.0126953125 0.0166015625
2 0.572265625 0.4609375 0.0087890625 0.0126953125
2 0.5537109375 0.4560546875 0.0078125 0.009765625
2 0.5419921875 0.4521484375 0.005859375 0.0078125
2 0.5322265625 0.4501953125 0.00390625 0.005859375
2 0.525390625 0.4482421875 0.00390625 0.005859375
2 0.51953125 0.447265625 0.0029296875 0.0048828125
2 0.515625 0.4453125 0.0029296875 0.0048828125
2 0.5341796875 0.4453125 0.00390625 0.0048828125
2 0.5771484375 0.4443359375 0.00390625 0.0048828125
2 0.6259765625 0.4453125 0.0029296875 0.0048828125