1 0.41015625 0.4208984375 0.0029296875 0.00390625
1 0.4462890625 0.423828125 0.00390625 0.005859375
1 0.4931640625 0.427734375 0.00390625 0.005859375
1 0.552734375 0.431640625 0.00390625 0.005859375
1 0.6181640625 0.435546875 0.005859375 0.0068359375
1 0.6904296875 0.4423828125 0.005859375 0.0078125
1 0.7451171875 0.447265625 0.0078125 0.0107421875
1 0.798828125 0.453125 0.0087890625 0.009765625
1 0.8681640625 0.458984375 0.0107421875 0.01171875
1 0.98046875 0.46484375 0.0107421875 0.0126953125
1 0.0830078125 0.421875 0.0107421875 0.0107421875
1 0.173828125 0.421875 0.0078125 0.0087890625
1 0.2314453125 0.4208984375 0.005859375 0.0078125
1 0.22265625 0.4189453125 0.005859375 0.0068359375
1 0.189453125 0.416015625 0.005859375 0.005859375
1 0.1396484375 0.412109375 0.0048828125 0.005859375
1 0.3828125 0.419921875 0.0029296875 0.0048828125
1 0.3330078125 0.416015625 0.0029296875 0.00390625
1 0.2900390625 0.4130859375 0.001953125 0.00390625
1 0.259765625 0.412109375 0.001953125 0.00390625
1 0.203125 0.4091796875 0.001953125 0.0029296875
1 0.1533203125 0.4072265625 0.0029296875 0.00390625
1 0.1123046875 0.4052734375 0.0029296875 0.00390625
1 0.0673828125 0.404296875 0.00390625 0.0048828125
1 0.013671875 0.40234375 0.00390625 0.0048828125
1 0.0234375 0.40625 0.0048828125 0.005859375
1 0.0888671875 0.4091796875 0.00390625 0.005859375
2 0.2646484375 0.4130859375 0.0029296875 0.00390625
2 0.2841796875 0.4140625 0.00390625 0.0048828125
2 0.3046875 0.416015625 0.00390625 0.0048828125
2 0.330078125 0.41796875 0.00390625 0.0048828125
2 0.3544921875 0.4189453125 0.0029296875 0.005859375
2 0.388671875 0.4228515625 0.00390625 0.005859375
2 0.4306640625 0.42578125 0.0048828125 0.005859375
2 0.4892578125 0.4306640625 0.0048828125 0.0068359375
2 0.556640625 0.4345703125 0.005859375 0.0078125
2 0.611328125 0.439453125 0.0068359375 0.0087890625
2 0.662109375 0.4482421875 0.0087890625 0.01171875
2 0.78515625 0.4599609375 0.01171875 0.0146484375
2 0.9951171875 0.4736328125 0.009765625 0.0166015625
2 0.2353515625 0.4111328125 0.001953125 0.0029296875
2 0.1884765625 0.4091796875 0.0029296875 0.00390625
2 0.1396484375 0.4072265625 0.00390625 0.0048828125
2 0.0830078125 0.4052734375 0.00390625 0.0048828125
2 0.0302734375 0.4033203125 0.00390625 0.0048828125
2 0.0009765625 0.40283203125 0.001953125 0.0048828125
2 0.005859375 0.404296875 0.00390625 0.005859375
2 0.0478515625 0.40625 0.0048828125 0.005859375
2 0.1083984375 0.4091796875 0.00390625 0.005859375
2 0.169921875 0.412109375 0.0048828125 0.005859375
2 0.2275390625 0.4150390625 0.00390625 0.005859375
2 0.271484375 0.41796875 0.0048828125 0.005859375
2 0.3037109375 0.4208984375 0.0048828125 0.0068359375
2 0.330078125 0.423828125 0.0048828125 0.0078125
2 0.333984375 0.42578125 0.005859375 0.0078125
2 0.2939453125 0.4267578125 0.0078125 0.009765625
2 0.244140625 0.427734375 0.0087890625 0.0107421875
2 0.166015625 0.431640625 0.01171875 0.013671875
2 0.1220703125 0.4384765625 0.0166015625 0.0185546875
2 0.1572265625 0.4521484375 0.0205078125 0.0234375
2 0.2470703125 0.48046875 0.0322265625 0.0341796875
2 0.537109375 0.572265625 0.064453125 0.068359375
0 0.3505859375 0.41796875 0.00390625 0.0087890625
0 0.3564453125 0.41796875 0.0048828125 0.009765625
0 0.408203125 0.419921875 0.00390625 0.009765625
0 0.4130859375 0.419921875 0.0048828125 0.009765625