2 0.51953125 0.4794921875 0.025390625 0.029296875
1 0.275390625 0.453125 0.0185546875 0.0224609375
1 0.0458984375 0.4765625 0.037109375 0.037109375
2 0.466796875 0.5224609375 0.0419921875 0.0498046875
2 0.611328125 0.462890625 0.015625 0.01953125
1 0.4287109375 0.447265625 0.0126953125 0.015625
2 0.76171875 0.4521484375 0.009765625 0.0126953125
1 0.5322265625 0.4443359375 0.0107421875 0.0126953125
2 0.69140625 0.45703125 0.0126953125 0.015625
2 0.8017578125 0.44921875 0.0078125 0.0107421875
1 0.6396484375 0.4423828125 0.0078125 0.009765625
2 0.8291015625 0.447265625 0.0068359375 0.0087890625
2 0.8515625 0.4462890625 0.0068359375 0.0078125
2 0.9912109375 0.4501953125 0.005859375 0.0078125
1 0.6904296875 0.44140625 0.0078125 0.0087890625
2 0.908203125 0.447265625 0.005859375 0.0078125
1 0.97265625 0.447265625 0.0048828125 0.0068359375
1 0.8955078125 0.4443359375 0.005859375 0.0068359375
1 0.8349609375 0.4423828125 0.0048828125 0.0068359375
1 0.7412109375 0.4404296875 0.005859375 0.0078125
1 0.7890625 0.44140625 0.005859375 0.0068359375
1 0.9765625 0.443359375 0.00390625 0.0048828125
2 0.9375 0.439453125 0.0029296875 0.0048828125
1 0.9033203125 0.4384765625 0.0029296875 0.00390625
2 0.962890625 0.44140625 0.00390625 0.0048828125
1 0.8857421875 0.4375 0.0029296875 0.00390625
1 0.9208984375 0.4375 0.0029296875 0.00390625
1 0.89453125 0.4375 0.001953125 0.00390625
1 0.9580078125 0.439453125 0.0029296875 0.00390625