2 0.3447265625 0.5556640625 0.056640625 0.0595703125
2 0.2548828125 0.4755859375 0.0224609375 0.02734375
2 0.130859375 0.4501953125 0.017578125 0.01953125
2 0.0869140625 0.4248046875 0.009765625 0.0107421875
2 0.21875 0.435546875 0.009765625 0.01171875
2 0.3759765625 0.447265625 0.009765625 0.01171875
2 0.5546875 0.458984375 0.0087890625 0.0107421875
2 0.7119140625 0.47265625 0.0087890625 0.0126953125
2 0.9228515625 0.494140625 0.0126953125 0.0146484375
1 0.853515625 0.4794921875 0.0087890625 0.0107421875
1 0.6982421875 0.4658203125 0.0078125 0.0107421875
1 0.5654296875 0.455078125 0.0078125 0.009765625
1 0.4375 0.4462890625 0.0078125 0.009765625
1 0.3056640625 0.4365234375 0.0078125 0.009765625
1 0.1982421875 0.4287109375 0.0078125 0.0087890625
1 0.0625 0.4189453125 0.0087890625 0.0087890625