1 0.88671875 0.443359375 0.0048828125 0.005859375
1 0.939453125 0.4443359375 0.005859375 0.005859375
1 0.326171875 0.5107421875 0.03125 0.0361328125
1 0.3974609375 0.4775390625 0.015625 0.01953125
1 0.44921875 0.46484375 0.0107421875 0.013671875
1 0.50390625 0.4609375 0.0087890625 0.01171875
1 0.572265625 0.45703125 0.0078125 0.0107421875
1 0.642578125 0.453125 0.005859375 0.0087890625
1 0.693359375 0.4501953125 0.005859375 0.0078125
1 0.6826171875 0.44921875 0.0048828125 0.0068359375
1 0.650390625 0.447265625 0.0048828125 0.005859375
1 0.6083984375 0.4462890625 0.00390625 0.005859375
1 0.849609375 0.4423828125 0.00390625 0.005859375
1 0.8154296875 0.44140625 0.0029296875 0.00390625
1 0.7412109375 0.44140625 0.001953125 0.00390625
1 0.6572265625 0.4404296875 0.001953125 0.0029296875
1 0.615234375 0.44140625 0.001953125 0.00390625
1 0.5498046875 0.4423828125 0.0029296875 0.00390625
1 0.5126953125 0.4423828125 0.001953125 0.00390625
1 0.4814453125 0.443359375 0.001953125 0.00390625
1 0.4609375 0.4453125 0.00390625 0.005859375
1 0.455078125 0.4443359375 0.0029296875 0.0048828125
1 0.4833984375 0.4453125 0.0029296875 0.0048828125
1 0.521484375 0.4462890625 0.0029296875 0.0048828125
1 0.568359375 0.4453125 0.00390625 0.005859375
2 0.7158203125 0.44140625 0.0029296875 0.00390625
2 0.7353515625 0.4423828125 0.0029296875 0.0048828125
2 0.7578125 0.4423828125 0.00390625 0.0048828125
2 0.7880859375 0.443359375 0.00390625 0.005859375
2 0.8173828125 0.4443359375 0.00390625 0.005859375
2 0.8603515625 0.4453125 0.0048828125 0.0068359375
2 0.9189453125 0.447265625 0.005859375 0.0068359375
2 0.6865234375 0.44140625 0.0029296875 0.0048828125
2 0.64453125 0.44140625 0.0029296875 0.00390625
2 0.603515625 0.4423828125 0.0029296875 0.00390625
2 0.560546875 0.4423828125 0.0029296875 0.0048828125
2 0.5244140625 0.443359375 0.0029296875 0.00390625
2 0.5048828125 0.4443359375 0.0029296875 0.00390625
2 0.5087890625 0.4443359375 0.0029296875 0.00390625
2 0.537109375 0.4453125 0.0029296875 0.0048828125
2 0.58203125 0.4443359375 0.00390625 0.0048828125
2 0.6318359375 0.4453125 0.00390625 0.0048828125
2 0.6845703125 0.4443359375 0.0048828125 0.0068359375
2 0.7265625 0.4462890625 0.00390625 0.0068359375
2 0.7626953125 0.447265625 0.0048828125 0.0068359375
2 0.794921875 0.44921875 0.005859375 0.0078125
2 0.8017578125 0.4521484375 0.005859375 0.0087890625
2 0.759765625 0.4541015625 0.0068359375 0.009765625
2 0.7109375 0.45703125 0.0078125 0.0107421875
2 0.6435546875 0.462890625 0.009765625 0.013671875
2 0.6142578125 0.470703125 0.013671875 0.017578125
2 0.6552734375 0.4833984375 0.0185546875 0.0234375
2 0.77734375 0.515625 0.03515625 0.0390625