1 0.6826171875 0.443359375 0.0078125 0.0087890625
1 0.712890625 0.4423828125 0.005859375 0.0078125
1 0.73828125 0.44140625 0.0048828125 0.005859375
1 0.759765625 0.439453125 0.00390625 0.005859375
1 0.77734375 0.4384765625 0.00390625 0.0048828125
1 0.7958984375 0.4384765625 0.0029296875 0.0048828125
1 0.837890625 0.4404296875 0.0029296875 0.00390625
1 0.8681640625 0.4404296875 0.001953125 0.00390625
1 0.8515625 0.439453125 0.001953125 0.00390625
1 0.8271484375 0.4375 0.0029296875 0.00390625
1 0.8203125 0.4365234375 0.001953125 0.00390625
1 0.8251953125 0.4365234375 0.001953125 0.0029296875
1 0.8310546875 0.4365234375 0.001953125 0.0029296875
1 0.8349609375 0.4365234375 0.001953125 0.0029296875
1 0.84765625 0.4365234375 0.001953125 0.0029296875
1 0.873046875 0.4375 0.001953125 0.0029296875
1 0.8984375 0.4384765625 0.001953125 0.0029296875
1 0.923828125 0.439453125 0.0029296875 0.00390625
1 0.9521484375 0.44140625 0.001953125 0.0029296875
1 0.9921875 0.443359375 0.0029296875 0.00390625
1 0.6455078125 0.4453125 0.0087890625 0.0107421875
1 0.5908203125 0.447265625 0.009765625 0.0126953125
1 0.51953125 0.451171875 0.01171875 0.0146484375
1 0.380859375 0.4580078125 0.017578125 0.0205078125
1 0.1416015625 0.470703125 0.0283203125 0.03125
2 0.6005859375 0.478515625 0.0205078125 0.02734375
2 0.6962890625 0.46484375 0.0146484375 0.01953125
2 0.7470703125 0.4580078125 0.0126953125 0.0146484375
2 0.783203125 0.453125 0.009765625 0.01171875
2 0.8046875 0.4501953125 0.0078125 0.0107421875
2 0.8193359375 0.4482421875 0.0068359375 0.0087890625
2 0.8330078125 0.4462890625 0.005859375 0.0078125
2 0.845703125 0.4443359375 0.00390625 0.0068359375
2 0.8544921875 0.4423828125 0.00390625 0.005859375
2 0.873046875 0.4423828125 0.0029296875 0.0048828125
2 0.9248046875 0.4443359375 0.00390625 0.005859375
2 0.9404296875 0.4443359375 0.00390625 0.0048828125
2 0.9140625 0.4423828125 0.00390625 0.005859375
2 0.8779296875 0.439453125 0.0029296875 0.00390625
2 0.8818359375 0.4384765625 0.001953125 0.00390625
2 0.9052734375 0.439453125 0.0029296875 0.00390625
2 0.943359375 0.44140625 0.001953125 0.00390625
2 0.982421875 0.443359375 0.0029296875 0.00390625
2 0.484375 0.529296875 0.041015625 0.052734375
2 0.9921875 0.455078125 0.0078125 0.009765625
0 0.4267578125 0.427734375 0.0107421875 0.0205078125