1 0.03515625 0.412109375 0.005859375 0.0068359375
1 0.03125 0.4111328125 0.0048828125 0.0068359375
1 0.0283203125 0.4052734375 0.0029296875 0.00390625
1 0.0615234375 0.40625 0.00390625 0.0048828125
1 0.09375 0.4072265625 0.00390625 0.00390625
1 0.1376953125 0.4091796875 0.0029296875 0.00390625
1 0.2314453125 0.412109375 0.0029296875 0.00390625
1 0.26953125 0.4140625 0.0029296875 0.00390625
1 0.3046875 0.416015625 0.001953125 0.0029296875
1 0.330078125 0.4169921875 0.001953125 0.00390625
1 0.384765625 0.4208984375 0.0029296875 0.00390625
1 0.4130859375 0.4228515625 0.0029296875 0.0048828125
1 0.4560546875 0.42578125 0.00390625 0.005859375
1 0.4931640625 0.427734375 0.00390625 0.0048828125
1 0.501953125 0.4306640625 0.0048828125 0.0068359375
1 0.4921875 0.4326171875 0.005859375 0.0078125
1 0.47265625 0.43359375 0.0068359375 0.0087890625
1 0.451171875 0.4365234375 0.0078125 0.009765625
1 0.498046875 0.4423828125 0.0087890625 0.0107421875
1 0.61328125 0.451171875 0.0107421875 0.0146484375
1 0.779296875 0.4619140625 0.0126953125 0.0146484375
1 0.9658203125 0.4716796875 0.0166015625 0.0166015625
2 0.265625 0.4970703125 0.0390625 0.04296875
2 0.119140625 0.443359375 0.0166015625 0.0205078125
2 0.0869140625 0.4326171875 0.0126953125 0.015625
2 0.0654296875 0.423828125 0.0087890625 0.0126953125
2 0.0537109375 0.4189453125 0.0078125 0.0107421875
2 0.0673828125 0.4169921875 0.0078125 0.0087890625
2 0.1259765625 0.416015625 0.005859375 0.0078125
2 0.1318359375 0.4140625 0.0048828125 0.0068359375
2 0.0869140625 0.412109375 0.005859375 0.0068359375
2 0.0263671875 0.4091796875 0.00390625 0.005859375
2 0.017578125 0.4072265625 0.00390625 0.005859375
2 0.0146484375 0.40625 0.0029296875 0.0048828125
2 0.04296875 0.40625 0.00390625 0.0048828125
2 0.08984375 0.408203125 0.00390625 0.00390625
2 0.1328125 0.4091796875 0.0029296875 0.00390625
2 0.1796875 0.4111328125 0.0029296875 0.00390625
2 0.2255859375 0.412109375 0.0029296875 0.00390625
2 0.94140625 0.484375 0.0224609375 0.0234375
2 0.66015625 0.4677734375 0.0166015625 0.0205078125
2 0.4765625 0.453125 0.013671875 0.0185546875
2 0.375 0.4423828125 0.0107421875 0.0146484375
2 0.322265625 0.435546875 0.0087890625 0.0126953125
2 0.36328125 0.4296875 0.0068359375 0.0087890625
2 0.3935546875 0.4287109375 0.005859375 0.0078125
2 0.416015625 0.427734375 0.0048828125 0.0068359375
2 0.4052734375 0.4248046875 0.00390625 0.005859375
2 0.37890625 0.4228515625 0.00390625 0.005859375
2 0.3505859375 0.4208984375 0.00390625 0.0048828125
2 0.3232421875 0.4189453125 0.00390625 0.0048828125
2 0.298828125 0.4169921875 0.0029296875 0.00390625
2 0.2802734375 0.4150390625 0.0029296875 0.00390625
2 0.2548828125 0.4140625 0.0029296875 0.0048828125
0 0.1708984375 0.4521484375 0.025390625 0.0478515625
0 0.1865234375 0.455078125 0.0302734375 0.046875
2 0.17578125 0.4619140625 0.0166015625 0.0244140625