2 0.5859375 0.4375 0.0029296875 0.0048828125
2 0.6015625 0.4375 0.0029296875 0.00390625
2 0.583984375 0.4384765625 0.0029296875 0.00390625
2 0.560546875 0.439453125 0.0029296875 0.00390625
2 0.5283203125 0.44140625 0.00390625 0.005859375
2 0.4990234375 0.4423828125 0.00390625 0.005859375
2 0.482421875 0.4443359375 0.00390625 0.005859375
2 0.48828125 0.4462890625 0.005859375 0.0078125
2 0.525390625 0.4482421875 0.005859375 0.0087890625
2 0.58984375 0.4501953125 0.0068359375 0.0087890625
2 0.681640625 0.4521484375 0.0078125 0.0107421875
2 0.76171875 0.455078125 0.0107421875 0.013671875
2 0.8681640625 0.46484375 0.0166015625 0.0185546875
2 0.580078125 0.5078125 0.03125 0.037109375
2 0.4111328125 0.48046875 0.0185546875 0.0234375
2 0.3330078125 0.470703125 0.0126953125 0.0166015625
2 0.310546875 0.4609375 0.0107421875 0.013671875
2 0.3310546875 0.4560546875 0.0087890625 0.0107421875
2 0.36328125 0.451171875 0.0068359375 0.0087890625
2 0.3857421875 0.4482421875 0.005859375 0.0078125
2 0.404296875 0.4453125 0.0048828125 0.0068359375
2 0.4169921875 0.443359375 0.00390625 0.005859375
2 0.427734375 0.44140625 0.00390625 0.005859375
2 0.435546875 0.44140625 0.00390625 0.0048828125
2 0.4423828125 0.439453125 0.0029296875 0.0048828125
2 0.453125 0.4384765625 0.0029296875 0.00390625
2 0.4775390625 0.4384765625 0.0029296875 0.00390625
2 0.515625 0.4375 0.001953125 0.00390625
2 0.5537109375 0.4375 0.001953125 0.00390625
1 0.56640625 0.4365234375 0.001953125 0.00390625
1 0.5986328125 0.4365234375 0.001953125 0.0029296875
1 0.630859375 0.4365234375 0.001953125 0.00390625
1 0.65625 0.4365234375 0.0029296875 0.00390625
1 0.6376953125 0.4384765625 0.0029296875 0.0048828125
1 0.615234375 0.439453125 0.0029296875 0.0048828125
1 0.5869140625 0.4404296875 0.00390625 0.0048828125
1 0.5634765625 0.4423828125 0.00390625 0.005859375
1 0.5673828125 0.4443359375 0.00390625 0.005859375
1 0.595703125 0.4462890625 0.0048828125 0.0068359375
1 0.7705078125 0.447265625 0.0078125 0.009765625
1 0.859375 0.4501953125 0.0087890625 0.0107421875
1 0.9794921875 0.4560546875 0.013671875 0.0146484375
1 0.1806640625 0.5380859375 0.044921875 0.0498046875
1 0.125 0.494140625 0.0234375 0.02734375
1 0.1005859375 0.4755859375 0.0166015625 0.0185546875
1 0.1455078125 0.4638671875 0.0107421875 0.013671875
1 0.21484375 0.45703125 0.0087890625 0.0107421875
1 0.2705078125 0.4521484375 0.0068359375 0.0087890625
1 0.3046875 0.44921875 0.005859375 0.0068359375
1 0.3330078125 0.4462890625 0.0048828125 0.0068359375
1 0.353515625 0.4443359375 0.00390625 0.005859375
1 0.3720703125 0.4423828125 0.00390625 0.0048828125
1 0.380859375 0.44140625 0.0029296875 0.0048828125
1 0.392578125 0.4404296875 0.0029296875 0.00390625
1 0.4033203125 0.439453125 0.0029296875 0.0048828125
1 0.4208984375 0.4384765625 0.001953125 0.0029296875
1 0.451171875 0.4375 0.001953125 0.00390625
1 0.4912109375 0.4375 0.001953125 0.00390625
1 0.5263671875 0.4365234375 0.001953125 0.00390625