1 0.20703125 0.5546875 0.048828125 0.0576171875
1 0.8984375 0.451171875 0.0078125 0.0087890625
1 0.802734375 0.451171875 0.0078125 0.0087890625
1 0.6123046875 0.4541015625 0.0068359375 0.0087890625
1 0.525390625 0.455078125 0.005859375 0.0087890625
1 0.44140625 0.4580078125 0.0078125 0.0087890625
1 0.380859375 0.4619140625 0.0087890625 0.0107421875
1 0.32421875 0.4658203125 0.0107421875 0.0126953125
1 0.2900390625 0.4736328125 0.0107421875 0.0146484375
1 0.298828125 0.482421875 0.013671875 0.0185546875
1 0.2958984375 0.5029296875 0.0224609375 0.02734375
2 0.9775390625 0.4541015625 0.0087890625 0.01171875
2 0.83984375 0.4541015625 0.0078125 0.009765625
2 0.7060546875 0.4560546875 0.0068359375 0.0107421875
2 0.595703125 0.45703125 0.0078125 0.0107421875
2 0.5126953125 0.4609375 0.0087890625 0.0107421875
2 0.474609375 0.4638671875 0.009765625 0.0126953125
2 0.48828125 0.4697265625 0.01171875 0.015625
2 0.55859375 0.4794921875 0.0166015625 0.021484375
2 0.6806640625 0.5048828125 0.029296875 0.03515625