1 0.3701171875 0.482421875 0.017578125 0.0205078125
1 0.400390625 0.4697265625 0.01171875 0.0146484375
1 0.4189453125 0.4609375 0.0087890625 0.01171875
1 0.431640625 0.455078125 0.0068359375 0.0087890625
1 0.443359375 0.4521484375 0.005859375 0.0078125
1 0.4560546875 0.4501953125 0.00390625 0.005859375
1 0.4970703125 0.447265625 0.00390625 0.005859375
1 0.5234375 0.4462890625 0.00390625 0.005859375
1 0.4990234375 0.4453125 0.0029296875 0.0048828125
1 0.46875 0.4453125 0.0029296875 0.0048828125
1 0.458984375 0.4453125 0.0029296875 0.00390625
1 0.462890625 0.443359375 0.001953125 0.00390625
1 0.47265625 0.4423828125 0.001953125 0.00390625
1 0.494140625 0.44140625 0.001953125 0.00390625
1 0.517578125 0.44140625 0.001953125 0.0029296875
1 0.5390625 0.44140625 0.001953125 0.0029296875
1 0.5625 0.4404296875 0.001953125 0.00390625
1 0.59375 0.4404296875 0.0029296875 0.00390625
1 0.671875 0.439453125 0.0029296875 0.00390625
1 0.7060546875 0.4384765625 0.001953125 0.00390625
1 0.7412109375 0.4384765625 0.0029296875 0.00390625
1 0.767578125 0.439453125 0.001953125 0.00390625
1 0.8271484375 0.4404296875 0.0029296875 0.0048828125
1 0.8603515625 0.4404296875 0.00390625 0.0048828125
1 0.9765625 0.4453125 0.005859375 0.0078125
1 0.9619140625 0.447265625 0.005859375 0.0078125
1 0.9306640625 0.4501953125 0.0078125 0.009765625
1 0.900390625 0.4541015625 0.009765625 0.0107421875
1 0.9580078125 0.4580078125 0.01171875 0.0126953125
1 0.3046875 0.509765625 0.03125 0.0341796875
1 0.0400390625 0.6005859375 0.0556640625 0.0458984375
2 0.978515625 0.591796875 0.0419921875 0.060546875
2 0.69140625 0.5009765625 0.02734375 0.0322265625
2 0.625 0.478515625 0.01953125 0.0224609375
2 0.583984375 0.4658203125 0.01171875 0.0166015625
2 0.560546875 0.458984375 0.0087890625 0.01171875
2 0.544921875 0.4541015625 0.0068359375 0.009765625
2 0.537109375 0.4501953125 0.005859375 0.0078125
2 0.544921875 0.4482421875 0.0048828125 0.0068359375
2 0.5859375 0.4462890625 0.0048828125 0.0068359375
2 0.58984375 0.4443359375 0.0048828125 0.0068359375
2 0.5576171875 0.4443359375 0.00390625 0.005859375
2 0.5166015625 0.4443359375 0.0029296875 0.0048828125
2 0.51171875 0.443359375 0.001953125 0.00390625
2 0.5087890625 0.4423828125 0.001953125 0.00390625
2 0.52734375 0.44140625 0.0029296875 0.00390625
2 0.55859375 0.44140625 0.0029296875 0.00390625
2 0.58984375 0.44140625 0.0029296875 0.00390625
2 0.626953125 0.439453125 0.00390625 0.0048828125
2 0.6650390625 0.439453125 0.0029296875 0.00390625
2 0.91796875 0.46875 0.017578125 0.01953125
2 0.8046875 0.4609375 0.0126953125 0.0146484375
2 0.7529296875 0.4560546875 0.0087890625 0.0126953125
2 0.798828125 0.4501953125 0.0068359375 0.0087890625
2 0.8330078125 0.447265625 0.005859375 0.0078125
2 0.861328125 0.4453125 0.005859375 0.0078125
2 0.849609375 0.443359375 0.0048828125 0.0068359375
2 0.818359375 0.4423828125 0.0048828125 0.005859375
2 0.7880859375 0.44140625 0.00390625 0.005859375
2 0.7587890625 0.4404296875 0.00390625 0.0048828125
2 0.7333984375 0.4404296875 0.00390625 0.0048828125
2 0.7158203125 0.439453125 0.00390625 0.0048828125
2 0.6923828125 0.439453125 0.00390625 0.0048828125