2 0.47265625 0.556640625 0.056640625 0.06640625
2 0.388671875 0.4755859375 0.025390625 0.0322265625
2 0.4267578125 0.4482421875 0.0146484375 0.01953125
2 0.4521484375 0.4384765625 0.0107421875 0.013671875
2 0.4658203125 0.431640625 0.0078125 0.0107421875
2 0.4765625 0.4267578125 0.005859375 0.0078125
2 0.482421875 0.4248046875 0.00390625 0.0068359375
2 0.486328125 0.4228515625 0.00390625 0.005859375
2 0.4892578125 0.419921875 0.00390625 0.0048828125
2 0.4931640625 0.4189453125 0.0029296875 0.00390625
2 0.50390625 0.4189453125 0.0029296875 0.00390625
2 0.5263671875 0.4189453125 0.0029296875 0.00390625
2 0.568359375 0.419921875 0.0029296875 0.00390625
2 0.6123046875 0.421875 0.0029296875 0.00390625
2 0.6708984375 0.42578125 0.00390625 0.005859375
2 0.6572265625 0.4267578125 0.00390625 0.005859375
2 0.6220703125 0.4267578125 0.00390625 0.0068359375
2 0.5927734375 0.427734375 0.0048828125 0.0078125
2 0.568359375 0.4296875 0.005859375 0.0078125
2 0.57421875 0.431640625 0.0068359375 0.0087890625
2 0.59765625 0.435546875 0.0078125 0.0107421875
2 0.6767578125 0.443359375 0.0087890625 0.0126953125
2 0.8203125 0.455078125 0.0146484375 0.017578125
1 0.109375 0.4521484375 0.0244140625 0.0244140625
1 0.2353515625 0.4375 0.0146484375 0.0166015625
1 0.3056640625 0.4306640625 0.0107421875 0.0126953125
1 0.3466796875 0.4267578125 0.0078125 0.0107421875
1 0.373046875 0.423828125 0.0068359375 0.0087890625
1 0.3935546875 0.4208984375 0.005859375 0.0078125
1 0.4091796875 0.4189453125 0.0048828125 0.005859375
1 0.4228515625 0.41796875 0.00390625 0.0048828125
1 0.4326171875 0.4169921875 0.0029296875 0.00390625
1 0.44140625 0.416015625 0.001953125 0.00390625
1 0.46875 0.416015625 0.0029296875 0.00390625
1 0.505859375 0.4169921875 0.001953125 0.0029296875
1 0.5556640625 0.4189453125 0.0029296875 0.00390625
1 0.669921875 0.4228515625 0.0029296875 0.00390625
1 0.7060546875 0.42578125 0.00390625 0.0048828125
1 0.7314453125 0.4267578125 0.0029296875 0.0048828125
1 0.7548828125 0.4296875 0.00390625 0.0048828125
1 0.7353515625 0.4296875 0.00390625 0.005859375
1 0.7080078125 0.4296875 0.0048828125 0.0068359375
1 0.6796875 0.431640625 0.0048828125 0.0068359375
1 0.673828125 0.43359375 0.005859375 0.0078125
1 0.6923828125 0.4365234375 0.0078125 0.009765625
1 0.7685546875 0.443359375 0.0107421875 0.01171875
1 0.9267578125 0.455078125 0.0126953125 0.0146484375