2 0.1865234375 0.439453125 0.001953125 0.0029296875
2 0.205078125 0.4404296875 0.0029296875 0.0029296875
2 0.189453125 0.44140625 0.0029296875 0.00390625
2 0.1689453125 0.4423828125 0.0029296875 0.00390625
2 0.138671875 0.443359375 0.0029296875 0.00390625
2 0.1123046875 0.4453125 0.0029296875 0.0048828125
2 0.1015625 0.4462890625 0.00390625 0.005859375
2 0.1171875 0.447265625 0.0048828125 0.005859375
2 0.1611328125 0.447265625 0.005859375 0.0068359375
2 0.220703125 0.447265625 0.0048828125 0.0068359375
2 0.291015625 0.447265625 0.0048828125 0.0068359375
2 0.341796875 0.4482421875 0.005859375 0.0087890625
2 0.390625 0.4501953125 0.0078125 0.0087890625
2 0.44140625 0.453125 0.0078125 0.0107421875
2 0.52734375 0.45703125 0.0107421875 0.0126953125
2 0.658203125 0.4638671875 0.0126953125 0.015625
2 0.8642578125 0.474609375 0.0205078125 0.0224609375
2 0.9921875 0.603515625 0.0146484375 0.0390625
2 0.6767578125 0.4990234375 0.0283203125 0.033203125
2 0.5693359375 0.4765625 0.0166015625 0.021484375
2 0.4794921875 0.46875 0.015625 0.017578125
2 0.3955078125 0.4638671875 0.0126953125 0.015625
2 0.2744140625 0.4609375 0.0107421875 0.013671875
2 0.1591796875 0.458984375 0.009765625 0.0126953125
2 0.0703125 0.458984375 0.0087890625 0.0107421875
2 0.0078125 0.45703125 0.0078125 0.009765625
2 0.00390625 0.451171875 0.0048828125 0.0078125
2 0.009765625 0.44921875 0.0048828125 0.0068359375
2 0.0166015625 0.447265625 0.00390625 0.005859375
2 0.0205078125 0.4462890625 0.00390625 0.0048828125
2 0.025390625 0.4453125 0.0029296875 0.00390625
2 0.0283203125 0.4443359375 0.00390625 0.00390625
2 0.03125 0.443359375 0.0029296875 0.00390625
2 0.0380859375 0.443359375 0.0029296875 0.00390625
2 0.0654296875 0.44140625 0.0029296875 0.00390625
2 0.109375 0.4404296875 0.0029296875 0.00390625
2 0.1513671875 0.4404296875 0.001953125 0.0029296875
1 0.1630859375 0.4404296875 0.001953125 0.0029296875
1 0.197265625 0.4404296875 0.001953125 0.0029296875
1 0.2294921875 0.4404296875 0.001953125 0.0029296875
1 0.25390625 0.439453125 0.0029296875 0.00390625
1 0.255859375 0.439453125 0.001953125 0.00390625
1 0.240234375 0.4404296875 0.0029296875 0.00390625
1 0.2216796875 0.4423828125 0.0029296875 0.00390625
1 0.197265625 0.4423828125 0.0029296875 0.00390625
1 0.1796875 0.4443359375 0.00390625 0.00390625
1 0.1875 0.4453125 0.00390625 0.005859375
1 0.2177734375 0.4462890625 0.00390625 0.005859375
1 0.287109375 0.4453125 0.0048828125 0.005859375
1 0.34765625 0.4443359375 0.0048828125 0.0068359375
1 0.396484375 0.4453125 0.0048828125 0.0068359375
1 0.447265625 0.4462890625 0.005859375 0.0078125
1 0.4990234375 0.4482421875 0.0068359375 0.0087890625
1 0.568359375 0.451171875 0.0087890625 0.009765625
1 0.7783203125 0.4580078125 0.01171875 0.013671875
1 0.982421875 0.46484375 0.0166015625 0.0185546875
1 0.296875 0.5234375 0.033203125 0.0380859375
1 0.298828125 0.4892578125 0.0234375 0.02734375
1 0.2509765625 0.4755859375 0.0166015625 0.01953125
1 0.1435546875 0.46875 0.013671875 0.0166015625
1 0.0068359375 0.466796875 0.0126953125 0.0146484375
1 0.076171875 0.44140625 0.001953125 0.001953125
1 0.1171875 0.4404296875 0.001953125 0.0029296875