1 0.51953125 0.427734375 0.00390625 0.0048828125
1 0.572265625 0.431640625 0.0048828125 0.005859375
1 0.642578125 0.435546875 0.005859375 0.0068359375
1 0.7392578125 0.4423828125 0.005859375 0.0078125
1 0.8515625 0.4501953125 0.0087890625 0.009765625
1 0.994140625 0.4619140625 0.009765625 0.0107421875
1 0.0224609375 0.4482421875 0.0234375 0.0244140625
1 0.1748046875 0.4404296875 0.0166015625 0.0185546875
1 0.287109375 0.4345703125 0.0107421875 0.0126953125
1 0.345703125 0.431640625 0.0087890625 0.0107421875
1 0.32421875 0.4267578125 0.0078125 0.009765625
1 0.2734375 0.421875 0.0068359375 0.0078125
1 0.2109375 0.41796875 0.005859375 0.0078125
1 0.48046875 0.4248046875 0.00390625 0.005859375
1 0.4443359375 0.421875 0.00390625 0.0048828125
1 0.4140625 0.419921875 0.0029296875 0.0048828125
1 0.3232421875 0.4150390625 0.0029296875 0.00390625
1 0.259765625 0.4111328125 0.0029296875 0.00390625
1 0.20703125 0.4091796875 0.0029296875 0.00390625
1 0.1630859375 0.408203125 0.00390625 0.0048828125
1 0.11328125 0.40625 0.00390625 0.0048828125
1 0.0546875 0.404296875 0.00390625 0.005859375
1 0.001953125 0.4072265625 0.0029296875 0.0068359375
1 0.0693359375 0.41015625 0.005859375 0.0078125
1 0.146484375 0.4140625 0.005859375 0.0078125
2 0.3349609375 0.416015625 0.00390625 0.005859375
2 0.3603515625 0.41796875 0.00390625 0.005859375
2 0.3876953125 0.419921875 0.00390625 0.005859375
2 0.423828125 0.4228515625 0.0048828125 0.005859375
2 0.458984375 0.42578125 0.0048828125 0.0068359375
2 0.5078125 0.4296875 0.0048828125 0.0078125
2 0.57421875 0.4345703125 0.005859375 0.0078125
2 0.671875 0.4423828125 0.0078125 0.009765625
2 0.7939453125 0.451171875 0.0087890625 0.0107421875
2 0.916015625 0.4619140625 0.01171875 0.013671875
2 0.298828125 0.4140625 0.00390625 0.0048828125
2 0.2470703125 0.412109375 0.00390625 0.00390625
2 0.193359375 0.41015625 0.00390625 0.0048828125
2 0.1318359375 0.408203125 0.00390625 0.005859375
2 0.0732421875 0.40625 0.0048828125 0.005859375
2 0.0390625 0.4052734375 0.0048828125 0.005859375
2 0.046875 0.4072265625 0.0048828125 0.005859375
2 0.095703125 0.4091796875 0.005859375 0.0068359375
2 0.166015625 0.4130859375 0.005859375 0.0078125
2 0.240234375 0.416015625 0.005859375 0.0078125
2 0.3115234375 0.419921875 0.005859375 0.0078125
2 0.369140625 0.423828125 0.005859375 0.0078125
2 0.4169921875 0.4287109375 0.0068359375 0.0087890625
2 0.462890625 0.4326171875 0.0078125 0.009765625
2 0.4853515625 0.4384765625 0.0087890625 0.0107421875
2 0.4541015625 0.4423828125 0.0107421875 0.013671875
2 0.4111328125 0.4482421875 0.0126953125 0.0166015625
2 0.337890625 0.462890625 0.021484375 0.0244140625
2 0.345703125 0.5048828125 0.0390625 0.044921875
0 0.4541015625 0.423828125 0.0048828125 0.01171875
0 0.462890625 0.423828125 0.0068359375 0.01171875