2 0.818359375 0.4990234375 0.0283203125 0.033203125
2 0.8115234375 0.4775390625 0.017578125 0.0224609375
2 0.859375 0.46484375 0.0146484375 0.0166015625
2 0.845703125 0.458984375 0.009765625 0.0126953125
2 0.8017578125 0.453125 0.0087890625 0.0107421875
2 0.73828125 0.44921875 0.0068359375 0.009765625
2 0.673828125 0.4453125 0.005859375 0.0078125
2 0.625 0.443359375 0.005859375 0.0078125
2 0.5732421875 0.44140625 0.0048828125 0.0068359375
2 0.544921875 0.439453125 0.00390625 0.005859375
2 0.5302734375 0.4384765625 0.00390625 0.005859375
2 0.5498046875 0.4375 0.0029296875 0.0048828125
2 0.5791015625 0.4365234375 0.0029296875 0.00390625
2 0.5830078125 0.435546875 0.001953125 0.00390625
2 0.5595703125 0.435546875 0.001953125 0.00390625
2 0.5439453125 0.4345703125 0.001953125 0.00390625
2 0.546875 0.4345703125 0.0029296875 0.00390625
2 0.5615234375 0.4345703125 0.001953125 0.0029296875
2 0.5888671875 0.4345703125 0.001953125 0.00390625
2 0.6142578125 0.4345703125 0.001953125 0.00390625
2 0.6396484375 0.435546875 0.0029296875 0.00390625
2 0.67578125 0.4365234375 0.0029296875 0.00390625
2 0.7275390625 0.4375 0.0029296875 0.0048828125
2 0.759765625 0.4384765625 0.0029296875 0.00390625
2 0.7802734375 0.439453125 0.00390625 0.005859375
2 0.8037109375 0.44140625 0.00390625 0.005859375
2 0.861328125 0.4453125 0.0048828125 0.0068359375
2 0.9306640625 0.447265625 0.005859375 0.0078125
1 0.255859375 0.5361328125 0.0478515625 0.056640625
1 0.3935546875 0.478515625 0.0224609375 0.025390625
1 0.8984375 0.4423828125 0.00390625 0.0048828125
1 0.8740234375 0.44140625 0.00390625 0.0048828125
1 0.83984375 0.439453125 0.0029296875 0.00390625
1 0.8056640625 0.439453125 0.00390625 0.00390625
1 0.7646484375 0.4375 0.001953125 0.00390625
1 0.720703125 0.4365234375 0.0029296875 0.00390625
1 0.6826171875 0.435546875 0.0029296875 0.0029296875
1 0.658203125 0.4345703125 0.001953125 0.0029296875
1 0.6201171875 0.4345703125 0.001953125 0.0029296875
1 0.578125 0.43359375 0.001953125 0.0029296875
1 0.533203125 0.43359375 0.001953125 0.0029296875
1 0.5087890625 0.43359375 0.001953125 0.00390625
1 0.494140625 0.43359375 0.0029296875 0.00390625
1 0.4990234375 0.435546875 0.00390625 0.005859375
1 0.5224609375 0.435546875 0.0029296875 0.0048828125
1 0.5185546875 0.435546875 0.0029296875 0.0048828125
1 0.4833984375 0.4365234375 0.00390625 0.0048828125
1 0.4599609375 0.4375 0.00390625 0.005859375
1 0.4716796875 0.439453125 0.0048828125 0.0068359375
1 0.4990234375 0.44140625 0.005859375 0.0078125
1 0.5654296875 0.4443359375 0.005859375 0.0078125
1 0.6083984375 0.447265625 0.0068359375 0.009765625
1 0.650390625 0.451171875 0.0087890625 0.01171875
1 0.62890625 0.45703125 0.0107421875 0.0146484375
1 0.54296875 0.46484375 0.0146484375 0.0185546875
1 0.95703125 0.4453125 0.0048828125 0.0068359375
2 0.8271484375 0.443359375 0.00390625 0.005859375