1 0.3203125 0.5087890625 0.03125 0.03515625
1 0.3916015625 0.4794921875 0.017578125 0.021484375
1 0.421875 0.4677734375 0.0126953125 0.015625
1 0.4375 0.4609375 0.0087890625 0.01171875
1 0.4482421875 0.45703125 0.0078125 0.0107421875
1 0.490234375 0.4541015625 0.005859375 0.0078125
1 0.5556640625 0.453125 0.005859375 0.0078125
1 0.6357421875 0.453125 0.0048828125 0.0078125
1 0.7080078125 0.4541015625 0.005859375 0.0068359375
1 0.79296875 0.455078125 0.005859375 0.0078125
1 0.8779296875 0.45703125 0.0068359375 0.0078125
1 0.9638671875 0.4609375 0.0078125 0.0087890625
2 0.8515625 0.4599609375 0.0078125 0.0087890625
2 0.927734375 0.46484375 0.0087890625 0.01171875
2 0.7529296875 0.51171875 0.0302734375 0.0361328125
2 0.6513671875 0.4814453125 0.0166015625 0.0205078125
2 0.607421875 0.4697265625 0.0107421875 0.0146484375
2 0.583984375 0.462890625 0.0087890625 0.01171875
2 0.5693359375 0.4580078125 0.0068359375 0.009765625
2 0.59765625 0.4560546875 0.005859375 0.0078125
2 0.669921875 0.4560546875 0.0048828125 0.0068359375
2 0.7587890625 0.45703125 0.005859375 0.0078125