1 0.0439453125 0.59765625 0.05859375 0.0517578125
1 0.30859375 0.5048828125 0.02734375 0.033203125
1 0.3720703125 0.478515625 0.015625 0.0205078125
1 0.4013671875 0.466796875 0.0107421875 0.0146484375
1 0.4189453125 0.4599609375 0.0087890625 0.0107421875
1 0.427734375 0.455078125 0.005859375 0.0087890625
1 0.4345703125 0.4521484375 0.0048828125 0.0068359375
1 0.4404296875 0.4501953125 0.00390625 0.005859375
1 0.4453125 0.44921875 0.00390625 0.0048828125
1 0.44921875 0.447265625 0.0029296875 0.0048828125
1 0.455078125 0.4453125 0.0029296875 0.00390625
1 0.4580078125 0.4443359375 0.0029296875 0.0029296875
1 0.4599609375 0.443359375 0.001953125 0.0029296875
1 0.4619140625 0.4423828125 0.001953125 0.00390625
1 0.4765625 0.4423828125 0.001953125 0.0029296875
1 0.498046875 0.44140625 0.001953125 0.0029296875
1 0.5244140625 0.44140625 0.001953125 0.0029296875
1 0.546875 0.4423828125 0.001953125 0.0029296875
1 0.6162109375 0.443359375 0.001953125 0.0029296875
1 0.640625 0.4443359375 0.001953125 0.0029296875
1 0.650390625 0.4443359375 0.001953125 0.0029296875
1 0.662109375 0.4443359375 0.001953125 0.00390625
1 0.6748046875 0.4462890625 0.001953125 0.00390625
1 0.689453125 0.4462890625 0.0029296875 0.00390625
1 0.70703125 0.447265625 0.0029296875 0.00390625
1 0.7265625 0.44921875 0.0029296875 0.00390625
1 0.7509765625 0.44921875 0.00390625 0.0048828125
1 0.78125 0.451171875 0.00390625 0.0048828125
1 0.8193359375 0.453125 0.00390625 0.005859375
1 0.8681640625 0.4560546875 0.005859375 0.0078125
1 0.9326171875 0.458984375 0.0078125 0.0087890625
2 0.71484375 0.50390625 0.0263671875 0.03125
2 0.62890625 0.4794921875 0.015625 0.0205078125
2 0.5908203125 0.4677734375 0.0107421875 0.0146484375
2 0.568359375 0.4609375 0.0087890625 0.01171875
2 0.5537109375 0.4560546875 0.0068359375 0.009765625
2 0.5439453125 0.453125 0.005859375 0.0078125
2 0.5361328125 0.451171875 0.0048828125 0.0068359375
2 0.5302734375 0.44921875 0.00390625 0.005859375
2 0.525390625 0.4482421875 0.00390625 0.0048828125
2 0.521484375 0.447265625 0.0029296875 0.00390625
2 0.5166015625 0.4453125 0.0029296875 0.00390625
2 0.517578125 0.443359375 0.001953125 0.00390625
2 0.54296875 0.4423828125 0.001953125 0.0029296875
2 0.5712890625 0.443359375 0.001953125 0.0029296875
2 0.58984375 0.443359375 0.001953125 0.0029296875
2 0.5947265625 0.443359375 0.001953125 0.0029296875
2 0.603515625 0.4443359375 0.001953125 0.0029296875
2 0.611328125 0.4443359375 0.001953125 0.00390625
2 0.62109375 0.4453125 0.0029296875 0.00390625
2 0.6318359375 0.4462890625 0.0029296875 0.00390625
2 0.64453125 0.447265625 0.00390625 0.0048828125
2 0.6591796875 0.447265625 0.00390625 0.0048828125
2 0.677734375 0.44921875 0.00390625 0.005859375
2 0.69921875 0.4501953125 0.0048828125 0.005859375
2 0.7275390625 0.4521484375 0.005859375 0.0068359375
2 0.7646484375 0.455078125 0.005859375 0.0078125
2 0.8134765625 0.4580078125 0.0078125 0.0087890625
2 0.8818359375 0.462890625 0.0087890625 0.0107421875
2 0.98828125 0.4697265625 0.0126953125 0.0146484375