1 0.99609375 0.4638671875 0.0078125 0.01171875
1 0.869140625 0.4541015625 0.0087890625 0.009765625
1 0.708984375 0.4443359375 0.0068359375 0.0087890625
1 0.5986328125 0.4384765625 0.0078125 0.0087890625
1 0.51171875 0.435546875 0.0078125 0.0087890625
1 0.4150390625 0.4326171875 0.0078125 0.009765625
1 0.302734375 0.4296875 0.0087890625 0.0107421875
1 0.18359375 0.4267578125 0.009765625 0.01171875
1 0.0458984375 0.4267578125 0.0126953125 0.0146484375
2 0.97265625 0.470703125 0.0146484375 0.0166015625
2 0.8203125 0.4560546875 0.0107421875 0.0126953125
2 0.6796875 0.447265625 0.0087890625 0.0107421875
2 0.55859375 0.44140625 0.0087890625 0.01171875
2 0.4228515625 0.4375 0.0087890625 0.01171875
2 0.2880859375 0.4345703125 0.01171875 0.013671875
2 0.16796875 0.435546875 0.013671875 0.015625
2 0.1015625 0.44140625 0.0185546875 0.0205078125
2 0.1259765625 0.4560546875 0.0234375 0.025390625
2 0.2705078125 0.4873046875 0.03515625 0.0390625
2 0.6435546875 0.591796875 0.056640625 0.060546875