2 0.68359375 0.5029296875 0.0302734375 0.0361328125
2 0.4697265625 0.4765625 0.0185546875 0.021484375
2 0.326171875 0.4677734375 0.013671875 0.017578125
2 0.205078125 0.4638671875 0.0126953125 0.015625
2 0.1005859375 0.4599609375 0.009765625 0.0126953125
2 0.07421875 0.4560546875 0.0087890625 0.0107421875
2 0.0908203125 0.4521484375 0.0068359375 0.0087890625
2 0.1083984375 0.44921875 0.005859375 0.0078125
2 0.12109375 0.4462890625 0.0048828125 0.0068359375
2 0.1318359375 0.4453125 0.00390625 0.005859375
2 0.1396484375 0.443359375 0.0029296875 0.0048828125
2 0.1455078125 0.4423828125 0.0029296875 0.00390625
2 0.150390625 0.44140625 0.001953125 0.00390625
2 0.1552734375 0.4404296875 0.001953125 0.00390625
2 0.1669921875 0.439453125 0.001953125 0.00390625
2 0.1904296875 0.4384765625 0.0029296875 0.00390625
2 0.228515625 0.4384765625 0.0029296875 0.00390625
2 0.2666015625 0.4375 0.001953125 0.0029296875
2 0.2998046875 0.4375 0.001953125 0.0029296875
2 0.306640625 0.4375 0.0029296875 0.00390625
2 0.302734375 0.4384765625 0.0029296875 0.00390625
2 0.287109375 0.439453125 0.001953125 0.00390625
2 0.255859375 0.44140625 0.0029296875 0.0048828125
2 0.2275390625 0.44140625 0.00390625 0.005859375
2 0.205078125 0.443359375 0.0048828125 0.005859375
2 0.21484375 0.4453125 0.0048828125 0.005859375
2 0.25390625 0.4453125 0.0048828125 0.0078125
2 0.310546875 0.4462890625 0.005859375 0.0078125
2 0.3720703125 0.447265625 0.005859375 0.0078125
2 0.4404296875 0.4482421875 0.0078125 0.009765625
2 0.49609375 0.451171875 0.0087890625 0.0107421875
2 0.5654296875 0.45703125 0.0107421875 0.013671875
2 0.681640625 0.46484375 0.0146484375 0.017578125
2 0.8857421875 0.48046875 0.0234375 0.025390625
1 0.1875 0.587890625 0.060546875 0.06640625
1 0.2158203125 0.4990234375 0.025390625 0.03125
1 0.1474609375 0.4794921875 0.01953125 0.021484375
1 0.0263671875 0.447265625 0.005859375 0.0068359375
1 0.044921875 0.4462890625 0.00390625 0.005859375
1 0.0615234375 0.4443359375 0.00390625 0.005859375
1 0.07421875 0.443359375 0.00390625 0.0048828125
1 0.0869140625 0.4423828125 0.0029296875 0.00390625
1 0.09765625 0.44140625 0.0029296875 0.00390625
1 0.10546875 0.4404296875 0.0029296875 0.0029296875
1 0.1337890625 0.439453125 0.001953125 0.0029296875
1 0.1708984375 0.4384765625 0.001953125 0.0029296875
1 0.2197265625 0.4375 0.001953125 0.0029296875
1 0.26953125 0.4375 0.001953125 0.0029296875
1 0.314453125 0.4375 0.001953125 0.00390625
1 0.337890625 0.4375 0.001953125 0.0029296875
1 0.3515625 0.4375 0.001953125 0.0029296875
1 0.361328125 0.4384765625 0.00390625 0.00390625
1 0.3427734375 0.4384765625 0.0029296875 0.00390625
1 0.3173828125 0.439453125 0.00390625 0.0048828125
1 0.2890625 0.44140625 0.0029296875 0.0048828125
1 0.2802734375 0.4423828125 0.00390625 0.005859375
1 0.314453125 0.443359375 0.00390625 0.005859375
1 0.375 0.4443359375 0.0048828125 0.0068359375
1 0.44921875 0.4443359375 0.0068359375 0.0078125
1 0.5244140625 0.4462890625 0.0068359375 0.0087890625
1 0.5830078125 0.4482421875 0.0078125 0.009765625
1 0.6708984375 0.453125 0.0087890625 0.01171875
1 0.7939453125 0.458984375 0.0126953125 0.0146484375