2 0.810546875 0.525390625 0.0419921875 0.044921875
1 0.3603515625 0.501953125 0.0263671875 0.0302734375
2 0.6953125 0.48828125 0.0205078125 0.0263671875
2 0.716796875 0.47265625 0.013671875 0.0185546875
2 0.8505859375 0.458984375 0.009765625 0.0126953125
1 0.453125 0.4765625 0.0146484375 0.0185546875
2 0.7958984375 0.462890625 0.0107421875 0.0146484375
1 0.61328125 0.462890625 0.0107421875 0.0126953125
1 0.52734375 0.4677734375 0.01171875 0.0146484375
2 0.83203125 0.44921875 0.005859375 0.0078125
2 0.8955078125 0.4541015625 0.0078125 0.0107421875
2 0.8505859375 0.4443359375 0.00390625 0.005859375
2 0.8779296875 0.451171875 0.0078125 0.0087890625
2 0.78515625 0.447265625 0.005859375 0.0078125
2 0.8125 0.443359375 0.00390625 0.0048828125
1 0.75390625 0.453125 0.0078125 0.0087890625
2 0.947265625 0.4462890625 0.005859375 0.0078125
2 0.669921875 0.4462890625 0.00390625 0.005859375
1 0.921875 0.4423828125 0.0048828125 0.0068359375
1 0.6962890625 0.4482421875 0.005859375 0.0078125
1 0.6455078125 0.447265625 0.0048828125 0.005859375
2 0.7314453125 0.4462890625 0.0048828125 0.005859375
1 0.73828125 0.4501953125 0.0068359375 0.0087890625
2 0.61328125 0.4453125 0.00390625 0.0048828125
1 0.5986328125 0.447265625 0.00390625 0.005859375
1 0.478515625 0.4462890625 0.00390625 0.005859375
1 0.4736328125 0.4462890625 0.00390625 0.0048828125
1 0.5029296875 0.4443359375 0.0029296875 0.0048828125
1 0.697265625 0.45703125 0.0087890625 0.0107421875
2 0.5634765625 0.4462890625 0.00390625 0.0048828125
2 0.634765625 0.4423828125 0.0029296875 0.00390625
1 0.546875 0.447265625 0.00390625 0.005859375
2 0.7607421875 0.44140625 0.0029296875 0.0048828125
2 0.52734375 0.4453125 0.0029296875 0.0048828125
2 0.5322265625 0.4453125 0.0029296875 0.0048828125
1 0.50390625 0.447265625 0.00390625 0.005859375
2 0.8896484375 0.4443359375 0.0048828125 0.0068359375
2 0.7265625 0.44140625 0.0029296875 0.0048828125
1 0.5361328125 0.443359375 0.0029296875 0.00390625
2 0.548828125 0.4443359375 0.0029296875 0.0048828125
1 0.8447265625 0.44140625 0.0029296875 0.00390625
2 0.7841796875 0.4423828125 0.00390625 0.0048828125
1 0.576171875 0.4423828125 0.0029296875 0.00390625
2 0.6796875 0.44140625 0.001953125 0.00390625
2 0.587890625 0.443359375 0.0029296875 0.00390625
1 0.87890625 0.4423828125 0.00390625 0.005859375
1 0.6923828125 0.44140625 0.001953125 0.00390625
1 0.646484375 0.4423828125 0.0029296875 0.00390625
1 0.005859375 0.6005859375 0.009765625 0.0458984375
1 0.787109375 0.4404296875 0.0029296875 0.00390625
1 0.7509765625 0.4404296875 0.0029296875 0.00390625
0 0.8837890625 0.4423828125 0.0048828125 0.0126953125
0 0.892578125 0.4423828125 0.005859375 0.0126953125