1 0.0263671875 0.6025390625 0.052734375 0.041015625
1 0.458984375 0.509765625 0.029296875 0.03515625
1 0.552734375 0.484375 0.0205078125 0.0244140625
1 0.5244140625 0.4765625 0.0166015625 0.0205078125
1 0.4345703125 0.470703125 0.013671875 0.017578125
1 0.34375 0.4658203125 0.0107421875 0.0146484375
1 0.318359375 0.462890625 0.009765625 0.0126953125
1 0.3291015625 0.45703125 0.0078125 0.0107421875
1 0.337890625 0.453125 0.005859375 0.0078125
1 0.3466796875 0.451171875 0.005859375 0.0078125
1 0.3681640625 0.44921875 0.005859375 0.0068359375
1 0.41015625 0.447265625 0.0048828125 0.0068359375
2 0.890625 0.4951171875 0.0283203125 0.0302734375
2 0.759765625 0.4716796875 0.017578125 0.0205078125
2 0.607421875 0.4638671875 0.0126953125 0.015625
2 0.4765625 0.4599609375 0.0087890625 0.0126953125
2 0.4521484375 0.4541015625 0.0078125 0.009765625
2 0.44140625 0.4501953125 0.005859375 0.0078125
2 0.474609375 0.4482421875 0.005859375 0.0078125
2 0.5302734375 0.4462890625 0.005859375 0.0068359375
2 0.5859375 0.4462890625 0.0048828125 0.0078125
2 0.6513671875 0.4453125 0.0048828125 0.0078125
2 0.93359375 0.4482421875 0.0078125 0.009765625
2 0.7265625 0.4453125 0.005859375 0.0068359375
2 0.7890625 0.4453125 0.005859375 0.0068359375
2 0.861328125 0.4462890625 0.005859375 0.0078125
1 0.638671875 0.443359375 0.00390625 0.005859375
1 0.71875 0.443359375 0.00390625 0.005859375
1 0.8681640625 0.443359375 0.005859375 0.005859375