2 0.13671875 0.47265625 0.0302734375 0.0322265625
2 0.1005859375 0.451171875 0.0224609375 0.0234375
2 0.349609375 0.5205078125 0.044921875 0.0537109375
2 0.171875 0.4423828125 0.015625 0.017578125
2 0.59375 0.4443359375 0.009765625 0.0126953125
1 0.43359375 0.435546875 0.0087890625 0.0107421875
1 0.1845703125 0.4306640625 0.0107421875 0.0126953125
2 0.302734375 0.439453125 0.01171875 0.0146484375
2 0.4482421875 0.44140625 0.0107421875 0.0126953125
1 0.0322265625 0.431640625 0.0146484375 0.015625
2 0.7255859375 0.44921875 0.009765625 0.0126953125
1 0.5361328125 0.4375 0.0078125 0.009765625
1 0.3134765625 0.4326171875 0.0087890625 0.0107421875
1 0.6259765625 0.4404296875 0.0078125 0.0087890625
2 0.8837890625 0.458984375 0.01171875 0.013671875
1 0.921875 0.455078125 0.009765625 0.0107421875
1 0.7451171875 0.4453125 0.0078125 0.0087890625