2 0.310546875 0.4716796875 0.0234375 0.029296875
2 0.9453125 0.4716796875 0.0166015625 0.017578125
2 0.2568359375 0.4482421875 0.015625 0.01953125
2 0.2109375 0.431640625 0.0087890625 0.0126953125
2 0.7158203125 0.458984375 0.0126953125 0.015625
2 0.44140625 0.439453125 0.0087890625 0.0126953125
2 0.4443359375 0.52734375 0.0458984375 0.052734375
2 0.544921875 0.4482421875 0.0107421875 0.0146484375
2 0.197265625 0.42578125 0.0078125 0.009765625
2 0.3603515625 0.4296875 0.0068359375 0.0087890625
1 0.9736328125 0.4658203125 0.0126953125 0.013671875
2 0.3876953125 0.43359375 0.0078125 0.0107421875
1 0.5595703125 0.44140625 0.0078125 0.0107421875
2 0.369140625 0.427734375 0.005859375 0.0078125
1 0.4892578125 0.435546875 0.0068359375 0.0087890625
1 0.802734375 0.4560546875 0.0107421875 0.0126953125
2 0.1796875 0.41796875 0.005859375 0.0078125
2 0.1904296875 0.4169921875 0.00390625 0.0068359375
1 0.669921875 0.4482421875 0.0087890625 0.01171875
1 0.4658203125 0.4326171875 0.005859375 0.0078125
2 0.4072265625 0.427734375 0.005859375 0.0078125
2 0.2353515625 0.4169921875 0.00390625 0.005859375
2 0.1865234375 0.421875 0.005859375 0.0087890625
2 0.240234375 0.416015625 0.00390625 0.0048828125
1 0.4931640625 0.431640625 0.0048828125 0.0068359375
2 0.3447265625 0.416015625 0.0029296875 0.00390625
2 0.37890625 0.4189453125 0.0029296875 0.00390625
1 0.51953125 0.4306640625 0.00390625 0.005859375
2 0.365234375 0.41796875 0.001953125 0.00390625
2 0.4365234375 0.427734375 0.00390625 0.005859375
2 0.41796875 0.421875 0.0029296875 0.00390625
2 0.4609375 0.4267578125 0.00390625 0.005859375
2 0.2080078125 0.4140625 0.00390625 0.0048828125
2 0.3212890625 0.4150390625 0.001953125 0.00390625
2 0.4384765625 0.423828125 0.0029296875 0.00390625
2 0.24609375 0.412109375 0.0029296875 0.00390625
1 0.138671875 0.4140625 0.00390625 0.005859375
2 0.4580078125 0.4248046875 0.00390625 0.0048828125
2 0.3974609375 0.419921875 0.0029296875 0.00390625
2 0.177734375 0.41015625 0.0029296875 0.00390625
1 0.0634765625 0.41796875 0.0078125 0.009765625
1 0.1416015625 0.412109375 0.0029296875 0.0048828125
1 0.5341796875 0.4296875 0.00390625 0.0048828125
2 0.1640625 0.412109375 0.0029296875 0.0048828125
1 0.216796875 0.4111328125 0.0029296875 0.00390625
2 0.212890625 0.4111328125 0.001953125 0.00390625
1 0.107421875 0.41015625 0.00390625 0.005859375
2 0.158203125 0.4111328125 0.0029296875 0.00390625
1 0.4716796875 0.423828125 0.0029296875 0.00390625
1 0.076171875 0.4150390625 0.0068359375 0.0087890625
1 0.53125 0.4287109375 0.0029296875 0.00390625
2 0.2841796875 0.4140625 0.0029296875 0.00390625
1 0.19140625 0.41015625 0.0029296875 0.00390625
1 0.1123046875 0.4072265625 0.0029296875 0.00390625
1 0.2509765625 0.412109375 0.001953125 0.00390625
1 0.16796875 0.4130859375 0.00390625 0.005859375
1 0.0908203125 0.4140625 0.0048828125 0.0068359375
1 0.1396484375 0.4091796875 0.0029296875 0.00390625
1 0.3271484375 0.4150390625 0.001953125 0.0029296875
1 0.05078125 0.421875 0.0107421875 0.013671875
1 0.423828125 0.419921875 0.001953125 0.0029296875
1 0.4501953125 0.421875 0.001953125 0.0029296875
1 0.3583984375 0.4169921875 0.001953125 0.0029296875
1 0.095703125 0.408203125 0.00390625 0.00390625
1 0.1005859375 0.408203125 0.00390625 0.00390625
1 0.505859375 0.427734375 0.0029296875 0.0048828125
0 0.2314453125 0.43359375 0.0087890625 0.0244140625
0 0.23828125 0.4345703125 0.0126953125 0.0263671875