2 0.2001953125 0.501953125 0.0439453125 0.0458984375
2 0.810546875 0.453125 0.009765625 0.0126953125
2 0.5078125 0.4404296875 0.0087890625 0.01171875
2 0.033203125 0.41796875 0.0087890625 0.0107421875
1 0.8369140625 0.44921875 0.0087890625 0.009765625
2 0.6552734375 0.447265625 0.0087890625 0.0126953125
2 0.4140625 0.4326171875 0.0078125 0.0107421875
1 0.5302734375 0.435546875 0.0078125 0.0087890625
1 0.7568359375 0.4453125 0.0078125 0.009765625
2 0.376953125 0.4267578125 0.0068359375 0.0087890625
2 0.046875 0.4111328125 0.005859375 0.0078125
1 0.388671875 0.423828125 0.0048828125 0.0068359375
1 0.982421875 0.45703125 0.0087890625 0.0107421875
1 0.451171875 0.4287109375 0.0048828125 0.0068359375
2 0.2607421875 0.419921875 0.005859375 0.0078125
2 0.0048828125 0.408203125 0.005859375 0.0068359375
2 0.3271484375 0.4228515625 0.0068359375 0.0087890625
1 0.4921875 0.431640625 0.005859375 0.0078125
2 0.0830078125 0.416015625 0.0078125 0.0087890625
2 0.1982421875 0.416015625 0.0048828125 0.0068359375
2 0.150390625 0.4130859375 0.0048828125 0.005859375
1 0.0302734375 0.4033203125 0.0029296875 0.00390625
1 0.580078125 0.4384765625 0.0078125 0.009765625
1 0.1455078125 0.41015625 0.00390625 0.0048828125
2 0.048828125 0.40625 0.00390625 0.005859375
1 0.0859375 0.4072265625 0.00390625 0.0048828125
1 0.267578125 0.4169921875 0.00390625 0.005859375
2 0.0224609375 0.404296875 0.00390625 0.0048828125
1 0.6591796875 0.4423828125 0.005859375 0.0087890625
2 0.0810546875 0.4091796875 0.0048828125 0.005859375
2 0.111328125 0.41015625 0.00390625 0.005859375
1 0.2177734375 0.4140625 0.00390625 0.0048828125
1 0.1142578125 0.408203125 0.0029296875 0.0048828125
2 0.0791015625 0.4140625 0.005859375 0.0087890625
0 0.107421875 0.408203125 0.005859375 0.0107421875
0 0.11328125 0.408203125 0.0078125 0.0107421875