2 0.19140625 0.486328125 0.0341796875 0.0400390625
2 0.0087890625 0.46484375 0.0166015625 0.033203125
2 0.607421875 0.4765625 0.025390625 0.029296875
2 0.322265625 0.453125 0.0205078125 0.0234375
2 0.1064453125 0.4365234375 0.0185546875 0.01953125
1 0.1728515625 0.42578125 0.0126953125 0.013671875
1 0.2998046875 0.43359375 0.0126953125 0.0146484375
1 0.669921875 0.4580078125 0.0166015625 0.0185546875
2 0.4775390625 0.5771484375 0.060546875 0.076171875
1 0.0615234375 0.41796875 0.0107421875 0.01171875
1 0.984375 0.478515625 0.021484375 0.0224609375
1 0.455078125 0.443359375 0.013671875 0.0166015625