2 0.07421875 0.462890625 0.015625 0.0166015625
2 0.1240234375 0.4560546875 0.009765625 0.013671875
2 0.1171875 0.4521484375 0.0087890625 0.0107421875
2 0.1259765625 0.44921875 0.0078125 0.009765625
2 0.2060546875 0.4482421875 0.0078125 0.0087890625
2 0.2822265625 0.447265625 0.005859375 0.0078125
2 0.3251953125 0.447265625 0.00390625 0.005859375
2 0.3212890625 0.4453125 0.00390625 0.005859375
2 0.3017578125 0.4443359375 0.00390625 0.0048828125
2 0.2939453125 0.4423828125 0.0029296875 0.0048828125
2 0.328125 0.4423828125 0.0029296875 0.00390625
2 0.3671875 0.44140625 0.0029296875 0.00390625
2 0.3876953125 0.439453125 0.001953125 0.0029296875
2 0.380859375 0.439453125 0.001953125 0.00390625
2 0.3564453125 0.4384765625 0.001953125 0.0029296875
2 0.40234375 0.4384765625 0.001953125 0.0029296875
2 0.416015625 0.4384765625 0.001953125 0.0029296875
2 0.4091796875 0.4365234375 0.001953125 0.0029296875
2 0.4228515625 0.4365234375 0.001953125 0.0029296875
2 0.4453125 0.4365234375 0.001953125 0.001953125
2 0.47265625 0.4365234375 0.001953125 0.0029296875
2 0.498046875 0.4375 0.001953125 0.001953125
2 0.505859375 0.4375 0.001953125 0.0029296875
2 0.5126953125 0.4423828125 0.0029296875 0.00390625
2 0.49609375 0.443359375 0.001953125 0.00390625
2 0.4814453125 0.4443359375 0.001953125 0.00390625
2 0.4912109375 0.4453125 0.0029296875 0.00390625
2 0.5146484375 0.4462890625 0.00390625 0.005859375
2 0.525390625 0.447265625 0.00390625 0.005859375
2 0.53125 0.44921875 0.0048828125 0.0068359375
2 0.5380859375 0.4521484375 0.0048828125 0.0078125
2 0.546875 0.455078125 0.0068359375 0.0107421875
2 0.55859375 0.4599609375 0.0087890625 0.0126953125
2 0.580078125 0.46875 0.0126953125 0.0166015625
2 0.61328125 0.48046875 0.0185546875 0.0224609375
2 0.669921875 0.5048828125 0.02734375 0.033203125
2 0.865234375 0.583984375 0.068359375 0.0693359375
1 0.1630859375 0.4736328125 0.0185546875 0.0205078125
1 0.2822265625 0.46484375 0.01171875 0.0146484375
1 0.2939453125 0.4580078125 0.0087890625 0.01171875
1 0.26171875 0.4541015625 0.0078125 0.009765625
1 0.2548828125 0.451171875 0.005859375 0.0087890625
1 0.3115234375 0.44921875 0.005859375 0.0068359375
1 0.37890625 0.4482421875 0.0048828125 0.0068359375
1 0.40625 0.447265625 0.00390625 0.005859375
1 0.4013671875 0.4453125 0.00390625 0.005859375
1 0.3701171875 0.4453125 0.0029296875 0.0048828125
1 0.36328125 0.4443359375 0.0029296875 0.00390625
1 0.38671875 0.443359375 0.0029296875 0.00390625
1 0.4248046875 0.4423828125 0.001953125 0.00390625
1 0.4365234375 0.4404296875 0.0029296875 0.00390625
1 0.4111328125 0.4404296875 0.0029296875 0.00390625
1 0.404296875 0.439453125 0.001953125 0.0029296875
1 0.419921875 0.439453125 0.001953125 0.0029296875
1 0.4443359375 0.439453125 0.001953125 0.0029296875
1 0.4521484375 0.439453125 0.001953125 0.0029296875
1 0.44921875 0.4384765625 0.001953125 0.0029296875
1 0.439453125 0.4375 0.001953125 0.0029296875
1 0.4365234375 0.4365234375 0.001953125 0.0029296875
1 0.4599609375 0.4375 0.001953125 0.001953125
1 0.4765625 0.4384765625 0.001953125 0.0029296875
1 0.48046875 0.4404296875 0.001953125 0.0029296875
1 0.4775390625 0.44140625 0.001953125 0.0029296875
1 0.47265625 0.4423828125 0.0029296875 0.00390625
1 0.4453125 0.443359375 0.0029296875 0.00390625
1 0.4345703125 0.4443359375 0.0029296875 0.00390625
1 0.4384765625 0.4443359375 0.0029296875 0.0048828125
1 0.451171875 0.4453125 0.0029296875 0.0048828125
1 0.462890625 0.44921875 0.0048828125 0.0068359375
1 0.458984375 0.451171875 0.0048828125 0.0078125
1 0.4501953125 0.455078125 0.005859375 0.0087890625
1 0.44140625 0.4599609375 0.0087890625 0.0126953125
1 0.4267578125 0.466796875 0.0126953125 0.015625
1 0.40625 0.478515625 0.0166015625 0.0205078125
1 0.357421875 0.5029296875 0.02734375 0.0322265625
1 0.193359375 0.587890625 0.064453125 0.068359375