1 0.2470703125 0.416015625 0.0029296875 0.00390625
1 0.2646484375 0.41796875 0.0029296875 0.00390625
1 0.2841796875 0.4189453125 0.0029296875 0.0048828125
1 0.306640625 0.4208984375 0.00390625 0.0048828125
1 0.33203125 0.423828125 0.00390625 0.005859375
1 0.36328125 0.42578125 0.00390625 0.005859375
1 0.3994140625 0.4287109375 0.00390625 0.005859375
1 0.4453125 0.4326171875 0.005859375 0.0068359375
1 0.4990234375 0.4365234375 0.005859375 0.0078125
1 0.5693359375 0.443359375 0.0068359375 0.0087890625
1 0.6630859375 0.451171875 0.0087890625 0.009765625
1 0.7919921875 0.462890625 0.0107421875 0.0126953125
1 0.9814453125 0.478515625 0.013671875 0.015625
1 0.0771484375 0.4052734375 0.001953125 0.00390625
1 0.1171875 0.4072265625 0.0029296875 0.00390625
1 0.158203125 0.41015625 0.001953125 0.0029296875
1 0.189453125 0.412109375 0.001953125 0.0029296875
1 0.2197265625 0.4140625 0.001953125 0.00390625
1 0.232421875 0.4150390625 0.001953125 0.00390625
2 0.1611328125 0.4111328125 0.001953125 0.0029296875
2 0.169921875 0.412109375 0.001953125 0.00390625
2 0.1806640625 0.4130859375 0.0029296875 0.00390625
2 0.1923828125 0.4140625 0.0029296875 0.00390625
2 0.205078125 0.4150390625 0.0029296875 0.00390625
2 0.2216796875 0.4169921875 0.00390625 0.0048828125
2 0.23828125 0.4189453125 0.00390625 0.005859375
2 0.259765625 0.4208984375 0.0048828125 0.005859375
2 0.28515625 0.4228515625 0.0048828125 0.0068359375
2 0.3154296875 0.42578125 0.005859375 0.0078125
2 0.353515625 0.4296875 0.005859375 0.0087890625
2 0.4013671875 0.4345703125 0.0078125 0.0087890625
2 0.466796875 0.44140625 0.0087890625 0.0107421875
2 0.5556640625 0.4501953125 0.009765625 0.0126953125
2 0.6865234375 0.4638671875 0.0126953125 0.015625
2 0.8974609375 0.4853515625 0.017578125 0.021484375
2 0.3701171875 0.5126953125 0.0400390625 0.0478515625
2 0.224609375 0.46484375 0.0224609375 0.0263671875
2 0.1611328125 0.4453125 0.017578125 0.01953125
2 0.123046875 0.43359375 0.0126953125 0.015625
2 0.1005859375 0.4267578125 0.009765625 0.0126953125
2 0.0849609375 0.421875 0.0078125 0.0107421875
2 0.072265625 0.41796875 0.0068359375 0.0087890625
2 0.0634765625 0.416015625 0.005859375 0.0078125
2 0.056640625 0.4130859375 0.0048828125 0.0068359375
2 0.0498046875 0.4111328125 0.00390625 0.005859375
2 0.044921875 0.41015625 0.0029296875 0.0048828125
2 0.041015625 0.408203125 0.001953125 0.00390625
2 0.048828125 0.40625 0.0029296875 0.00390625
2 0.08984375 0.4072265625 0.0029296875 0.0029296875
2 0.1328125 0.4091796875 0.001953125 0.00390625