2 0.4091796875 0.412109375 0.00390625 0.0048828125
2 0.4384765625 0.4130859375 0.00390625 0.005859375
2 0.453125 0.4150390625 0.00390625 0.005859375
2 0.447265625 0.416015625 0.0048828125 0.0068359375
2 0.431640625 0.41796875 0.005859375 0.0078125
2 0.404296875 0.419921875 0.0068359375 0.0087890625
2 0.3828125 0.4228515625 0.0078125 0.009765625
2 0.3916015625 0.427734375 0.0087890625 0.0126953125
2 0.4755859375 0.4404296875 0.0126953125 0.0166015625
2 0.6513671875 0.4560546875 0.015625 0.0205078125
2 0.9033203125 0.4736328125 0.021484375 0.0234375
2 0.39453125 0.5556640625 0.0615234375 0.06640625
2 0.279296875 0.4658203125 0.02734375 0.03125
2 0.24609375 0.4384765625 0.0166015625 0.01953125
2 0.234375 0.4267578125 0.01171875 0.0146484375
2 0.224609375 0.4189453125 0.0087890625 0.0107421875
2 0.2197265625 0.4150390625 0.005859375 0.009765625
2 0.21484375 0.4111328125 0.005859375 0.0078125
2 0.212890625 0.4072265625 0.005859375 0.0078125
2 0.21875 0.4072265625 0.0048828125 0.0078125
2 0.248046875 0.40625 0.00390625 0.005859375
2 0.302734375 0.4072265625 0.00390625 0.0048828125
2 0.359375 0.4091796875 0.00390625 0.0048828125
1 0.3671875 0.4091796875 0.0029296875 0.00390625
1 0.4140625 0.4111328125 0.0029296875 0.00390625
1 0.4638671875 0.4130859375 0.0029296875 0.0048828125
1 0.5068359375 0.416015625 0.00390625 0.0048828125
1 0.5244140625 0.4169921875 0.00390625 0.005859375
1 0.5205078125 0.4189453125 0.00390625 0.005859375
1 0.513671875 0.4208984375 0.0048828125 0.0068359375
1 0.501953125 0.4228515625 0.005859375 0.0078125
1 0.5078125 0.427734375 0.0078125 0.009765625
1 0.578125 0.4365234375 0.0107421875 0.0126953125
1 0.7060546875 0.447265625 0.0126953125 0.0146484375
1 0.935546875 0.4599609375 0.015625 0.0166015625
1 0.046875 0.423828125 0.0146484375 0.0166015625
1 0.0751953125 0.416015625 0.0107421875 0.0126953125
1 0.09765625 0.4111328125 0.0078125 0.009765625
1 0.1044921875 0.4072265625 0.005859375 0.0078125
1 0.1142578125 0.4052734375 0.005859375 0.0078125
1 0.1259765625 0.404296875 0.0048828125 0.0068359375
1 0.150390625 0.4033203125 0.00390625 0.005859375
1 0.197265625 0.4033203125 0.00390625 0.0048828125
1 0.2568359375 0.4052734375 0.0029296875 0.0048828125
1 0.306640625 0.40625 0.0029296875 0.0048828125
2 0.830078125 0.427734375 0.00390625 0.005859375
2 0.8681640625 0.4287109375 0.0029296875 0.005859375
1 0.7861328125 0.4296875 0.0048828125 0.009765625
1 0.9248046875 0.439453125 0.0078125 0.0107421875