2 0.2578125 0.478515625 0.0302734375 0.033203125
2 0.1396484375 0.4384765625 0.0146484375 0.017578125
2 0.619140625 0.4609375 0.0146484375 0.0185546875
2 0.865234375 0.4755859375 0.0185546875 0.0205078125
2 0.3720703125 0.439453125 0.009765625 0.0126953125
2 0.1103515625 0.4296875 0.0107421875 0.013671875
2 0.326171875 0.4326171875 0.0078125 0.0107421875
2 0.4599609375 0.4482421875 0.0126953125 0.0166015625
2 0.49609375 0.5634765625 0.0537109375 0.068359375
2 0.0791015625 0.4169921875 0.0078125 0.009765625
1 0.5908203125 0.4482421875 0.0107421875 0.0126953125
1 0.4482421875 0.4345703125 0.0078125 0.009765625
2 0.08984375 0.416015625 0.0068359375 0.0087890625
1 0.91015625 0.466796875 0.013671875 0.015625
1 0.48828125 0.439453125 0.0087890625 0.01171875
2 0.3671875 0.4287109375 0.005859375 0.0087890625
2 0.08984375 0.421875 0.0087890625 0.01171875
2 0.1455078125 0.4150390625 0.005859375 0.0068359375
1 0.740234375 0.45703125 0.01171875 0.0146484375
1 0.0205078125 0.4111328125 0.0068359375 0.0078125
2 0.3974609375 0.427734375 0.005859375 0.0078125
1 0.0830078125 0.4052734375 0.00390625 0.00390625
2 0.1083984375 0.4111328125 0.0048828125 0.005859375
2 0.4189453125 0.4267578125 0.0048828125 0.005859375
2 0.06640625 0.40625 0.00390625 0.00390625
2 0.3857421875 0.421875 0.00390625 0.005859375
2 0.150390625 0.4130859375 0.005859375 0.0078125
1 0.0234375 0.4091796875 0.00390625 0.005859375
1 0.470703125 0.43359375 0.005859375 0.0078125
2 0.4111328125 0.423828125 0.00390625 0.005859375
1 0.494140625 0.427734375 0.0029296875 0.0048828125
1 0.4599609375 0.4248046875 0.0029296875 0.0048828125
2 0.359375 0.419921875 0.00390625 0.0048828125
2 0.150390625 0.4091796875 0.00390625 0.0048828125
2 0.2685546875 0.4130859375 0.0029296875 0.00390625
2 0.04296875 0.4072265625 0.0029296875 0.0048828125
2 0.29296875 0.4150390625 0.0029296875 0.00390625
1 0.501953125 0.4296875 0.00390625 0.005859375
2 0.3095703125 0.416015625 0.0029296875 0.00390625
1 0.1552734375 0.408203125 0.0029296875 0.00390625
2 0.0517578125 0.408203125 0.00390625 0.005859375
2 0.2392578125 0.412109375 0.0029296875 0.00390625
2 0.333984375 0.41796875 0.00390625 0.0048828125
1 0.4921875 0.431640625 0.00390625 0.0068359375
1 0.060546875 0.4111328125 0.0048828125 0.0068359375
1 0.017578125 0.4033203125 0.0029296875 0.00390625
1 0.24609375 0.412109375 0.0029296875 0.0029296875
1 0.4189453125 0.421875 0.0029296875 0.00390625
1 0.056640625 0.4111328125 0.0048828125 0.0068359375
2 0.1103515625 0.4072265625 0.00390625 0.00390625
2 0.1953125 0.41015625 0.0029296875 0.00390625
2 0.0390625 0.40625 0.0029296875 0.00390625
1 0.1142578125 0.4072265625 0.00390625 0.00390625
1 0.392578125 0.419921875 0.0029296875 0.00390625
1 0.28125 0.4130859375 0.001953125 0.00390625
1 0.3603515625 0.41796875 0.001953125 0.0029296875
1 0.052734375 0.404296875 0.0029296875 0.00390625
2 0.3291015625 0.4287109375 0.005859375 0.0087890625
0 0.185546875 0.4453125 0.017578125 0.0390625
0 0.197265625 0.447265625 0.0234375 0.0390625
2 0.1884765625 0.453125 0.013671875 0.021484375