2 0.72265625 0.5185546875 0.037109375 0.0400390625
2 0.556640625 0.494140625 0.021484375 0.02734375
2 0.4501953125 0.4814453125 0.015625 0.0205078125
2 0.431640625 0.4716796875 0.0107421875 0.0146484375
2 0.439453125 0.4658203125 0.0087890625 0.01171875
2 0.5126953125 0.458984375 0.0078125 0.0107421875
2 0.5849609375 0.4541015625 0.005859375 0.0087890625
2 0.6015625 0.451171875 0.005859375 0.0078125
2 0.572265625 0.4501953125 0.00390625 0.0068359375
2 0.5556640625 0.44921875 0.00390625 0.005859375
2 0.56640625 0.4482421875 0.0029296875 0.005859375
2 0.5927734375 0.447265625 0.00390625 0.0048828125
2 0.6337890625 0.4462890625 0.00390625 0.0048828125
2 0.6708984375 0.4453125 0.00390625 0.0048828125
2 0.7080078125 0.4462890625 0.00390625 0.005859375
2 0.7685546875 0.4462890625 0.0048828125 0.005859375
2 0.8671875 0.4453125 0.005859375 0.0078125
2 0.943359375 0.447265625 0.005859375 0.0087890625
1 0.849609375 0.443359375 0.0048828125 0.005859375
1 0.7412109375 0.443359375 0.00390625 0.0048828125
1 0.6845703125 0.4443359375 0.0029296875 0.00390625
1 0.6220703125 0.4453125 0.0029296875 0.00390625
1 0.5576171875 0.447265625 0.0029296875 0.00390625
1 0.5146484375 0.44921875 0.00390625 0.0048828125
1 0.4833984375 0.4501953125 0.00390625 0.005859375
1 0.4775390625 0.4521484375 0.00390625 0.005859375
1 0.5 0.4541015625 0.0048828125 0.0078125
1 0.48046875 0.45703125 0.005859375 0.0078125
1 0.4013671875 0.4599609375 0.0068359375 0.0087890625
1 0.298828125 0.46875 0.009765625 0.01171875
1 0.2509765625 0.4775390625 0.0126953125 0.0146484375
1 0.193359375 0.494140625 0.0185546875 0.021484375
1 0.228515625 0.5224609375 0.03125 0.037109375
1 0.7802734375 0.4423828125 0.0048828125 0.0068359375