1 0.384765625 0.4873046875 0.015625 0.0185546875
1 0.34765625 0.505859375 0.0234375 0.02734375
1 0.16015625 0.5966796875 0.0537109375 0.052734375
1 0.8515625 0.4755859375 0.0107421875 0.0126953125
1 0.7177734375 0.470703125 0.0087890625 0.0126953125
1 0.599609375 0.4716796875 0.0087890625 0.0107421875
1 0.490234375 0.4736328125 0.0107421875 0.0126953125
1 0.4140625 0.478515625 0.0107421875 0.0146484375
2 0.6396484375 0.501953125 0.021484375 0.0263671875
2 0.6005859375 0.4853515625 0.0146484375 0.0185546875
2 0.625 0.478515625 0.0126953125 0.015625
2 0.744140625 0.4775390625 0.0126953125 0.015625
2 0.900390625 0.482421875 0.015625 0.017578125
2 0.978515625 0.5927734375 0.0419921875 0.0625
0 0.1220703125 0.578125 0.060546875 0.08984375
0 0.19140625 0.5703125 0.0625 0.1064453125
0 0.9462890625 0.56640625 0.0791015625 0.1142578125