2 0.3427734375 0.5185546875 0.0439453125 0.05078125
2 0.90234375 0.466796875 0.013671875 0.015625
2 0.7119140625 0.4541015625 0.0107421875 0.013671875
2 0.552734375 0.4443359375 0.009765625 0.0126953125
1 0.494140625 0.4345703125 0.0078125 0.0087890625
2 0.24609375 0.42578125 0.0078125 0.009765625
2 0.4189453125 0.435546875 0.0078125 0.009765625
2 0.16015625 0.4228515625 0.0078125 0.009765625
2 0.3359375 0.4306640625 0.0068359375 0.0087890625
2 0.037109375 0.419921875 0.0087890625 0.009765625
1 0.0146484375 0.416015625 0.0078125 0.0087890625
1 0.7841796875 0.451171875 0.0087890625 0.01171875
1 0.146484375 0.4189453125 0.0068359375 0.0078125
1 0.4140625 0.4306640625 0.005859375 0.0078125
1 0.3310546875 0.42578125 0.0048828125 0.0068359375
1 0.6474609375 0.443359375 0.0078125 0.009765625
1 0.2392578125 0.4228515625 0.005859375 0.0068359375