1 0.6171875 0.4345703125 0.0029296875 0.00390625
1 0.662109375 0.435546875 0.001953125 0.00390625
1 0.73828125 0.4365234375 0.0029296875 0.00390625
1 0.7548828125 0.4365234375 0.0029296875 0.0048828125
1 0.765625 0.439453125 0.0048828125 0.0068359375
1 0.880859375 0.4423828125 0.005859375 0.0078125
1 0.9951171875 0.4453125 0.0078125 0.0087890625
1 0.2783203125 0.5263671875 0.0419921875 0.046875
1 0.3779296875 0.482421875 0.021484375 0.025390625
1 0.416015625 0.46484375 0.013671875 0.017578125
1 0.4375 0.4560546875 0.009765625 0.0126953125
1 0.4482421875 0.44921875 0.0078125 0.0107421875
1 0.4599609375 0.4462890625 0.005859375 0.0087890625
1 0.4658203125 0.443359375 0.0048828125 0.0068359375
1 0.46875 0.44140625 0.00390625 0.005859375
1 0.4755859375 0.4404296875 0.00390625 0.0048828125
1 0.4775390625 0.4375 0.0029296875 0.00390625
1 0.4833984375 0.4375 0.0029296875 0.0048828125
1 0.5068359375 0.4365234375 0.0029296875 0.0048828125
1 0.53515625 0.4365234375 0.0029296875 0.00390625
1 0.568359375 0.435546875 0.001953125 0.00390625
2 0.6533203125 0.4365234375 0.0029296875 0.00390625
2 0.6884765625 0.4365234375 0.0029296875 0.00390625
2 0.70703125 0.4365234375 0.0029296875 0.00390625
2 0.7021484375 0.4384765625 0.0029296875 0.0048828125
2 0.69921875 0.439453125 0.00390625 0.0048828125
2 0.705078125 0.4404296875 0.00390625 0.005859375
2 0.7587890625 0.4423828125 0.0048828125 0.0068359375
2 0.8173828125 0.443359375 0.0068359375 0.0087890625
2 0.884765625 0.4453125 0.0078125 0.009765625
2 0.9150390625 0.44921875 0.009765625 0.01171875
2 0.9501953125 0.4541015625 0.0107421875 0.013671875
2 0.7890625 0.515625 0.0361328125 0.041015625
2 0.673828125 0.4775390625 0.017578125 0.0234375
2 0.625 0.4619140625 0.0126953125 0.0166015625
2 0.5966796875 0.4541015625 0.0087890625 0.0126953125
2 0.578125 0.4482421875 0.0078125 0.0107421875
2 0.568359375 0.4453125 0.005859375 0.0078125
2 0.55859375 0.4423828125 0.0048828125 0.0078125
2 0.5517578125 0.44140625 0.00390625 0.005859375
2 0.546875 0.439453125 0.0029296875 0.005859375
2 0.5439453125 0.4375 0.0029296875 0.0048828125
2 0.5693359375 0.4365234375 0.0029296875 0.0048828125
2 0.607421875 0.4365234375 0.0029296875 0.00390625