1 0.2919921875 0.5224609375 0.03515625 0.041015625
1 0.375 0.482421875 0.017578125 0.021484375
1 0.4091796875 0.466796875 0.0126953125 0.015625
1 0.4306640625 0.458984375 0.0087890625 0.01171875
1 0.451171875 0.455078125 0.0078125 0.009765625
1 0.505859375 0.451171875 0.005859375 0.0078125
1 0.5400390625 0.44921875 0.0048828125 0.0068359375
1 0.53515625 0.44921875 0.0048828125 0.0068359375
1 0.505859375 0.447265625 0.00390625 0.005859375
1 0.46875 0.447265625 0.0048828125 0.005859375
1 0.4560546875 0.447265625 0.00390625 0.005859375
1 0.458984375 0.4453125 0.00390625 0.005859375
1 0.4619140625 0.4443359375 0.00390625 0.0048828125
1 0.4736328125 0.443359375 0.0029296875 0.0048828125
1 0.4990234375 0.443359375 0.0029296875 0.00390625
1 0.5244140625 0.4423828125 0.0029296875 0.00390625
1 0.5498046875 0.4423828125 0.0029296875 0.00390625
1 0.576171875 0.44140625 0.00390625 0.00390625
1 0.61328125 0.44140625 0.0029296875 0.00390625
1 0.703125 0.4404296875 0.0029296875 0.00390625
1 0.7451171875 0.4404296875 0.0029296875 0.00390625
1 0.82421875 0.4404296875 0.00390625 0.00390625
1 0.85546875 0.44140625 0.00390625 0.0048828125
1 0.9140625 0.4423828125 0.00390625 0.0048828125
1 0.9677734375 0.443359375 0.0048828125 0.0068359375
2 0.755859375 0.5146484375 0.037109375 0.041015625
2 0.6396484375 0.48046875 0.017578125 0.0224609375
2 0.5888671875 0.46484375 0.01171875 0.0146484375
2 0.56640625 0.45703125 0.0078125 0.0107421875
2 0.5732421875 0.453125 0.0068359375 0.009765625
2 0.623046875 0.44921875 0.0068359375 0.009765625
2 0.580078125 0.4462890625 0.0048828125 0.0068359375
2 0.52734375 0.4462890625 0.00390625 0.005859375
2 0.51953125 0.4443359375 0.00390625 0.0048828125
2 0.515625 0.4443359375 0.00390625 0.0048828125
2 0.5361328125 0.4423828125 0.00390625 0.0048828125
2 0.5732421875 0.4423828125 0.0029296875 0.00390625
2 0.6083984375 0.44140625 0.0029296875 0.00390625
2 0.65234375 0.44140625 0.00390625 0.00390625
2 0.697265625 0.4404296875 0.00390625 0.00390625
2 0.9892578125 0.4755859375 0.0185546875 0.0205078125
2 0.935546875 0.46484375 0.0146484375 0.0166015625
2 0.9775390625 0.458984375 0.01171875 0.013671875
2 0.9814453125 0.447265625 0.0078125 0.0087890625
2 0.9248046875 0.4453125 0.005859375 0.0078125
2 0.8720703125 0.4443359375 0.0048828125 0.005859375
2 0.8271484375 0.443359375 0.00390625 0.005859375
2 0.7890625 0.44140625 0.00390625 0.0048828125
2 0.763671875 0.44140625 0.00390625 0.0048828125
2 0.7314453125 0.44140625 0.00390625 0.0048828125
1 0.0576171875 0.4873046875 0.021484375 0.029296875