1 0.2587890625 0.5625 0.05078125 0.05859375
1 0.4013671875 0.4931640625 0.0244140625 0.02734375
1 0.4599609375 0.4736328125 0.0146484375 0.0185546875
1 0.5576171875 0.4638671875 0.009765625 0.0126953125
1 0.6083984375 0.458984375 0.0087890625 0.01171875
1 0.59765625 0.4560546875 0.0078125 0.0107421875
1 0.5498046875 0.455078125 0.0078125 0.009765625
1 0.4951171875 0.453125 0.005859375 0.0078125
1 0.4765625 0.4521484375 0.005859375 0.0078125
1 0.482421875 0.4482421875 0.00390625 0.005859375
1 0.4873046875 0.447265625 0.00390625 0.005859375
1 0.501953125 0.4462890625 0.00390625 0.005859375
1 0.533203125 0.4453125 0.00390625 0.0048828125
1 0.56640625 0.4443359375 0.0029296875 0.0048828125
1 0.5966796875 0.443359375 0.00390625 0.0048828125
1 0.7236328125 0.44140625 0.00390625 0.0048828125
2 0.955078125 0.5537109375 0.0537109375 0.0615234375
2 0.7197265625 0.4873046875 0.0234375 0.02734375
2 0.6962890625 0.4716796875 0.0166015625 0.01953125
2 0.7578125 0.4609375 0.01171875 0.0146484375
2 0.736328125 0.4541015625 0.009765625 0.01171875
2 0.658203125 0.4521484375 0.0078125 0.009765625
2 0.578125 0.451171875 0.005859375 0.0078125
2 0.5634765625 0.4482421875 0.0048828125 0.0068359375
2 0.556640625 0.4462890625 0.00390625 0.005859375
2 0.5830078125 0.4453125 0.0048828125 0.005859375
2 0.62890625 0.443359375 0.00390625 0.005859375
2 0.673828125 0.443359375 0.0048828125 0.005859375
2 0.7294921875 0.4423828125 0.00390625 0.005859375
2 0.7919921875 0.44140625 0.005859375 0.0068359375
2 0.841796875 0.44140625 0.0048828125 0.005859375
2 0.8955078125 0.4423828125 0.005859375 0.0078125
2 0.943359375 0.443359375 0.0068359375 0.0068359375
1 0.8525390625 0.4404296875 0.0029296875 0.0048828125
1 0.91796875 0.4404296875 0.0048828125 0.005859375
1 0.978515625 0.44140625 0.00390625 0.005859375