2 0.5693359375 0.5927734375 0.0595703125 0.0615234375
2 0.2490234375 0.5009765625 0.0390625 0.0419921875
2 0.04296875 0.466796875 0.02734375 0.0302734375
2 0.005859375 0.4208984375 0.0087890625 0.0107421875
2 0.078125 0.4267578125 0.0087890625 0.01171875
2 0.1982421875 0.43359375 0.0107421875 0.0126953125
2 0.3369140625 0.4423828125 0.0107421875 0.0126953125
2 0.4892578125 0.453125 0.01171875 0.0146484375
2 0.61328125 0.4677734375 0.0126953125 0.0166015625
2 0.9619140625 0.5009765625 0.0234375 0.0244140625
1 0.9111328125 0.4833984375 0.0166015625 0.017578125
1 0.728515625 0.46484375 0.01171875 0.0146484375
1 0.611328125 0.453125 0.0078125 0.0107421875
1 0.48046875 0.443359375 0.0078125 0.0107421875
1 0.33984375 0.435546875 0.0068359375 0.0078125
1 0.203125 0.427734375 0.0068359375 0.0087890625
1 0.11328125 0.421875 0.005859375 0.0078125
1 0.0673828125 0.4169921875 0.0068359375 0.0087890625
1 0.005859375 0.4130859375 0.005859375 0.0078125