1 0.9482421875 0.458984375 0.0107421875 0.0107421875
1 0.7685546875 0.44921875 0.0068359375 0.0087890625
1 0.6484375 0.443359375 0.0078125 0.0087890625
1 0.5576171875 0.439453125 0.0078125 0.009765625
1 0.4580078125 0.4375 0.0078125 0.0107421875
1 0.3408203125 0.43359375 0.0087890625 0.01171875
1 0.21875 0.431640625 0.0107421875 0.0126953125
1 0.0771484375 0.431640625 0.0126953125 0.0146484375
2 0.9052734375 0.4619140625 0.01171875 0.013671875
2 0.7451171875 0.4521484375 0.009765625 0.0126953125
2 0.6142578125 0.447265625 0.0087890625 0.0126953125
2 0.470703125 0.443359375 0.009765625 0.0126953125
2 0.330078125 0.4404296875 0.01171875 0.0146484375
2 0.2060546875 0.44140625 0.0146484375 0.0166015625
2 0.1396484375 0.44921875 0.01953125 0.021484375
2 0.1708984375 0.46875 0.025390625 0.029296875
2 0.3603515625 0.51171875 0.0419921875 0.048828125