2 0.427734375 0.486328125 0.0185546875 0.0224609375
2 0.625 0.4638671875 0.0107421875 0.0146484375
2 0.5068359375 0.466796875 0.01171875 0.0146484375
2 0.4072265625 0.4755859375 0.0146484375 0.017578125
1 0.1181640625 0.5009765625 0.0234375 0.0263671875
1 0.1630859375 0.48046875 0.0146484375 0.0166015625
2 0.6259765625 0.5107421875 0.0302734375 0.037109375
1 0.1728515625 0.544921875 0.0439453125 0.0517578125
1 0.44921875 0.4619140625 0.0087890625 0.0107421875
2 0.7890625 0.462890625 0.0126953125 0.015625
1 0.2900390625 0.4677734375 0.009765625 0.0126953125
1 0.607421875 0.4580078125 0.0087890625 0.0107421875
1 0.7783203125 0.4560546875 0.009765625 0.0107421875
1 0.9775390625 0.455078125 0.0087890625 0.01171875