1 0.0517578125 0.4169921875 0.0078125 0.0087890625
1 0.09765625 0.416015625 0.0048828125 0.0078125
1 0.09375 0.416015625 0.005859375 0.0078125
1 0.00390625 0.41015625 0.005859375 0.0078125
1 0.013671875 0.40625 0.0048828125 0.0048828125
1 0.0498046875 0.4072265625 0.00390625 0.0048828125
1 0.119140625 0.4091796875 0.00390625 0.0048828125
1 0.15234375 0.41015625 0.0029296875 0.0048828125
1 0.1953125 0.4111328125 0.0029296875 0.00390625
1 0.291015625 0.4150390625 0.0029296875 0.00390625
1 0.330078125 0.4169921875 0.001953125 0.00390625
1 0.3671875 0.4189453125 0.001953125 0.00390625
1 0.4189453125 0.421875 0.0029296875 0.00390625
1 0.458984375 0.4248046875 0.0029296875 0.00390625
1 0.4921875 0.4267578125 0.00390625 0.0048828125
1 0.5458984375 0.431640625 0.00390625 0.0048828125
1 0.5947265625 0.435546875 0.00390625 0.005859375
1 0.611328125 0.4404296875 0.005859375 0.0078125
1 0.6025390625 0.443359375 0.005859375 0.0087890625
1 0.59765625 0.44921875 0.0087890625 0.01171875
1 0.6806640625 0.4580078125 0.0126953125 0.015625
1 0.875 0.474609375 0.0166015625 0.01953125
2 0.3974609375 0.525390625 0.03515625 0.05078125
2 0.2421875 0.470703125 0.0244140625 0.0302734375
2 0.177734375 0.447265625 0.015625 0.0205078125
2 0.1416015625 0.4326171875 0.01171875 0.0146484375
2 0.1220703125 0.42578125 0.009765625 0.0126953125
2 0.134765625 0.421875 0.0078125 0.0107421875
2 0.197265625 0.419921875 0.0068359375 0.0087890625
2 0.150390625 0.416015625 0.005859375 0.0068359375
2 0.0859375 0.412109375 0.00390625 0.005859375
2 0.0771484375 0.41015625 0.00390625 0.005859375
2 0.0732421875 0.4091796875 0.00390625 0.00390625
2 0.1015625 0.4091796875 0.00390625 0.0048828125
2 0.1484375 0.41015625 0.00390625 0.0048828125
2 0.19140625 0.412109375 0.0029296875 0.00390625
2 0.23828125 0.4140625 0.00390625 0.0048828125
2 0.28515625 0.416015625 0.0029296875 0.00390625
2 0.7412109375 0.4833984375 0.0234375 0.0263671875
2 0.5498046875 0.4609375 0.0166015625 0.0205078125
2 0.4560546875 0.4482421875 0.01171875 0.015625
2 0.4375 0.44140625 0.0087890625 0.0126953125
2 0.4736328125 0.4384765625 0.0078125 0.0107421875
2 0.498046875 0.4365234375 0.005859375 0.0087890625
2 0.513671875 0.43359375 0.005859375 0.0078125
2 0.4951171875 0.4306640625 0.00390625 0.005859375
2 0.4609375 0.427734375 0.00390625 0.005859375
2 0.4267578125 0.4248046875 0.00390625 0.005859375
2 0.39453125 0.4228515625 0.0029296875 0.0048828125
2 0.365234375 0.419921875 0.0029296875 0.00390625
2 0.3447265625 0.4189453125 0.0029296875 0.0048828125
2 0.31640625 0.4169921875 0.0029296875 0.0048828125
0 0.3828125 0.5029296875 0.05078125 0.0830078125
0 0.4345703125 0.515625 0.0576171875 0.095703125