1 0.23828125 0.416015625 0.00390625 0.005859375
1 0.41015625 0.423828125 0.005859375 0.0068359375
1 0.4736328125 0.427734375 0.0048828125 0.0068359375
1 0.521484375 0.431640625 0.0068359375 0.0087890625
1 0.5712890625 0.4375 0.0078125 0.009765625
1 0.623046875 0.4443359375 0.0087890625 0.01171875
1 0.69921875 0.4541015625 0.0126953125 0.0146484375
1 0.87890625 0.4677734375 0.0126953125 0.0166015625
1 0.0546875 0.4111328125 0.0087890625 0.009765625
1 0.1357421875 0.412109375 0.0068359375 0.0087890625
2 0.326171875 0.421875 0.0068359375 0.0087890625
2 0.400390625 0.42578125 0.0068359375 0.0087890625
2 0.451171875 0.4306640625 0.0078125 0.009765625
2 0.474609375 0.4345703125 0.0087890625 0.0107421875
2 0.53125 0.4443359375 0.0107421875 0.013671875
2 0.623046875 0.45703125 0.0146484375 0.0185546875
2 0.865234375 0.478515625 0.0185546875 0.021484375
2 0.7138671875 0.6044921875 0.048828125 0.037109375
2 0.29296875 0.4912109375 0.0341796875 0.0419921875
2 0.171875 0.451171875 0.0234375 0.025390625
2 0.1259765625 0.4345703125 0.0166015625 0.0185546875
2 0.1005859375 0.423828125 0.0126953125 0.0146484375
2 0.0908203125 0.4189453125 0.0107421875 0.0126953125
2 0.1513671875 0.4169921875 0.0087890625 0.0107421875
2 0.234375 0.41796875 0.005859375 0.0078125