2 0.130859375 0.46875 0.0166015625 0.01953125
2 0.3408203125 0.451171875 0.013671875 0.0166015625
2 0.486328125 0.4423828125 0.01171875 0.0146484375
2 0.5947265625 0.4345703125 0.009765625 0.0126953125
2 0.6259765625 0.4296875 0.0068359375 0.009765625
2 0.6201171875 0.4248046875 0.005859375 0.0087890625
2 0.625 0.4228515625 0.0048828125 0.0078125
2 0.6884765625 0.419921875 0.005859375 0.0078125
2 0.7587890625 0.4169921875 0.0048828125 0.0078125
2 0.802734375 0.4150390625 0.00390625 0.005859375
2 0.7998046875 0.4130859375 0.00390625 0.005859375
2 0.77734375 0.4130859375 0.00390625 0.005859375
2 0.7705078125 0.4111328125 0.0029296875 0.0048828125
2 0.8056640625 0.41015625 0.0029296875 0.0048828125
2 0.849609375 0.4072265625 0.0029296875 0.0048828125
2 0.8759765625 0.4052734375 0.0029296875 0.0048828125
2 0.8671875 0.4052734375 0.0029296875 0.00390625
2 0.9013671875 0.3994140625 0.001953125 0.0029296875
2 0.9228515625 0.3984375 0.001953125 0.00390625
2 0.9541015625 0.3974609375 0.001953125 0.00390625
2 0.9921875 0.396484375 0.001953125 0.0029296875
1 0.2236328125 0.47265625 0.0185546875 0.0224609375
1 0.462890625 0.453125 0.013671875 0.017578125
1 0.6630859375 0.4423828125 0.0146484375 0.0166015625
1 0.7626953125 0.43359375 0.01171875 0.0146484375
1 0.7724609375 0.4267578125 0.0087890625 0.01171875
1 0.7412109375 0.423828125 0.0068359375 0.009765625
1 0.732421875 0.4208984375 0.0068359375 0.0087890625
1 0.7890625 0.41796875 0.005859375 0.0078125
1 0.8642578125 0.4140625 0.005859375 0.0078125
1 0.8984375 0.412109375 0.005859375 0.0078125
1 0.8935546875 0.41015625 0.00390625 0.005859375
1 0.8544921875 0.41015625 0.00390625 0.005859375
1 0.845703125 0.41015625 0.00390625 0.005859375
1 0.8740234375 0.408203125 0.00390625 0.0048828125
1 0.923828125 0.4052734375 0.0029296875 0.0048828125
1 0.9052734375 0.4033203125 0.0029296875 0.00390625
1 0.8974609375 0.4033203125 0.001953125 0.00390625
1 0.9169921875 0.40234375 0.001953125 0.00390625
1 0.998046875 0.40234375 0.0029296875 0.0048828125
1 0.9912109375 0.4033203125 0.00390625 0.0048828125
1 0.9755859375 0.412109375 0.005859375 0.0078125
1 0.96875 0.4150390625 0.005859375 0.0087890625
1 0.9560546875 0.419921875 0.0087890625 0.0107421875
1 0.943359375 0.4248046875 0.01171875 0.0126953125
1 0.921875 0.4326171875 0.015625 0.017578125
1 0.8955078125 0.4453125 0.0185546875 0.0205078125
1 0.8408203125 0.466796875 0.0283203125 0.03125
1 0.71484375 0.5205078125 0.046875 0.0537109375