2 0.251953125 0.4599609375 0.015625 0.0185546875
2 0.4267578125 0.4482421875 0.0146484375 0.0166015625
2 0.5576171875 0.4365234375 0.01171875 0.0146484375
2 0.603515625 0.42578125 0.0078125 0.0107421875
2 0.6123046875 0.421875 0.0068359375 0.0087890625
2 0.6826171875 0.41796875 0.005859375 0.0078125
2 0.759765625 0.4140625 0.005859375 0.0078125
2 0.8076171875 0.4111328125 0.0048828125 0.0078125
2 0.7841796875 0.4091796875 0.00390625 0.005859375
2 0.77734375 0.4072265625 0.0029296875 0.0048828125
2 0.8154296875 0.4052734375 0.00390625 0.005859375
2 0.8623046875 0.40234375 0.00390625 0.0048828125
2 0.8896484375 0.4013671875 0.0029296875 0.0048828125
2 0.880859375 0.400390625 0.0029296875 0.00390625
2 0.8505859375 0.3994140625 0.001953125 0.00390625
2 0.912109375 0.3955078125 0.001953125 0.00390625
2 0.9306640625 0.3955078125 0.0029296875 0.00390625
2 0.921875 0.3935546875 0.001953125 0.00390625
2 0.9189453125 0.39453125 0.001953125 0.00390625
2 0.94140625 0.392578125 0.0029296875 0.00390625
2 0.974609375 0.390625 0.001953125 0.0029296875
1 0.041015625 0.494140625 0.025390625 0.0283203125
1 0.3701171875 0.4638671875 0.017578125 0.0224609375
1 0.6171875 0.4482421875 0.0166015625 0.0205078125
1 0.7431640625 0.4365234375 0.013671875 0.0166015625
1 0.76171875 0.4267578125 0.0107421875 0.0126953125
1 0.7314453125 0.4228515625 0.0087890625 0.0107421875
1 0.7265625 0.4189453125 0.0068359375 0.0087890625
1 0.791015625 0.4150390625 0.005859375 0.0087890625
1 0.873046875 0.41015625 0.0068359375 0.0087890625
1 0.912109375 0.4072265625 0.0068359375 0.0078125
1 0.90625 0.4052734375 0.00390625 0.005859375
1 0.865234375 0.40625 0.00390625 0.005859375
1 0.857421875 0.4052734375 0.00390625 0.005859375
1 0.8876953125 0.4033203125 0.00390625 0.005859375
1 0.94140625 0.400390625 0.00390625 0.005859375
1 0.9228515625 0.3974609375 0.0029296875 0.0048828125
1 0.9140625 0.3974609375 0.0029296875 0.00390625
1 0.935546875 0.396484375 0.0029296875 0.00390625
1 0.96484375 0.392578125 0.001953125 0.0029296875
1 0.9599609375 0.3916015625 0.001953125 0.0029296875
1 0.9697265625 0.390625 0.001953125 0.0029296875
1 0.9716796875 0.400390625 0.00390625 0.005859375
1 0.9794921875 0.40234375 0.0048828125 0.0068359375
1 0.99609375 0.40625 0.005859375 0.0087890625
1 0.98828125 0.41015625 0.0078125 0.009765625
1 0.97265625 0.4169921875 0.0107421875 0.0126953125
1 0.95703125 0.423828125 0.0146484375 0.0166015625
1 0.9287109375 0.435546875 0.01953125 0.0205078125
1 0.8896484375 0.4541015625 0.0244140625 0.02734375
1 0.7978515625 0.4931640625 0.0400390625 0.0439453125
1 0.4794921875 0.603515625 0.0439453125 0.0400390625