2 0.361328125 0.556640625 0.0556640625 0.064453125
2 0.2646484375 0.482421875 0.0283203125 0.03125
2 0.1787109375 0.458984375 0.0205078125 0.0224609375
2 0.072265625 0.4443359375 0.0166015625 0.0185546875
2 0.01171875 0.4169921875 0.0068359375 0.0087890625
2 0.052734375 0.4208984375 0.0078125 0.0087890625
2 0.107421875 0.42578125 0.0078125 0.009765625
2 0.1982421875 0.431640625 0.0078125 0.009765625
2 0.302734375 0.4404296875 0.0087890625 0.009765625
2 0.412109375 0.44921875 0.0087890625 0.01171875
2 0.4853515625 0.4580078125 0.009765625 0.0126953125
2 0.68359375 0.4794921875 0.0126953125 0.0166015625
2 0.9814453125 0.5068359375 0.0185546875 0.0205078125
1 0.9169921875 0.4912109375 0.013671875 0.0146484375
1 0.7060546875 0.4736328125 0.0107421875 0.013671875
1 0.5986328125 0.4609375 0.0087890625 0.0107421875
1 0.5263671875 0.4521484375 0.005859375 0.0078125
1 0.4287109375 0.4443359375 0.0068359375 0.0087890625
1 0.3173828125 0.4365234375 0.005859375 0.0078125
1 0.208984375 0.4287109375 0.005859375 0.0078125
1 0.138671875 0.4228515625 0.005859375 0.005859375
1 0.1025390625 0.419921875 0.0048828125 0.0068359375
1 0.0537109375 0.4150390625 0.00390625 0.005859375
1 0.001953125 0.4111328125 0.00390625 0.005859375