2 0.998046875 0.4814453125 0.0029296875 0.0146484375
1 0.876953125 0.4775390625 0.0107421875 0.0126953125
1 0.80859375 0.46875 0.0087890625 0.009765625
1 0.7666015625 0.462890625 0.005859375 0.0078125
1 0.73828125 0.4580078125 0.0048828125 0.0078125
1 0.7119140625 0.455078125 0.0048828125 0.0068359375
1 0.6875 0.4521484375 0.00390625 0.005859375
1 0.654296875 0.4482421875 0.00390625 0.0048828125
1 0.6103515625 0.4453125 0.00390625 0.0048828125
1 0.56640625 0.4443359375 0.0029296875 0.0048828125
1 0.5234375 0.443359375 0.00390625 0.005859375
1 0.482421875 0.4423828125 0.00390625 0.005859375
1 0.435546875 0.44140625 0.00390625 0.005859375
1 0.384765625 0.4404296875 0.00390625 0.005859375
1 0.3408203125 0.439453125 0.005859375 0.0078125
1 0.248046875 0.4365234375 0.005859375 0.0078125
1 0.1328125 0.4326171875 0.0078125 0.009765625
2 0.37109375 0.5244140625 0.0419921875 0.0478515625
2 0.203125 0.4921875 0.0302734375 0.033203125
2 0.029296875 0.431640625 0.0107421875 0.0126953125
2 0.1748046875 0.4345703125 0.0087890625 0.0107421875
2 0.275390625 0.4384765625 0.0078125 0.009765625
2 0.3583984375 0.4404296875 0.0068359375 0.0087890625
2 0.4306640625 0.443359375 0.0048828125 0.0078125
2 0.466796875 0.4443359375 0.005859375 0.0078125
2 0.50390625 0.4443359375 0.0048828125 0.0068359375
2 0.5390625 0.4453125 0.00390625 0.005859375
2 0.568359375 0.4453125 0.00390625 0.005859375
2 0.599609375 0.4462890625 0.00390625 0.005859375
2 0.6220703125 0.4482421875 0.00390625 0.0048828125
2 0.8310546875 0.482421875 0.0126953125 0.0166015625
2 0.73828125 0.46875 0.0087890625 0.0126953125
2 0.6953125 0.4609375 0.0068359375 0.009765625
2 0.6689453125 0.4560546875 0.005859375 0.0078125
2 0.6494140625 0.453125 0.00390625 0.0068359375
2 0.6337890625 0.4501953125 0.00390625 0.005859375
2 0.9853515625 0.505859375 0.015625 0.01953125
0 0.9677734375 0.4970703125 0.0205078125 0.0400390625