1 0.9111328125 0.4560546875 0.0107421875 0.01171875
1 0.7734375 0.45703125 0.0087890625 0.01171875
1 0.658203125 0.4580078125 0.0087890625 0.0107421875
1 0.5517578125 0.4609375 0.0107421875 0.0126953125
1 0.474609375 0.4658203125 0.0107421875 0.0146484375
1 0.396484375 0.4736328125 0.0126953125 0.0166015625
1 0.3369140625 0.486328125 0.0185546875 0.0224609375
1 0.3134765625 0.5126953125 0.0302734375 0.03515625
1 0.18359375 0.5947265625 0.052734375 0.0546875
2 0.92578125 0.4619140625 0.01171875 0.0146484375
2 0.7607421875 0.462890625 0.0107421875 0.0146484375
2 0.6484375 0.4658203125 0.0107421875 0.0146484375
2 0.5986328125 0.47265625 0.0146484375 0.0185546875
2 0.626953125 0.486328125 0.0205078125 0.0244140625
2 0.7900390625 0.51953125 0.0380859375 0.04296875