1 0.2646484375 0.576171875 0.0615234375 0.06640625
1 0.4296875 0.498046875 0.025390625 0.03125
1 0.3154296875 0.4775390625 0.0185546875 0.021484375
1 0.255859375 0.46484375 0.0146484375 0.017578125
1 0.2373046875 0.4560546875 0.01171875 0.013671875
1 0.2763671875 0.451171875 0.0087890625 0.0107421875
1 0.326171875 0.447265625 0.005859375 0.0087890625
1 0.35546875 0.4453125 0.005859375 0.0078125
1 0.33203125 0.443359375 0.0048828125 0.0068359375
1 0.294921875 0.44140625 0.00390625 0.005859375
1 0.2880859375 0.4404296875 0.00390625 0.005859375
1 0.2998046875 0.439453125 0.0029296875 0.0048828125
1 0.322265625 0.4384765625 0.00390625 0.0048828125
1 0.341796875 0.4375 0.0029296875 0.00390625
1 0.3037109375 0.4375 0.001953125 0.00390625
1 0.314453125 0.4365234375 0.001953125 0.00390625
1 0.337890625 0.435546875 0.001953125 0.00390625
1 0.37109375 0.435546875 0.001953125 0.0029296875
1 0.4111328125 0.435546875 0.001953125 0.0029296875
1 0.4443359375 0.435546875 0.001953125 0.0029296875
1 0.470703125 0.4345703125 0.001953125 0.0029296875
1 0.4970703125 0.435546875 0.001953125 0.0029296875
1 0.51171875 0.435546875 0.001953125 0.0029296875
1 0.5234375 0.4365234375 0.001953125 0.00390625
1 0.5341796875 0.4365234375 0.0029296875 0.00390625
1 0.5458984375 0.4365234375 0.0029296875 0.00390625
1 0.5595703125 0.4375 0.0029296875 0.00390625
1 0.5830078125 0.4384765625 0.00390625 0.0048828125
1 0.6103515625 0.439453125 0.00390625 0.005859375
1 0.640625 0.4404296875 0.00390625 0.005859375
1 0.68359375 0.443359375 0.0048828125 0.0068359375
1 0.7392578125 0.4453125 0.005859375 0.0078125
1 0.8193359375 0.44921875 0.0068359375 0.0087890625
1 0.9267578125 0.4541015625 0.0107421875 0.01171875
2 0.87890625 0.5546875 0.05859375 0.05859375
2 0.69140625 0.4892578125 0.025390625 0.029296875
2 0.5546875 0.47265625 0.0166015625 0.0205078125
2 0.4384765625 0.4638671875 0.0126953125 0.0166015625
2 0.37109375 0.455078125 0.0087890625 0.0126953125
2 0.404296875 0.451171875 0.0078125 0.0107421875
2 0.4228515625 0.447265625 0.0068359375 0.0087890625
2 0.4306640625 0.4443359375 0.0048828125 0.0078125
2 0.4033203125 0.4423828125 0.0048828125 0.0068359375
2 0.3681640625 0.44140625 0.00390625 0.005859375
2 0.349609375 0.4404296875 0.00390625 0.005859375
2 0.359375 0.439453125 0.00390625 0.005859375
2 0.376953125 0.4384765625 0.0029296875 0.0048828125
2 0.388671875 0.4375 0.0029296875 0.00390625
2 0.3681640625 0.4375 0.0029296875 0.00390625
2 0.396484375 0.435546875 0.0029296875 0.00390625
2 0.43359375 0.435546875 0.0029296875 0.00390625
2 0.4580078125 0.435546875 0.0029296875 0.00390625
2 0.4765625 0.4365234375 0.001953125 0.00390625
2 0.486328125 0.4365234375 0.0029296875 0.00390625
2 0.49609375 0.4375 0.0029296875 0.00390625
2 0.5078125 0.4384765625 0.0029296875 0.0048828125
2 0.5263671875 0.439453125 0.00390625 0.0048828125
2 0.546875 0.4404296875 0.00390625 0.005859375
2 0.5703125 0.44140625 0.0048828125 0.0068359375
2 0.6015625 0.443359375 0.005859375 0.0078125
2 0.650390625 0.4462890625 0.0068359375 0.0087890625
2 0.72265625 0.451171875 0.0087890625 0.01171875
2 0.8134765625 0.45703125 0.01171875 0.013671875
2 0.9599609375 0.4658203125 0.0166015625 0.017578125