2 0.884765625 0.439453125 0.017578125 0.01953125
2 0.7421875 0.43359375 0.01171875 0.013671875
2 0.638671875 0.431640625 0.009765625 0.0126953125
2 0.5595703125 0.4306640625 0.0078125 0.009765625
2 0.5361328125 0.4287109375 0.005859375 0.0078125
2 0.541015625 0.4248046875 0.0048828125 0.0068359375
2 0.548828125 0.4228515625 0.00390625 0.005859375
2 0.5537109375 0.4208984375 0.00390625 0.0048828125
2 0.5595703125 0.4189453125 0.0029296875 0.00390625
2 0.5634765625 0.41796875 0.0029296875 0.00390625
2 0.56640625 0.4169921875 0.0029296875 0.00390625
2 0.5703125 0.4150390625 0.001953125 0.00390625
2 0.5791015625 0.4150390625 0.001953125 0.0029296875
2 0.595703125 0.4130859375 0.001953125 0.00390625
2 0.626953125 0.412109375 0.001953125 0.0029296875
2 0.66015625 0.4111328125 0.001953125 0.0029296875
2 0.69140625 0.41015625 0.001953125 0.0029296875
2 0.697265625 0.41015625 0.0029296875 0.00390625
2 0.6953125 0.4111328125 0.0029296875 0.00390625
2 0.681640625 0.412109375 0.001953125 0.00390625
2 0.654296875 0.4140625 0.0029296875 0.00390625
2 0.6318359375 0.416015625 0.00390625 0.0048828125
2 0.615234375 0.4169921875 0.00390625 0.005859375
2 0.6240234375 0.41796875 0.00390625 0.005859375
2 0.658203125 0.41796875 0.00390625 0.005859375
2 0.7109375 0.41796875 0.005859375 0.0078125
2 0.7705078125 0.4169921875 0.005859375 0.0078125
2 0.845703125 0.4169921875 0.0078125 0.009765625
2 0.9111328125 0.4189453125 0.0087890625 0.0107421875
2 0.99609375 0.4228515625 0.0078125 0.0146484375
1 0.7236328125 0.490234375 0.0322265625 0.0390625
1 0.6806640625 0.453125 0.0166015625 0.021484375
1 0.6142578125 0.4423828125 0.0126953125 0.0166015625
1 0.501953125 0.439453125 0.009765625 0.0126953125
1 0.4443359375 0.4365234375 0.0078125 0.009765625
1 0.4267578125 0.4345703125 0.0068359375 0.0087890625
1 0.443359375 0.4306640625 0.005859375 0.0078125
1 0.4619140625 0.4267578125 0.0048828125 0.0068359375
1 0.478515625 0.4248046875 0.00390625 0.005859375
1 0.4912109375 0.4228515625 0.00390625 0.005859375
1 0.5 0.4208984375 0.0029296875 0.0048828125
1 0.5087890625 0.419921875 0.0029296875 0.00390625
1 0.5166015625 0.4189453125 0.001953125 0.00390625
1 0.5234375 0.41796875 0.001953125 0.00390625
1 0.529296875 0.4169921875 0.001953125 0.0029296875
1 0.5341796875 0.416015625 0.001953125 0.0029296875
1 0.5537109375 0.4150390625 0.001953125 0.0029296875
1 0.5810546875 0.4140625 0.001953125 0.0029296875
1 0.619140625 0.412109375 0.001953125 0.00390625
1 0.6630859375 0.41015625 0.001953125 0.001953125
1 0.7060546875 0.4091796875 0.001953125 0.00390625
1 0.7294921875 0.408203125 0.001953125 0.0029296875
1 0.7431640625 0.4091796875 0.001953125 0.0029296875
1 0.75390625 0.408203125 0.001953125 0.0029296875
1 0.7353515625 0.41015625 0.001953125 0.00390625
1 0.7109375 0.412109375 0.0029296875 0.0048828125
1 0.685546875 0.4130859375 0.0029296875 0.00390625
1 0.6767578125 0.4140625 0.0029296875 0.0048828125
1 0.6806640625 0.416015625 0.0029296875 0.0048828125
1 0.7734375 0.4150390625 0.00390625 0.0068359375
1 0.8544921875 0.4130859375 0.005859375 0.0078125
1 0.947265625 0.412109375 0.0078125 0.0087890625