1 0.5341796875 0.5009765625 0.0341796875 0.04296875
1 0.51953125 0.4619140625 0.0185546875 0.0244140625
1 0.9638671875 0.408203125 0.0068359375 0.0078125
1 0.857421875 0.4111328125 0.005859375 0.0078125
1 0.7802734375 0.4130859375 0.005859375 0.0068359375
1 0.623046875 0.4189453125 0.005859375 0.0068359375
1 0.5517578125 0.419921875 0.0048828125 0.00390625
1 0.4853515625 0.42578125 0.005859375 0.0078125
1 0.443359375 0.4287109375 0.0068359375 0.0078125
1 0.41015625 0.4326171875 0.0068359375 0.0087890625
1 0.4033203125 0.4365234375 0.0078125 0.0107421875
1 0.435546875 0.4404296875 0.0107421875 0.013671875
1 0.482421875 0.447265625 0.0146484375 0.0185546875
2 0.9169921875 0.4111328125 0.0068359375 0.0087890625
2 0.810546875 0.4140625 0.0068359375 0.0087890625
2 0.7041015625 0.41796875 0.005859375 0.0087890625
2 0.615234375 0.421875 0.005859375 0.0078125
2 0.55078125 0.4248046875 0.005859375 0.0087890625
2 0.5283203125 0.4287109375 0.0078125 0.009765625
2 0.552734375 0.431640625 0.0087890625 0.0107421875
2 0.6220703125 0.43359375 0.0107421875 0.013671875
2 0.7236328125 0.44140625 0.0166015625 0.0205078125
2 0.904296875 0.4580078125 0.029296875 0.029296875