2 0.9365234375 0.57421875 0.06640625 0.068359375
2 0.7373046875 0.49609375 0.0283203125 0.03125
2 0.638671875 0.47265625 0.0166015625 0.01953125
2 0.5556640625 0.4638671875 0.01171875 0.0146484375
2 0.4462890625 0.4580078125 0.009765625 0.01171875
2 0.34765625 0.4560546875 0.0078125 0.0107421875
2 0.255859375 0.453125 0.0068359375 0.0087890625
2 0.16796875 0.4541015625 0.0078125 0.009765625
2 0.1298828125 0.4521484375 0.0068359375 0.0087890625
2 0.123046875 0.44921875 0.005859375 0.0078125
2 0.12109375 0.443359375 0.00390625 0.0048828125
2 0.12890625 0.44140625 0.0029296875 0.00390625
2 0.1474609375 0.4404296875 0.0029296875 0.00390625
2 0.18359375 0.4404296875 0.001953125 0.00390625
2 0.2197265625 0.439453125 0.001953125 0.00390625
2 0.2587890625 0.4404296875 0.0029296875 0.00390625
2 0.2470703125 0.4404296875 0.0029296875 0.0048828125
2 0.2216796875 0.4423828125 0.0029296875 0.00390625
2 0.2001953125 0.4453125 0.00390625 0.005859375
2 0.18359375 0.4443359375 0.00390625 0.005859375
2 0.1875 0.4443359375 0.00390625 0.005859375
2 0.2392578125 0.4453125 0.00390625 0.005859375
2 0.291015625 0.4453125 0.00390625 0.005859375
2 0.3447265625 0.4462890625 0.0048828125 0.0068359375
2 0.40234375 0.4462890625 0.005859375 0.0068359375
2 0.4462890625 0.4482421875 0.005859375 0.0087890625
2 0.4990234375 0.4501953125 0.0068359375 0.0087890625
2 0.5703125 0.453125 0.0078125 0.0107421875
2 0.6640625 0.45703125 0.0107421875 0.013671875
2 0.8173828125 0.462890625 0.0146484375 0.0166015625
1 0.380859375 0.5068359375 0.0302734375 0.0341796875
1 0.3974609375 0.4765625 0.017578125 0.0205078125
1 0.33203125 0.4658203125 0.01171875 0.0146484375
1 0.2578125 0.4609375 0.009765625 0.0126953125
1 0.1298828125 0.4599609375 0.009765625 0.01171875
1 0.04296875 0.458984375 0.009765625 0.0107421875
1 0.0048828125 0.4541015625 0.005859375 0.0078125
1 0.017578125 0.4521484375 0.005859375 0.0078125
1 0.0302734375 0.44921875 0.0048828125 0.0068359375
1 0.0390625 0.4482421875 0.00390625 0.005859375
1 0.044921875 0.447265625 0.00390625 0.0048828125
1 0.0517578125 0.4453125 0.0029296875 0.00390625
1 0.0556640625 0.4453125 0.0029296875 0.00390625
1 0.0615234375 0.4443359375 0.001953125 0.0029296875
1 0.0927734375 0.4423828125 0.0029296875 0.001953125
1 0.1728515625 0.4404296875 0.001953125 0.00390625
1 0.2646484375 0.4384765625 0.001953125 0.00390625
1 0.2880859375 0.439453125 0.001953125 0.0029296875
1 0.3017578125 0.439453125 0.001953125 0.00390625
1 0.3125 0.439453125 0.001953125 0.0029296875
1 0.2978515625 0.4404296875 0.0029296875 0.00390625
1 0.27734375 0.44140625 0.0029296875 0.00390625
1 0.2548828125 0.443359375 0.0029296875 0.0048828125
1 0.2490234375 0.443359375 0.0029296875 0.0048828125
1 0.2861328125 0.4443359375 0.00390625 0.0048828125
1 0.3408203125 0.4443359375 0.0048828125 0.005859375
1 0.4658203125 0.4443359375 0.0048828125 0.005859375
1 0.5107421875 0.4462890625 0.005859375 0.0068359375
1 0.5712890625 0.447265625 0.005859375 0.0078125
1 0.642578125 0.4501953125 0.0078125 0.0087890625
1 0.7529296875 0.453125 0.0087890625 0.0107421875
1 0.9150390625 0.4580078125 0.0126953125 0.013671875