1 0.5068359375 0.427734375 0.00390625 0.0068359375
1 0.568359375 0.431640625 0.005859375 0.0068359375
1 0.6513671875 0.4375 0.005859375 0.0078125
1 0.765625 0.4443359375 0.0068359375 0.0087890625
1 0.8994140625 0.453125 0.009765625 0.01171875
1 0.1533203125 0.45703125 0.0234375 0.025390625
1 0.2841796875 0.443359375 0.013671875 0.017578125
1 0.341796875 0.4365234375 0.0107421875 0.013671875
1 0.306640625 0.4306640625 0.0087890625 0.0107421875
1 0.2412109375 0.423828125 0.0078125 0.009765625
1 0.162109375 0.4189453125 0.0078125 0.009765625
1 0.4599609375 0.4248046875 0.0048828125 0.005859375
1 0.4169921875 0.421875 0.00390625 0.005859375
1 0.3818359375 0.4189453125 0.00390625 0.005859375
1 0.3173828125 0.4150390625 0.0029296875 0.0048828125
1 0.27734375 0.4140625 0.0029296875 0.00390625
1 0.1455078125 0.408203125 0.0029296875 0.00390625
1 0.09375 0.40625 0.00390625 0.005859375
1 0.0361328125 0.4052734375 0.00390625 0.005859375
1 0.08203125 0.4150390625 0.0078125 0.0087890625
2 0.29296875 0.416015625 0.00390625 0.005859375
2 0.3232421875 0.41796875 0.00390625 0.005859375
2 0.3564453125 0.419921875 0.0048828125 0.005859375
2 0.400390625 0.4228515625 0.0048828125 0.0068359375
2 0.443359375 0.4267578125 0.005859375 0.0078125
2 0.5029296875 0.4306640625 0.0068359375 0.0078125
2 0.583984375 0.4365234375 0.0068359375 0.0087890625
2 0.705078125 0.4453125 0.0078125 0.0107421875
2 0.857421875 0.455078125 0.0107421875 0.0126953125
2 0.251953125 0.4130859375 0.00390625 0.0048828125
2 0.1923828125 0.4111328125 0.00390625 0.005859375
2 0.130859375 0.4091796875 0.00390625 0.005859375
2 0.0576171875 0.4072265625 0.0048828125 0.005859375
2 0.0166015625 0.4091796875 0.0068359375 0.0078125
2 0.103515625 0.4130859375 0.0068359375 0.0078125
2 0.193359375 0.4169921875 0.0068359375 0.0087890625
2 0.2783203125 0.421875 0.0068359375 0.0078125
2 0.34765625 0.42578125 0.0068359375 0.0087890625
2 0.4091796875 0.4306640625 0.0078125 0.009765625
2 0.4697265625 0.4365234375 0.0087890625 0.0107421875
2 0.509765625 0.443359375 0.009765625 0.013671875
2 0.4931640625 0.4501953125 0.0126953125 0.0166015625
2 0.46875 0.4619140625 0.0166015625 0.0224609375
2 0.4365234375 0.49609375 0.0302734375 0.037109375
0 0.509765625 0.419921875 0.005859375 0.0087890625