2 0.8310546875 0.47265625 0.017578125 0.0185546875
1 0.6396484375 0.490234375 0.0224609375 0.029296875
1 0.60546875 0.462890625 0.013671875 0.017578125
2 0.7451171875 0.4521484375 0.0087890625 0.01171875
2 0.7578125 0.4580078125 0.0107421875 0.013671875
1 0.59765625 0.451171875 0.0087890625 0.0126953125
2 0.787109375 0.44921875 0.0078125 0.009765625
1 0.6025390625 0.4453125 0.005859375 0.009765625
1 0.6513671875 0.4443359375 0.005859375 0.0078125
2 0.7734375 0.4462890625 0.005859375 0.0078125
2 0.71484375 0.44140625 0.005859375 0.0078125
1 0.634765625 0.439453125 0.00390625 0.005859375
1 0.58984375 0.435546875 0.0048828125 0.0068359375
2 0.646484375 0.43359375 0.0029296875 0.0048828125
1 0.681640625 0.443359375 0.005859375 0.0078125
1 0.5791015625 0.4306640625 0.0029296875 0.0048828125
2 0.6513671875 0.4375 0.00390625 0.005859375
1 0.65625 0.4326171875 0.0029296875 0.00390625
1 0.6728515625 0.44140625 0.0048828125 0.0068359375
2 0.771484375 0.4375 0.00390625 0.0048828125
2 0.7236328125 0.435546875 0.00390625 0.0048828125
2 0.6259765625 0.4326171875 0.00390625 0.0048828125
2 0.6845703125 0.4345703125 0.00390625 0.0048828125
2 0.6357421875 0.4345703125 0.00390625 0.005859375
1 0.603515625 0.4306640625 0.001953125 0.00390625
1 0.5732421875 0.43359375 0.0029296875 0.005859375
1 0.630859375 0.431640625 0.001953125 0.00390625
1 0.5673828125 0.431640625 0.00390625 0.0048828125
1 0.5703125 0.4326171875 0.00390625 0.005859375
2 0.826171875 0.4404296875 0.00390625 0.0048828125
2 0.8681640625 0.443359375 0.00390625 0.005859375
2 0.9111328125 0.4453125 0.0048828125 0.005859375
2 0.9462890625 0.4482421875 0.005859375 0.0068359375
1 0.8779296875 0.4423828125 0.0029296875 0.00390625
1 0.765625 0.4365234375 0.0029296875 0.00390625