1 0.138671875 0.5654296875 0.0576171875 0.0654296875
1 0.326171875 0.4970703125 0.0244140625 0.0283203125
1 0.38671875 0.4755859375 0.015625 0.0185546875
1 0.41796875 0.46484375 0.0107421875 0.013671875
1 0.48046875 0.4580078125 0.0078125 0.009765625
1 0.5576171875 0.4560546875 0.0078125 0.0087890625
1 0.7099609375 0.455078125 0.0068359375 0.0087890625
1 0.7978515625 0.4560546875 0.0068359375 0.0087890625
1 0.89453125 0.45703125 0.0078125 0.009765625
2 0.958984375 0.5556640625 0.0546875 0.0537109375
2 0.724609375 0.4951171875 0.0234375 0.02734375
2 0.6474609375 0.4755859375 0.0146484375 0.0185546875
2 0.6083984375 0.46484375 0.0107421875 0.013671875
2 0.7275390625 0.458984375 0.0087890625 0.0107421875
2 0.8525390625 0.4609375 0.009765625 0.01171875
2 0.9853515625 0.46484375 0.0126953125 0.013671875