2 0.845703125 0.4482421875 0.0205078125 0.0224609375
2 0.7060546875 0.4404296875 0.0146484375 0.0166015625
2 0.6181640625 0.435546875 0.009765625 0.0126953125
2 0.6044921875 0.4306640625 0.0078125 0.0107421875
2 0.625 0.42578125 0.005859375 0.0078125
2 0.6435546875 0.421875 0.005859375 0.0078125
2 0.6572265625 0.4189453125 0.0048828125 0.0068359375
2 0.669921875 0.4169921875 0.00390625 0.005859375
2 0.6787109375 0.416015625 0.0029296875 0.005859375
2 0.6845703125 0.4140625 0.0029296875 0.00390625
2 0.6904296875 0.4130859375 0.0029296875 0.00390625
2 0.6962890625 0.412109375 0.001953125 0.00390625
2 0.7080078125 0.4111328125 0.001953125 0.00390625
2 0.7294921875 0.4091796875 0.001953125 0.00390625
2 0.7666015625 0.4072265625 0.0029296875 0.00390625
2 0.806640625 0.40625 0.0029296875 0.00390625
2 0.8447265625 0.4052734375 0.0029296875 0.00390625
2 0.8525390625 0.4052734375 0.0029296875 0.00390625
2 0.84765625 0.40625 0.0029296875 0.00390625
2 0.828125 0.4072265625 0.001953125 0.00390625
2 0.7919921875 0.41015625 0.00390625 0.005859375
2 0.76171875 0.412109375 0.00390625 0.005859375
2 0.736328125 0.4150390625 0.0048828125 0.0068359375
2 0.744140625 0.416015625 0.0048828125 0.0068359375
2 0.783203125 0.416015625 0.005859375 0.0078125
2 0.849609375 0.416015625 0.0068359375 0.0087890625
2 0.931640625 0.416015625 0.0087890625 0.0107421875
1 0.6494140625 0.5009765625 0.03515625 0.0400390625
1 0.623046875 0.462890625 0.0205078125 0.0234375
1 0.5078125 0.44921875 0.0126953125 0.0166015625
1 0.46484375 0.4423828125 0.009765625 0.0126953125
1 0.50390625 0.431640625 0.0068359375 0.0087890625
1 0.537109375 0.4267578125 0.005859375 0.0078125
1 0.5654296875 0.423828125 0.0048828125 0.0078125
1 0.5869140625 0.4208984375 0.00390625 0.005859375
1 0.6025390625 0.4189453125 0.00390625 0.005859375
1 0.6162109375 0.4169921875 0.0029296875 0.0048828125
1 0.62890625 0.416015625 0.0029296875 0.00390625
1 0.6396484375 0.4150390625 0.0029296875 0.00390625
1 0.6484375 0.4140625 0.001953125 0.00390625
1 0.65625 0.4130859375 0.001953125 0.00390625
1 0.6806640625 0.4111328125 0.001953125 0.0029296875
1 0.7138671875 0.4091796875 0.001953125 0.0029296875
1 0.8115234375 0.40625 0.001953125 0.0029296875
1 0.865234375 0.404296875 0.001953125 0.00390625
1 0.9130859375 0.4033203125 0.0029296875 0.0029296875
1 0.9248046875 0.4033203125 0.00390625 0.00390625
1 0.8984375 0.4052734375 0.0029296875 0.00390625
1 0.865234375 0.4072265625 0.00390625 0.0048828125
1 0.8291015625 0.41015625 0.00390625 0.005859375
1 0.8173828125 0.412109375 0.0048828125 0.0068359375
1 0.8564453125 0.4130859375 0.005859375 0.0078125
1 0.939453125 0.412109375 0.0068359375 0.0087890625