1 0.5908203125 0.57421875 0.0625 0.078125
1 0.921875 0.4775390625 0.0400390625 0.0419921875
1 0.919921875 0.4306640625 0.0166015625 0.0185546875
1 0.802734375 0.423828125 0.0126953125 0.0146484375
1 0.7001953125 0.4228515625 0.0087890625 0.01171875
1 0.896484375 0.40234375 0.00390625 0.005859375
1 0.83984375 0.4033203125 0.00390625 0.0048828125
1 0.7548828125 0.40625 0.0029296875 0.00390625
1 0.6923828125 0.408203125 0.0029296875 0.0048828125
1 0.6455078125 0.41015625 0.00390625 0.0048828125
1 0.5966796875 0.412109375 0.00390625 0.005859375
1 0.54296875 0.4150390625 0.00390625 0.0048828125
1 0.4951171875 0.4169921875 0.00390625 0.005859375
1 0.4580078125 0.419921875 0.0048828125 0.005859375
1 0.447265625 0.4228515625 0.0048828125 0.0078125
1 0.4775390625 0.423828125 0.005859375 0.0078125
1 0.5380859375 0.4228515625 0.005859375 0.0087890625
1 0.619140625 0.421875 0.0078125 0.009765625
2 0.8642578125 0.404296875 0.0048828125 0.0068359375
2 0.91015625 0.4052734375 0.005859375 0.0078125
2 0.970703125 0.4052734375 0.0068359375 0.0087890625
2 0.8076171875 0.4052734375 0.00390625 0.005859375
2 0.7392578125 0.408203125 0.00390625 0.005859375
2 0.6767578125 0.41015625 0.00390625 0.005859375
2 0.6123046875 0.4130859375 0.00390625 0.005859375
2 0.556640625 0.416015625 0.00390625 0.005859375
2 0.5234375 0.41796875 0.00390625 0.005859375
2 0.52734375 0.4189453125 0.0048828125 0.0078125
2 0.5703125 0.4189453125 0.005859375 0.0078125
2 0.64453125 0.41796875 0.0068359375 0.0087890625
2 0.73828125 0.416015625 0.0078125 0.009765625
2 0.853515625 0.416015625 0.0087890625 0.01171875
2 0.978515625 0.416015625 0.0126953125 0.0146484375
1 0.943359375 0.4013671875 0.005859375 0.0068359375