2 0.462890625 0.5751953125 0.0595703125 0.0732421875
2 0.4609375 0.4951171875 0.033203125 0.0419921875
2 0.6044921875 0.4677734375 0.0224609375 0.025390625
2 0.748046875 0.4609375 0.0166015625 0.01953125
2 0.8447265625 0.4580078125 0.0146484375 0.0166015625
2 0.9306640625 0.45703125 0.01171875 0.0146484375
2 0.97265625 0.455078125 0.009765625 0.01171875
2 0.966796875 0.4501953125 0.0078125 0.009765625
2 0.91796875 0.4453125 0.0068359375 0.0087890625
2 0.857421875 0.439453125 0.005859375 0.0078125
2 0.80078125 0.4345703125 0.0048828125 0.0068359375
2 0.7509765625 0.431640625 0.0048828125 0.005859375
2 0.7333984375 0.4267578125 0.0029296875 0.0048828125
2 0.7353515625 0.4267578125 0.0029296875 0.00390625
2 0.7373046875 0.4248046875 0.00390625 0.0048828125
2 0.7392578125 0.423828125 0.001953125 0.00390625
2 0.7470703125 0.423828125 0.001953125 0.0029296875
2 0.76171875 0.423828125 0.001953125 0.0029296875
2 0.7890625 0.4248046875 0.001953125 0.00390625
2 0.8193359375 0.4267578125 0.001953125 0.0029296875
2 0.8486328125 0.4287109375 0.001953125 0.0029296875
2 0.853515625 0.4287109375 0.0029296875 0.00390625
2 0.8505859375 0.4287109375 0.001953125 0.0029296875
2 0.8369140625 0.4287109375 0.0029296875 0.0029296875
2 0.794921875 0.427734375 0.0029296875 0.00390625
2 0.7802734375 0.427734375 0.0029296875 0.00390625
2 0.7890625 0.4287109375 0.00390625 0.0048828125
2 0.8154296875 0.4306640625 0.0029296875 0.00390625
2 0.8544921875 0.43359375 0.00390625 0.005859375
2 0.8974609375 0.4365234375 0.00390625 0.005859375
2 0.9453125 0.4404296875 0.0048828125 0.005859375
2 0.9775390625 0.443359375 0.005859375 0.0068359375
1 0.1640625 0.45703125 0.025390625 0.02734375
1 0.37890625 0.447265625 0.0166015625 0.0205078125
1 0.556640625 0.4462890625 0.0126953125 0.0166015625
1 0.6787109375 0.4462890625 0.0107421875 0.013671875
1 0.7734375 0.4462890625 0.0087890625 0.01171875
1 0.8271484375 0.4453125 0.0078125 0.009765625
1 0.8203125 0.44140625 0.005859375 0.0078125
1 0.7900390625 0.4365234375 0.005859375 0.0078125
1 0.7255859375 0.431640625 0.00390625 0.005859375
1 0.685546875 0.4287109375 0.00390625 0.005859375
1 0.6669921875 0.42578125 0.00390625 0.0048828125
1 0.6748046875 0.4248046875 0.0029296875 0.00390625
1 0.6806640625 0.4248046875 0.0029296875 0.00390625
1 0.6865234375 0.423828125 0.001953125 0.00390625
1 0.6904296875 0.4228515625 0.001953125 0.00390625
1 0.7236328125 0.421875 0.001953125 0.0029296875
1 0.7822265625 0.4248046875 0.001953125 0.00390625
1 0.8212890625 0.4267578125 0.001953125 0.0029296875
1 0.861328125 0.4296875 0.001953125 0.00390625
1 0.896484375 0.431640625 0.001953125 0.0029296875
1 0.9033203125 0.4326171875 0.0029296875 0.00390625
1 0.8857421875 0.431640625 0.001953125 0.001953125
1 0.83203125 0.4306640625 0.001953125 0.00390625
1 0.8583984375 0.4326171875 0.0029296875 0.00390625
1 0.904296875 0.435546875 0.00390625 0.0048828125
1 0.962890625 0.439453125 0.00390625 0.0048828125