2 0.181640625 0.4580078125 0.0185546875 0.0224609375
2 0.1474609375 0.4443359375 0.013671875 0.017578125
2 0.1650390625 0.4365234375 0.0107421875 0.013671875
2 0.2001953125 0.43359375 0.0087890625 0.01171875
2 0.2568359375 0.431640625 0.0068359375 0.0087890625
2 0.271484375 0.4296875 0.005859375 0.0078125
2 0.26171875 0.427734375 0.0048828125 0.0068359375
2 0.228515625 0.4248046875 0.005859375 0.0068359375
2 0.1884765625 0.421875 0.0048828125 0.005859375
2 0.1494140625 0.4189453125 0.0048828125 0.005859375
2 0.1044921875 0.4169921875 0.00390625 0.005859375
2 0.078125 0.416015625 0.00390625 0.005859375
2 0.0634765625 0.4140625 0.00390625 0.0048828125
2 0.0869140625 0.412109375 0.0029296875 0.00390625
2 0.12109375 0.4140625 0.0029296875 0.00390625
2 0.126953125 0.4140625 0.001953125 0.00390625
2 0.103515625 0.4130859375 0.0029296875 0.00390625
2 0.08984375 0.4111328125 0.001953125 0.00390625
2 0.1083984375 0.412109375 0.001953125 0.00390625
2 0.1396484375 0.4130859375 0.001953125 0.0029296875
2 0.1650390625 0.4140625 0.001953125 0.0029296875
2 0.1884765625 0.4150390625 0.0029296875 0.00390625
2 0.2216796875 0.4169921875 0.001953125 0.0029296875
2 0.2646484375 0.4189453125 0.0029296875 0.00390625
2 0.287109375 0.4208984375 0.001953125 0.00390625
2 0.2978515625 0.421875 0.001953125 0.00390625
2 0.3095703125 0.4228515625 0.001953125 0.00390625
2 0.3203125 0.423828125 0.0029296875 0.00390625
2 0.3359375 0.42578125 0.0029296875 0.0048828125
2 0.3701171875 0.427734375 0.00390625 0.005859375
2 0.408203125 0.4306640625 0.00390625 0.005859375
2 0.4443359375 0.43359375 0.0048828125 0.005859375
2 0.4501953125 0.435546875 0.00390625 0.0068359375
2 0.486328125 0.4404296875 0.005859375 0.0078125
2 0.5615234375 0.447265625 0.0078125 0.009765625
2 0.68359375 0.4541015625 0.0078125 0.0107421875
2 0.77734375 0.462890625 0.009765625 0.0126953125
2 0.87890625 0.4765625 0.015625 0.017578125
1 0.96875 0.47265625 0.013671875 0.0146484375
1 0.8583984375 0.4619140625 0.009765625 0.0107421875
1 0.751953125 0.4541015625 0.0078125 0.0087890625
1 0.62890625 0.447265625 0.0078125 0.0087890625
1 0.55078125 0.44140625 0.005859375 0.0078125
1 0.5390625 0.4384765625 0.00390625 0.0068359375
1 0.53125 0.4365234375 0.00390625 0.0048828125
1 0.494140625 0.43359375 0.00390625 0.0048828125
1 0.396484375 0.427734375 0.0029296875 0.00390625
1 0.3603515625 0.4248046875 0.001953125 0.0029296875
1 0.3427734375 0.4228515625 0.001953125 0.0029296875
1 0.3232421875 0.421875 0.001953125 0.0029296875
1 0.294921875 0.419921875 0.001953125 0.0029296875
1 0.2607421875 0.41796875 0.001953125 0.0029296875
1 0.2294921875 0.4169921875 0.0029296875 0.0029296875
1 0.208984375 0.416015625 0.001953125 0.0029296875
1 0.1728515625 0.4140625 0.001953125 0.0029296875
1 0.0439453125 0.41015625 0.001953125 0.0029296875
1 0.0244140625 0.4091796875 0.0029296875 0.00390625
1 0.03125 0.41015625 0.0029296875 0.0048828125
1 0.0576171875 0.412109375 0.0029296875 0.0048828125
1 0.052734375 0.4111328125 0.0029296875 0.00390625
1 0.009765625 0.4111328125 0.00390625 0.0048828125
1 0.0244140625 0.4150390625 0.0048828125 0.0068359375
1 0.08984375 0.4189453125 0.0048828125 0.0068359375
1 0.1240234375 0.4208984375 0.0048828125 0.0078125
1 0.1484375 0.423828125 0.005859375 0.0087890625
1 0.1201171875 0.42578125 0.0078125 0.0087890625
1 0.044921875 0.4267578125 0.0107421875 0.01171875
0 0.2412109375 0.48046875 0.03515625 0.0654296875
0 0.2607421875 0.4873046875 0.0419921875 0.068359375