2 0.1123046875 0.45703125 0.0126953125 0.0146484375
2 0.216796875 0.453125 0.0087890625 0.01171875
2 0.23046875 0.44921875 0.0078125 0.009765625
2 0.2119140625 0.447265625 0.005859375 0.0078125
2 0.2685546875 0.443359375 0.00390625 0.005859375
2 0.3271484375 0.4423828125 0.00390625 0.005859375
2 0.359375 0.44140625 0.00390625 0.005859375
2 0.3525390625 0.439453125 0.0029296875 0.0048828125
2 0.40625 0.4365234375 0.0029296875 0.00390625
2 0.3994140625 0.4345703125 0.001953125 0.0029296875
2 0.41796875 0.4345703125 0.001953125 0.0029296875
2 0.4462890625 0.4345703125 0.001953125 0.00390625
2 0.4765625 0.4345703125 0.001953125 0.001953125
2 0.5078125 0.435546875 0.001953125 0.0029296875
2 0.5166015625 0.4375 0.001953125 0.0029296875
2 0.51953125 0.439453125 0.001953125 0.0029296875
2 0.5234375 0.4404296875 0.0029296875 0.00390625
2 0.52734375 0.44140625 0.0029296875 0.00390625
2 0.5302734375 0.44140625 0.001953125 0.00390625
2 0.53125 0.4443359375 0.00390625 0.005859375
2 0.505859375 0.4453125 0.00390625 0.005859375
2 0.4853515625 0.447265625 0.0048828125 0.0068359375
2 0.5 0.44921875 0.0048828125 0.0078125
2 0.5390625 0.451171875 0.0068359375 0.0087890625
2 0.560546875 0.455078125 0.0078125 0.01171875
2 0.576171875 0.4619140625 0.0107421875 0.013671875
2 0.6083984375 0.47265625 0.0146484375 0.01953125
2 0.6748046875 0.4990234375 0.025390625 0.0302734375
2 0.876953125 0.5771484375 0.064453125 0.0654296875
1 0.134765625 0.4638671875 0.0126953125 0.015625
1 0.2919921875 0.458984375 0.0107421875 0.0126953125
1 0.35546875 0.455078125 0.0078125 0.0107421875
1 0.3583984375 0.4501953125 0.005859375 0.0078125
1 0.3154296875 0.4482421875 0.0048828125 0.0078125
1 0.3115234375 0.4462890625 0.0048828125 0.0068359375
1 0.3515625 0.4443359375 0.00390625 0.005859375
1 0.408203125 0.443359375 0.00390625 0.005859375
1 0.4267578125 0.44140625 0.00390625 0.005859375
1 0.396484375 0.439453125 0.0029296875 0.00390625
1 0.3876953125 0.4384765625 0.001953125 0.00390625
1 0.4091796875 0.4384765625 0.0029296875 0.00390625
1 0.4404296875 0.4384765625 0.001953125 0.00390625
1 0.451171875 0.4375 0.001953125 0.0029296875
1 0.4482421875 0.4375 0.001953125 0.0029296875
1 0.4375 0.435546875 0.001953125 0.0029296875
1 0.4326171875 0.435546875 0.001953125 0.0029296875
1 0.44140625 0.4345703125 0.001953125 0.0029296875
1 0.4609375 0.435546875 0.001953125 0.0029296875
1 0.4775390625 0.435546875 0.001953125 0.0029296875
1 0.486328125 0.4365234375 0.001953125 0.00390625
1 0.484375 0.4375 0.0029296875 0.00390625
1 0.4814453125 0.4423828125 0.00390625 0.0048828125
1 0.4736328125 0.4443359375 0.00390625 0.005859375
1 0.4345703125 0.4453125 0.00390625 0.005859375
1 0.4169921875 0.447265625 0.00390625 0.0068359375
1 0.419921875 0.44921875 0.0048828125 0.0078125
1 0.4375 0.451171875 0.005859375 0.0078125
1 0.451171875 0.4541015625 0.0078125 0.0107421875
1 0.44921875 0.4609375 0.009765625 0.0126953125
1 0.4326171875 0.4716796875 0.013671875 0.017578125
1 0.3857421875 0.498046875 0.025390625 0.0302734375
1 0.2509765625 0.5791015625 0.0595703125 0.072265625