2 0.9208984375 0.541015625 0.0517578125 0.0556640625
2 0.8212890625 0.4912109375 0.0263671875 0.0283203125
2 0.794921875 0.4716796875 0.0166015625 0.01953125
2 0.75390625 0.4609375 0.01171875 0.0146484375
2 0.6982421875 0.455078125 0.0087890625 0.01171875
2 0.61328125 0.451171875 0.0078125 0.009765625
2 0.5361328125 0.4482421875 0.005859375 0.0078125
2 0.4658203125 0.447265625 0.005859375 0.0078125
2 0.400390625 0.4462890625 0.0048828125 0.0078125
2 0.369140625 0.4443359375 0.0048828125 0.0068359375
2 0.3603515625 0.443359375 0.00390625 0.005859375
2 0.357421875 0.4423828125 0.00390625 0.0048828125
2 0.3525390625 0.4404296875 0.0029296875 0.00390625
2 0.349609375 0.439453125 0.0029296875 0.00390625
2 0.3447265625 0.4375 0.001953125 0.00390625
2 0.341796875 0.4375 0.0029296875 0.00390625
2 0.3466796875 0.4365234375 0.0029296875 0.00390625
2 0.3603515625 0.4365234375 0.001953125 0.0029296875
2 0.38671875 0.4365234375 0.001953125 0.0029296875
2 0.416015625 0.4365234375 0.001953125 0.0029296875
2 0.44921875 0.4365234375 0.001953125 0.0029296875
2 0.4404296875 0.4375 0.0029296875 0.00390625
2 0.4208984375 0.4384765625 0.001953125 0.00390625
2 0.4052734375 0.4384765625 0.001953125 0.00390625
2 0.39453125 0.439453125 0.0029296875 0.00390625
2 0.3984375 0.439453125 0.0029296875 0.00390625
2 0.4091796875 0.4404296875 0.0029296875 0.00390625
2 0.4404296875 0.4404296875 0.00390625 0.0048828125
2 0.4833984375 0.44140625 0.00390625 0.005859375
2 0.52734375 0.4423828125 0.00390625 0.005859375
2 0.576171875 0.4423828125 0.0048828125 0.0068359375
2 0.615234375 0.4443359375 0.0048828125 0.0068359375
2 0.6591796875 0.4462890625 0.005859375 0.0078125
2 0.71875 0.44921875 0.0068359375 0.0087890625
2 0.7958984375 0.453125 0.0087890625 0.0107421875
2 0.916015625 0.4580078125 0.0126953125 0.013671875
1 0.33203125 0.5546875 0.0517578125 0.05859375
1 0.5107421875 0.4921875 0.0224609375 0.0283203125
1 0.576171875 0.4716796875 0.015625 0.0185546875
1 0.580078125 0.4599609375 0.0107421875 0.0146484375
1 0.5302734375 0.4541015625 0.0078125 0.0107421875
1 0.4736328125 0.451171875 0.0068359375 0.0087890625
1 0.3828125 0.4482421875 0.0068359375 0.0087890625
1 0.3232421875 0.447265625 0.005859375 0.0078125
1 0.2919921875 0.4462890625 0.0048828125 0.0078125
1 0.2861328125 0.4443359375 0.0048828125 0.005859375
1 0.2890625 0.443359375 0.0048828125 0.005859375
1 0.2919921875 0.4423828125 0.00390625 0.005859375
1 0.294921875 0.4404296875 0.00390625 0.0048828125
1 0.2978515625 0.439453125 0.0029296875 0.0048828125
1 0.3017578125 0.4375 0.001953125 0.00390625
1 0.318359375 0.4375 0.001953125 0.00390625
1 0.3779296875 0.4365234375 0.001953125 0.0029296875
1 0.4521484375 0.4365234375 0.001953125 0.0029296875
1 0.47265625 0.4365234375 0.001953125 0.0029296875
1 0.4853515625 0.4365234375 0.001953125 0.0029296875
1 0.4951171875 0.4365234375 0.001953125 0.0029296875
1 0.482421875 0.4375 0.001953125 0.0029296875
1 0.4658203125 0.4375 0.001953125 0.00390625
1 0.4501953125 0.439453125 0.0029296875 0.00390625
1 0.4453125 0.4384765625 0.0029296875 0.00390625
1 0.4775390625 0.439453125 0.0029296875 0.0048828125
1 0.5234375 0.4404296875 0.00390625 0.0048828125
1 0.6318359375 0.4423828125 0.00390625 0.005859375
1 0.671875 0.443359375 0.0048828125 0.005859375
1 0.724609375 0.4453125 0.0048828125 0.0068359375
1 0.7880859375 0.447265625 0.005859375 0.0078125
1 0.8837890625 0.451171875 0.0078125 0.009765625