1 0.3271484375 0.525390625 0.037109375 0.0439453125
1 0.41796875 0.4833984375 0.01953125 0.0224609375
1 0.4658203125 0.4697265625 0.0126953125 0.015625
1 0.5537109375 0.4609375 0.009765625 0.0126953125
1 0.6015625 0.4560546875 0.0087890625 0.0107421875
1 0.5927734375 0.4541015625 0.0078125 0.009765625
1 0.548828125 0.453125 0.0068359375 0.0087890625
1 0.4970703125 0.4521484375 0.005859375 0.0078125
1 0.48046875 0.451171875 0.0048828125 0.0078125
1 0.4853515625 0.4482421875 0.00390625 0.005859375
1 0.490234375 0.447265625 0.00390625 0.0048828125
1 0.50390625 0.4453125 0.00390625 0.0048828125
1 0.5341796875 0.4443359375 0.0029296875 0.0048828125
1 0.56640625 0.443359375 0.00390625 0.0048828125
1 0.595703125 0.443359375 0.00390625 0.0048828125
1 0.71875 0.44140625 0.00390625 0.0048828125
2 0.8271484375 0.51953125 0.037109375 0.04296875
2 0.6875 0.4794921875 0.0185546875 0.0234375
2 0.67578125 0.466796875 0.013671875 0.017578125
2 0.73828125 0.4580078125 0.0107421875 0.0126953125
2 0.7216796875 0.453125 0.0087890625 0.0107421875
2 0.650390625 0.451171875 0.0078125 0.0087890625
2 0.576171875 0.44921875 0.005859375 0.0078125
2 0.5625 0.447265625 0.0048828125 0.0068359375
2 0.5556640625 0.4453125 0.00390625 0.005859375
2 0.58203125 0.4443359375 0.00390625 0.005859375
2 0.6259765625 0.443359375 0.00390625 0.0048828125
2 0.669921875 0.4423828125 0.00390625 0.005859375
2 0.7236328125 0.44140625 0.0048828125 0.005859375
2 0.7841796875 0.4404296875 0.0048828125 0.005859375
1 0.841796875 0.4404296875 0.0029296875 0.0048828125
1 0.9033203125 0.4404296875 0.00390625 0.0048828125
1 0.9609375 0.4404296875 0.00390625 0.005859375
2 0.99609375 0.4443359375 0.005859375 0.009765625
2 0.923828125 0.4423828125 0.005859375 0.0068359375
2 0.880859375 0.4423828125 0.005859375 0.0078125
2 0.8310546875 0.44140625 0.0048828125 0.0068359375