1 0.3251953125 0.5185546875 0.033203125 0.0380859375
1 0.3994140625 0.4833984375 0.017578125 0.0224609375
1 0.4326171875 0.4697265625 0.01171875 0.015625
1 0.4501953125 0.462890625 0.0087890625 0.01171875
1 0.462890625 0.4580078125 0.0078125 0.009765625
1 0.470703125 0.455078125 0.005859375 0.0078125
1 0.4765625 0.4521484375 0.00390625 0.005859375
1 0.4814453125 0.451171875 0.00390625 0.005859375
1 0.4853515625 0.44921875 0.00390625 0.0048828125
1 0.48828125 0.4482421875 0.00390625 0.0048828125
1 0.4912109375 0.447265625 0.0029296875 0.00390625
1 0.494140625 0.4453125 0.0029296875 0.00390625
1 0.4970703125 0.4453125 0.0029296875 0.00390625
1 0.5126953125 0.4453125 0.001953125 0.00390625
1 0.5390625 0.4443359375 0.001953125 0.00390625
1 0.5703125 0.4443359375 0.001953125 0.0029296875
1 0.5966796875 0.4443359375 0.001953125 0.0029296875
1 0.65625 0.4453125 0.001953125 0.0029296875
1 0.68359375 0.4453125 0.001953125 0.0029296875
1 0.705078125 0.4462890625 0.001953125 0.00390625
1 0.720703125 0.4462890625 0.001953125 0.00390625
1 0.736328125 0.447265625 0.0029296875 0.00390625
1 0.7548828125 0.4482421875 0.0029296875 0.0048828125
1 0.77734375 0.44921875 0.00390625 0.0048828125
1 0.8046875 0.4501953125 0.00390625 0.005859375
1 0.8388671875 0.451171875 0.00390625 0.005859375
1 0.8818359375 0.453125 0.0048828125 0.0068359375
1 0.9375 0.4560546875 0.005859375 0.0078125
2 0.814453125 0.517578125 0.0341796875 0.0380859375
2 0.693359375 0.4833984375 0.017578125 0.0224609375
2 0.64453125 0.4697265625 0.01171875 0.015625
2 0.6162109375 0.462890625 0.0087890625 0.01171875
2 0.5986328125 0.4580078125 0.0078125 0.009765625
2 0.5859375 0.455078125 0.005859375 0.0087890625
2 0.5771484375 0.453125 0.0048828125 0.0068359375
2 0.5712890625 0.451171875 0.00390625 0.005859375
2 0.5654296875 0.4501953125 0.00390625 0.0048828125
2 0.5615234375 0.4482421875 0.0029296875 0.0048828125
2 0.5576171875 0.447265625 0.001953125 0.00390625
2 0.5546875 0.447265625 0.001953125 0.00390625
2 0.548828125 0.4453125 0.001953125 0.00390625
2 0.5625 0.4453125 0.001953125 0.0029296875
2 0.5927734375 0.4453125 0.001953125 0.00390625
2 0.62890625 0.4453125 0.001953125 0.0029296875
2 0.65234375 0.4453125 0.001953125 0.00390625
2 0.6611328125 0.4462890625 0.0029296875 0.00390625
2 0.673828125 0.447265625 0.0029296875 0.00390625
2 0.6875 0.4482421875 0.0029296875 0.0048828125
2 0.7041015625 0.4482421875 0.00390625 0.005859375
2 0.724609375 0.4501953125 0.00390625 0.005859375
2 0.748046875 0.451171875 0.0048828125 0.0068359375
2 0.779296875 0.453125 0.005859375 0.0078125
2 0.8203125 0.455078125 0.0078125 0.0087890625
2 0.8759765625 0.458984375 0.0087890625 0.009765625
2 0.958984375 0.4638671875 0.0107421875 0.0126953125