1 0.802734375 0.4501953125 0.00390625 0.005859375
1 0.849609375 0.4521484375 0.0068359375 0.0078125
1 0.9091796875 0.455078125 0.0078125 0.0087890625
1 0.994140625 0.458984375 0.0087890625 0.0107421875
1 0.1845703125 0.5546875 0.0537109375 0.0625
1 0.3388671875 0.4931640625 0.0234375 0.0283203125
1 0.388671875 0.474609375 0.0146484375 0.0185546875
1 0.412109375 0.4638671875 0.009765625 0.013671875
1 0.4267578125 0.4580078125 0.0078125 0.0107421875
1 0.4365234375 0.4541015625 0.005859375 0.0078125
1 0.443359375 0.451171875 0.0048828125 0.0068359375
1 0.44921875 0.4482421875 0.0048828125 0.005859375
1 0.455078125 0.4453125 0.0029296875 0.0048828125
1 0.4755859375 0.4443359375 0.0029296875 0.00390625
1 0.5126953125 0.4443359375 0.001953125 0.00390625
1 0.560546875 0.443359375 0.0029296875 0.00390625
1 0.6015625 0.4443359375 0.0029296875 0.00390625
1 0.6474609375 0.4453125 0.001953125 0.00390625
1 0.6865234375 0.4453125 0.0029296875 0.0048828125
1 0.71484375 0.4462890625 0.0029296875 0.0048828125
1 0.73828125 0.447265625 0.0029296875 0.0048828125
1 0.767578125 0.4482421875 0.00390625 0.005859375
2 0.658203125 0.4462890625 0.0029296875 0.00390625
2 0.6748046875 0.447265625 0.00390625 0.0048828125
2 0.6962890625 0.4482421875 0.00390625 0.005859375
2 0.72265625 0.4501953125 0.00390625 0.005859375
2 0.7568359375 0.4521484375 0.005859375 0.0078125
2 0.802734375 0.4560546875 0.005859375 0.0078125
2 0.8662109375 0.458984375 0.0078125 0.0107421875
2 0.9609375 0.46484375 0.0107421875 0.013671875
2 0.9306640625 0.5576171875 0.0517578125 0.056640625
2 0.7001953125 0.494140625 0.0224609375 0.02734375
2 0.6240234375 0.4755859375 0.013671875 0.0185546875
2 0.587890625 0.46484375 0.0087890625 0.0146484375
2 0.5654296875 0.458984375 0.0078125 0.0107421875
2 0.5498046875 0.455078125 0.0068359375 0.0087890625
2 0.5390625 0.451171875 0.0048828125 0.0078125
2 0.53125 0.44921875 0.00390625 0.005859375
2 0.525390625 0.447265625 0.00390625 0.005859375
2 0.51953125 0.447265625 0.00390625 0.0048828125
2 0.5166015625 0.4453125 0.0029296875 0.00390625
2 0.5341796875 0.4453125 0.00390625 0.0048828125
2 0.5751953125 0.4453125 0.0029296875 0.0048828125
2 0.62109375 0.4453125 0.0029296875 0.0048828125