1 0.560546875 0.43359375 0.001953125 0.0029296875
1 0.5888671875 0.4345703125 0.001953125 0.001953125
1 0.6318359375 0.435546875 0.001953125 0.001953125
1 0.638671875 0.4345703125 0.001953125 0.0029296875
1 0.626953125 0.4365234375 0.001953125 0.0029296875
1 0.6455078125 0.4365234375 0.001953125 0.0029296875
1 0.6689453125 0.4365234375 0.001953125 0.00390625
1 0.70703125 0.4375 0.0029296875 0.00390625
1 0.701171875 0.4384765625 0.0029296875 0.00390625
1 0.697265625 0.4404296875 0.0029296875 0.0048828125
1 0.736328125 0.4404296875 0.00390625 0.005859375
1 0.783203125 0.44140625 0.00390625 0.005859375
1 0.84375 0.4423828125 0.005859375 0.0078125
1 0.8671875 0.4443359375 0.0068359375 0.0087890625
1 0.9013671875 0.4482421875 0.0087890625 0.009765625
1 0.9267578125 0.4521484375 0.0078125 0.009765625
1 0.220703125 0.5546875 0.052734375 0.0615234375
1 0.3525390625 0.4873046875 0.0234375 0.02734375
1 0.3974609375 0.4677734375 0.0146484375 0.0185546875
1 0.41796875 0.4580078125 0.0107421875 0.013671875
1 0.43359375 0.4521484375 0.0078125 0.0107421875
1 0.4423828125 0.4482421875 0.005859375 0.0087890625
1 0.4482421875 0.4453125 0.0048828125 0.0068359375
1 0.453125 0.443359375 0.00390625 0.005859375
1 0.4560546875 0.4423828125 0.00390625 0.005859375
1 0.458984375 0.439453125 0.00390625 0.00390625
1 0.4638671875 0.4375 0.00390625 0.0048828125
1 0.4658203125 0.4375 0.0029296875 0.00390625
1 0.470703125 0.4345703125 0.00390625 0.00390625
1 0.4736328125 0.4345703125 0.001953125 0.0029296875
1 0.48828125 0.4345703125 0.001953125 0.0029296875
1 0.5068359375 0.4345703125 0.001953125 0.001953125
2 0.580078125 0.4345703125 0.001953125 0.0029296875
2 0.6015625 0.4345703125 0.001953125 0.0029296875
2 0.609375 0.4345703125 0.001953125 0.0029296875
2 0.5947265625 0.4365234375 0.001953125 0.00390625
2 0.615234375 0.4365234375 0.001953125 0.00390625
2 0.634765625 0.4375 0.001953125 0.0029296875
2 0.6552734375 0.4375 0.0029296875 0.00390625
2 0.6513671875 0.4384765625 0.001953125 0.00390625
2 0.6474609375 0.4404296875 0.0029296875 0.0048828125
2 0.6708984375 0.44140625 0.00390625 0.005859375
2 0.71484375 0.44140625 0.00390625 0.005859375
2 0.7705078125 0.443359375 0.0048828125 0.0068359375
2 0.7763671875 0.4462890625 0.005859375 0.0078125
2 0.7880859375 0.4482421875 0.0068359375 0.009765625
2 0.8193359375 0.4521484375 0.0087890625 0.01171875
2 0.9326171875 0.4580078125 0.0107421875 0.013671875
2 0.8271484375 0.54296875 0.05078125 0.052734375
2 0.6572265625 0.486328125 0.0224609375 0.02734375
2 0.603515625 0.466796875 0.013671875 0.0185546875
2 0.578125 0.4580078125 0.009765625 0.013671875
2 0.5615234375 0.4521484375 0.0078125 0.0107421875
2 0.548828125 0.447265625 0.005859375 0.0087890625
2 0.5400390625 0.4453125 0.0048828125 0.0078125
2 0.5341796875 0.443359375 0.00390625 0.005859375
2 0.529296875 0.44140625 0.0029296875 0.0048828125
2 0.525390625 0.4404296875 0.0029296875 0.00390625
2 0.5224609375 0.439453125 0.0029296875 0.00390625
2 0.5185546875 0.4375 0.0029296875 0.00390625
2 0.5146484375 0.4365234375 0.00390625 0.00390625
2 0.5107421875 0.435546875 0.001953125 0.0029296875
2 0.5283203125 0.4345703125 0.001953125 0.0029296875
2 0.552734375 0.4345703125 0.001953125 0.0029296875