1 0.0107421875 0.59375 0.0205078125 0.05859375
1 0.3671875 0.515625 0.033203125 0.037109375
1 0.55078125 0.4853515625 0.0185546875 0.0234375
1 0.623046875 0.4736328125 0.0146484375 0.0185546875
1 0.603515625 0.4697265625 0.01171875 0.015625
1 0.53515625 0.4658203125 0.0107421875 0.013671875
1 0.462890625 0.462890625 0.0087890625 0.0107421875
1 0.44140625 0.4609375 0.0078125 0.009765625
1 0.447265625 0.45703125 0.005859375 0.0078125
1 0.453125 0.4541015625 0.00390625 0.0068359375
1 0.458984375 0.453125 0.00390625 0.0068359375
1 0.4765625 0.451171875 0.005859375 0.005859375
1 0.513671875 0.44921875 0.0048828125 0.005859375
1 0.5517578125 0.44921875 0.00390625 0.005859375
1 0.5859375 0.4482421875 0.00390625 0.005859375
1 0.7294921875 0.4462890625 0.00390625 0.005859375
1 0.810546875 0.4453125 0.0048828125 0.005859375
1 0.8798828125 0.4453125 0.00390625 0.005859375
2 0.8369140625 0.513671875 0.037109375 0.0390625
2 0.8662109375 0.48046875 0.0205078125 0.021484375
2 0.7978515625 0.466796875 0.0146484375 0.0166015625
2 0.6787109375 0.4619140625 0.0107421875 0.0126953125
2 0.5703125 0.458984375 0.0087890625 0.01171875
2 0.55078125 0.455078125 0.005859375 0.0087890625
2 0.5400390625 0.4521484375 0.005859375 0.0078125
2 0.623046875 0.44921875 0.0048828125 0.0068359375
2 0.67578125 0.447265625 0.005859375 0.0078125
2 0.7392578125 0.447265625 0.0048828125 0.005859375
2 0.8134765625 0.447265625 0.0048828125 0.005859375
2 0.9443359375 0.44921875 0.0068359375 0.0078125
2 0.8740234375 0.447265625 0.005859375 0.0068359375
1 0.9609375 0.4453125 0.0068359375 0.0068359375