1 0.046875 0.416015625 0.0078125 0.0087890625
1 0.1376953125 0.4189453125 0.005859375 0.0078125
1 0.20703125 0.4208984375 0.005859375 0.0078125
1 0.28125 0.423828125 0.005859375 0.0078125
1 0.3486328125 0.4267578125 0.005859375 0.0078125
1 0.416015625 0.4306640625 0.005859375 0.0078125
1 0.484375 0.435546875 0.005859375 0.0078125
1 0.5517578125 0.4404296875 0.005859375 0.0087890625
1 0.6376953125 0.447265625 0.0068359375 0.0087890625
1 0.7568359375 0.4580078125 0.0087890625 0.0107421875
1 0.927734375 0.47265625 0.0126953125 0.0146484375
2 0.7060546875 0.5947265625 0.0517578125 0.0576171875
2 0.3203125 0.4921875 0.03125 0.037109375
2 0.2041015625 0.45703125 0.01953125 0.0244140625
2 0.1484375 0.44140625 0.0146484375 0.0185546875
2 0.11328125 0.431640625 0.01171875 0.0146484375
2 0.091796875 0.4248046875 0.009765625 0.01171875
2 0.12890625 0.4228515625 0.0078125 0.009765625
2 0.212890625 0.423828125 0.0068359375 0.0087890625
2 0.30859375 0.427734375 0.0068359375 0.0087890625
2 0.3818359375 0.4326171875 0.0078125 0.009765625
2 0.4384765625 0.4375 0.0087890625 0.0107421875
2 0.5224609375 0.4462890625 0.009765625 0.0126953125
2 0.6376953125 0.4580078125 0.01171875 0.0146484375
2 0.8193359375 0.4755859375 0.0166015625 0.01953125