2 0.94921875 0.447265625 0.0087890625 0.0107421875
2 0.7734375 0.5166015625 0.037109375 0.044921875
2 0.6552734375 0.4775390625 0.0185546875 0.0234375
2 0.6123046875 0.462890625 0.0126953125 0.0166015625
2 0.6005859375 0.455078125 0.0087890625 0.01171875
2 0.638671875 0.4501953125 0.0078125 0.009765625
2 0.7216796875 0.447265625 0.0078125 0.009765625
2 0.828125 0.447265625 0.0078125 0.0087890625
1 0.8173828125 0.4443359375 0.005859375 0.0078125
1 0.921875 0.4443359375 0.0078125 0.0087890625
1 0.341796875 0.5087890625 0.029296875 0.0361328125
1 0.3916015625 0.478515625 0.017578125 0.0224609375
1 0.4248046875 0.4638671875 0.01171875 0.015625
1 0.4482421875 0.4560546875 0.0087890625 0.0126953125
1 0.4853515625 0.451171875 0.0078125 0.009765625
1 0.55078125 0.4482421875 0.0068359375 0.0087890625
1 0.6357421875 0.4462890625 0.0048828125 0.0078125
1 0.7109375 0.4443359375 0.005859375 0.0078125