1 0.087890625 0.4072265625 0.001953125 0.0029296875
1 0.1474609375 0.41015625 0.001953125 0.0029296875
1 0.1865234375 0.4130859375 0.001953125 0.0029296875
1 0.1962890625 0.4140625 0.001953125 0.001953125
1 0.2158203125 0.4150390625 0.001953125 0.0029296875
1 0.2275390625 0.416015625 0.001953125 0.00390625
1 0.240234375 0.41796875 0.001953125 0.00390625
1 0.25390625 0.4189453125 0.0029296875 0.00390625
1 0.2705078125 0.419921875 0.0029296875 0.00390625
1 0.2890625 0.421875 0.0029296875 0.00390625
1 0.3095703125 0.423828125 0.00390625 0.0048828125
1 0.333984375 0.42578125 0.00390625 0.0048828125
1 0.36328125 0.4287109375 0.00390625 0.005859375
1 0.396484375 0.431640625 0.00390625 0.005859375
1 0.4384765625 0.435546875 0.005859375 0.0078125
1 0.4912109375 0.4404296875 0.005859375 0.0078125
1 0.556640625 0.4462890625 0.0068359375 0.0087890625
1 0.642578125 0.4541015625 0.0078125 0.009765625
1 0.76171875 0.46484375 0.0107421875 0.0126953125
1 0.9375 0.48046875 0.0126953125 0.015625
2 0.7197265625 0.59765625 0.0546875 0.052734375
2 0.3359375 0.494140625 0.0322265625 0.037109375
2 0.2197265625 0.4599609375 0.01953125 0.0244140625
2 0.1640625 0.4443359375 0.0146484375 0.0185546875
2 0.1298828125 0.43359375 0.0107421875 0.013671875
2 0.1083984375 0.427734375 0.0087890625 0.01171875
2 0.0927734375 0.4228515625 0.0078125 0.0107421875
2 0.08203125 0.4189453125 0.005859375 0.0087890625
2 0.0732421875 0.416015625 0.0048828125 0.0078125
2 0.06640625 0.4150390625 0.00390625 0.0068359375
2 0.060546875 0.4130859375 0.00390625 0.005859375
2 0.0556640625 0.412109375 0.00390625 0.0048828125
2 0.0517578125 0.41015625 0.0029296875 0.0048828125
2 0.048828125 0.41015625 0.0029296875 0.00390625
2 0.044921875 0.408203125 0.0029296875 0.00390625
2 0.0498046875 0.40625 0.0029296875 0.00390625
2 0.0830078125 0.4072265625 0.001953125 0.00390625
2 0.1181640625 0.4091796875 0.001953125 0.0029296875
2 0.1396484375 0.41015625 0.001953125 0.0029296875
2 0.1455078125 0.41015625 0.001953125 0.00390625
2 0.1533203125 0.4111328125 0.0029296875 0.00390625
2 0.162109375 0.4130859375 0.001953125 0.00390625
2 0.171875 0.4140625 0.001953125 0.00390625
2 0.181640625 0.4150390625 0.0029296875 0.00390625
2 0.193359375 0.416015625 0.001953125 0.00390625
2 0.2060546875 0.4169921875 0.0029296875 0.00390625
2 0.2216796875 0.4189453125 0.0029296875 0.0048828125
2 0.2392578125 0.4208984375 0.00390625 0.005859375
2 0.259765625 0.4228515625 0.00390625 0.005859375
2 0.2841796875 0.42578125 0.00390625 0.005859375
2 0.314453125 0.4296875 0.005859375 0.0068359375
2 0.3505859375 0.4326171875 0.005859375 0.0087890625
2 0.3984375 0.4375 0.0068359375 0.0087890625
2 0.458984375 0.443359375 0.0078125 0.009765625
2 0.5400390625 0.451171875 0.0087890625 0.0126953125
2 0.658203125 0.462890625 0.01171875 0.0146484375
2 0.837890625 0.4814453125 0.017578125 0.0185546875