2 0.8349609375 0.4052734375 0.0029296875 0.0048828125
2 0.8525390625 0.404296875 0.0029296875 0.0048828125
2 0.83203125 0.4072265625 0.0029296875 0.00390625
2 0.806640625 0.408203125 0.0029296875 0.0048828125
2 0.7724609375 0.41015625 0.00390625 0.005859375
2 0.7412109375 0.4130859375 0.00390625 0.005859375
2 0.7265625 0.4140625 0.00390625 0.005859375
2 0.7333984375 0.416015625 0.0048828125 0.0068359375
2 0.771484375 0.4169921875 0.005859375 0.0078125
2 0.837890625 0.4169921875 0.0068359375 0.0087890625
2 0.9345703125 0.416015625 0.0078125 0.0107421875
2 0.826171875 0.451171875 0.021484375 0.025390625
2 0.69140625 0.439453125 0.0126953125 0.017578125
2 0.6201171875 0.435546875 0.009765625 0.0126953125
2 0.591796875 0.4306640625 0.0078125 0.0107421875
2 0.6005859375 0.4267578125 0.0068359375 0.0087890625
2 0.6220703125 0.4228515625 0.005859375 0.0078125
2 0.6376953125 0.419921875 0.0048828125 0.0068359375
2 0.65234375 0.4169921875 0.00390625 0.005859375
2 0.662109375 0.4150390625 0.00390625 0.0048828125
2 0.6708984375 0.4140625 0.0029296875 0.0048828125
2 0.6767578125 0.4130859375 0.0029296875 0.00390625
2 0.68359375 0.412109375 0.0029296875 0.00390625
2 0.693359375 0.41015625 0.001953125 0.00390625
2 0.7177734375 0.4091796875 0.0029296875 0.00390625
2 0.7568359375 0.4072265625 0.0029296875 0.00390625
2 0.7978515625 0.4052734375 0.001953125 0.00390625
1 0.9169921875 0.40234375 0.0029296875 0.00390625
1 0.89453125 0.404296875 0.00390625 0.00390625
1 0.8671875 0.40625 0.00390625 0.0048828125
1 0.8359375 0.408203125 0.00390625 0.0048828125
1 0.8095703125 0.4111328125 0.00390625 0.0048828125
1 0.8134765625 0.412109375 0.00390625 0.005859375
1 0.84375 0.4130859375 0.005859375 0.0068359375
1 0.9404296875 0.4111328125 0.005859375 0.0087890625
1 0.650390625 0.50390625 0.0341796875 0.044921875
1 0.5927734375 0.462890625 0.01953125 0.0244140625
1 0.5107421875 0.44921875 0.0126953125 0.0166015625
1 0.4658203125 0.4404296875 0.009765625 0.0126953125
1 0.4736328125 0.4345703125 0.0078125 0.009765625
1 0.51171875 0.4296875 0.0068359375 0.0078125
1 0.544921875 0.4248046875 0.005859375 0.0068359375
1 0.568359375 0.421875 0.0048828125 0.005859375
1 0.5888671875 0.4189453125 0.00390625 0.005859375
1 0.6044921875 0.4169921875 0.0029296875 0.0048828125
1 0.619140625 0.4150390625 0.0029296875 0.00390625
1 0.6259765625 0.4140625 0.0029296875 0.00390625
1 0.634765625 0.4130859375 0.0029296875 0.00390625
1 0.64453125 0.412109375 0.001953125 0.00390625
1 0.6611328125 0.4111328125 0.001953125 0.00390625
1 0.689453125 0.4091796875 0.001953125 0.00390625
1 0.73046875 0.408203125 0.001953125 0.0029296875
1 0.767578125 0.40625 0.0029296875 0.00390625