1 0.0244140625 0.4033203125 0.005859375 0.0068359375
1 0.0927734375 0.40625 0.0068359375 0.0078125
1 0.13671875 0.408203125 0.0068359375 0.0078125
1 0.1767578125 0.412109375 0.0068359375 0.0087890625
1 0.21875 0.4150390625 0.0078125 0.0087890625
1 0.2587890625 0.4189453125 0.0078125 0.0087890625
1 0.314453125 0.4228515625 0.0087890625 0.009765625
1 0.4091796875 0.4296875 0.0087890625 0.0107421875
1 0.52734375 0.439453125 0.0107421875 0.0126953125
1 0.669921875 0.4501953125 0.0107421875 0.0146484375
1 0.9052734375 0.4697265625 0.015625 0.0166015625
2 0.35546875 0.5546875 0.0625 0.0712890625
2 0.0068359375 0.4052734375 0.0078125 0.0087890625
2 0.06640625 0.4091796875 0.0078125 0.009765625
2 0.10546875 0.4130859375 0.0078125 0.009765625
2 0.150390625 0.4169921875 0.0087890625 0.0107421875
2 0.208984375 0.421875 0.009765625 0.0126953125
2 0.2998046875 0.4306640625 0.0107421875 0.013671875
2 0.4228515625 0.44140625 0.0126953125 0.0166015625
2 0.5830078125 0.45703125 0.0166015625 0.01953125
2 0.849609375 0.482421875 0.0234375 0.025390625