2 0.734375 0.4482421875 0.0126953125 0.0146484375
2 0.861328125 0.4560546875 0.013671875 0.0166015625
2 0.61328125 0.595703125 0.0556640625 0.056640625
2 0.2880859375 0.48046875 0.03125 0.0361328125
2 0.314453125 0.4482421875 0.0185546875 0.0224609375
2 0.4365234375 0.4404296875 0.013671875 0.0166015625
2 0.5791015625 0.44140625 0.01171875 0.0146484375
1 0.5205078125 0.43359375 0.0087890625 0.01171875
1 0.6455078125 0.4384765625 0.009765625 0.0107421875
1 0.79296875 0.4453125 0.009765625 0.0126953125
1 0.974609375 0.4560546875 0.01171875 0.0126953125
1 0.0869140625 0.435546875 0.0185546875 0.01953125
1 0.2626953125 0.4306640625 0.01171875 0.013671875
1 0.37890625 0.4306640625 0.009765625 0.0126953125