2 0.6298828125 0.5859375 0.0625 0.0751953125
2 0.146484375 0.4892578125 0.04296875 0.0458984375
2 0.017578125 0.396484375 0.00390625 0.005859375
2 0.0712890625 0.3974609375 0.00390625 0.0048828125
2 0.123046875 0.3994140625 0.0029296875 0.0048828125
2 0.166015625 0.4013671875 0.0029296875 0.00390625
2 0.173828125 0.40234375 0.00390625 0.0048828125
2 0.1689453125 0.40234375 0.00390625 0.0048828125
2 0.1474609375 0.40234375 0.00390625 0.0048828125
2 0.1015625 0.40234375 0.0048828125 0.005859375
2 0.05859375 0.40234375 0.005859375 0.0068359375
2 0.01953125 0.40234375 0.005859375 0.0078125
2 0.0146484375 0.404296875 0.0068359375 0.0087890625
2 0.0263671875 0.40625 0.0078125 0.009765625
2 0.0830078125 0.41015625 0.0087890625 0.0107421875
2 0.1669921875 0.416015625 0.0087890625 0.0107421875
2 0.259765625 0.4228515625 0.0087890625 0.01171875
2 0.3671875 0.4306640625 0.0107421875 0.013671875
2 0.4638671875 0.4423828125 0.0126953125 0.0166015625
2 0.6162109375 0.4638671875 0.021484375 0.0244140625
2 0.966796875 0.513671875 0.0380859375 0.0400390625
1 0.0615234375 0.396484375 0.0029296875 0.00390625
1 0.1279296875 0.3984375 0.0029296875 0.00390625
1 0.1865234375 0.4013671875 0.0029296875 0.0048828125
1 0.2158203125 0.4033203125 0.0029296875 0.00390625
1 0.2333984375 0.404296875 0.0029296875 0.00390625
1 0.2451171875 0.4052734375 0.00390625 0.00390625
1 0.220703125 0.4052734375 0.00390625 0.0048828125
1 0.1875 0.4052734375 0.0048828125 0.0068359375
1 0.1455078125 0.4052734375 0.005859375 0.0068359375
1 0.1298828125 0.408203125 0.0068359375 0.0087890625
1 0.17578125 0.4111328125 0.0068359375 0.0087890625
1 0.2646484375 0.4169921875 0.0068359375 0.0087890625
1 0.37109375 0.4228515625 0.0078125 0.009765625
1 0.4814453125 0.4306640625 0.0087890625 0.0107421875
1 0.58203125 0.44140625 0.01171875 0.0146484375
1 0.75390625 0.4599609375 0.015625 0.0185546875