1 0.0205078125 0.447265625 0.0263671875 0.0263671875
1 0.080078125 0.400390625 0.00390625 0.005859375
1 0.1416015625 0.4033203125 0.0048828125 0.005859375
1 0.189453125 0.4052734375 0.00390625 0.0048828125
1 0.236328125 0.4072265625 0.00390625 0.0048828125
1 0.265625 0.4091796875 0.00390625 0.0048828125
1 0.2919921875 0.4111328125 0.00390625 0.005859375
1 0.3193359375 0.4130859375 0.0048828125 0.0068359375
1 0.3798828125 0.4189453125 0.005859375 0.0078125
1 0.439453125 0.4228515625 0.0068359375 0.0087890625
1 0.51171875 0.4296875 0.0068359375 0.0087890625
1 0.595703125 0.4365234375 0.0078125 0.009765625
1 0.7294921875 0.447265625 0.009765625 0.01171875
1 0.9140625 0.462890625 0.0126953125 0.0146484375
2 0.4716796875 0.55078125 0.0537109375 0.0634765625
2 0.34765625 0.4765625 0.0302734375 0.0341796875
2 0.2734375 0.447265625 0.0185546875 0.0224609375
2 0.150390625 0.431640625 0.015625 0.0185546875
2 0.02734375 0.419921875 0.013671875 0.015625
2 0.0302734375 0.408203125 0.0087890625 0.0107421875
2 0.05078125 0.40625 0.0068359375 0.0087890625
2 0.0029296875 0.40234375 0.0048828125 0.0087890625
2 0.0556640625 0.4013671875 0.0048828125 0.0068359375
2 0.1298828125 0.404296875 0.0048828125 0.005859375
2 0.177734375 0.40625 0.0048828125 0.005859375
2 0.2158203125 0.4091796875 0.005859375 0.0078125
2 0.240234375 0.4111328125 0.0048828125 0.0078125
2 0.267578125 0.4140625 0.005859375 0.0078125
2 0.3017578125 0.4169921875 0.0068359375 0.0087890625
2 0.3544921875 0.421875 0.0078125 0.009765625
2 0.421875 0.4287109375 0.0087890625 0.01171875
2 0.5029296875 0.4365234375 0.009765625 0.0126953125
2 0.626953125 0.4482421875 0.0126953125 0.0146484375
2 0.8544921875 0.470703125 0.0185546875 0.0205078125