2 0.4306640625 0.412109375 0.00390625 0.0048828125
2 0.4580078125 0.4140625 0.00390625 0.0048828125
2 0.47265625 0.416015625 0.00390625 0.005859375
2 0.46484375 0.4169921875 0.0048828125 0.0068359375
2 0.4482421875 0.41796875 0.0048828125 0.0078125
2 0.419921875 0.4189453125 0.0068359375 0.0087890625
2 0.3974609375 0.4228515625 0.0078125 0.009765625
2 0.4013671875 0.4267578125 0.0087890625 0.01171875
2 0.4736328125 0.4375 0.01171875 0.015625
2 0.62890625 0.451171875 0.0146484375 0.0185546875
2 0.85546875 0.466796875 0.01953125 0.021484375
2 0.3349609375 0.5166015625 0.0478515625 0.0517578125
2 0.279296875 0.4560546875 0.0224609375 0.02734375
2 0.2607421875 0.435546875 0.0146484375 0.017578125
2 0.25390625 0.4248046875 0.009765625 0.0126953125
2 0.2490234375 0.4189453125 0.0078125 0.009765625
2 0.2451171875 0.4150390625 0.0048828125 0.0078125
2 0.2421875 0.4111328125 0.0048828125 0.0078125
2 0.248046875 0.408203125 0.00390625 0.0068359375
2 0.2763671875 0.4072265625 0.00390625 0.005859375
2 0.328125 0.408203125 0.00390625 0.0048828125
2 0.3828125 0.41015625 0.00390625 0.0048828125
1 0.390625 0.41015625 0.0029296875 0.0048828125
1 0.4365234375 0.412109375 0.0029296875 0.00390625
1 0.484375 0.4140625 0.0029296875 0.0048828125
1 0.525390625 0.416015625 0.00390625 0.0048828125
1 0.5419921875 0.41796875 0.00390625 0.0048828125
1 0.5361328125 0.4189453125 0.00390625 0.005859375
1 0.52734375 0.4208984375 0.0048828125 0.0068359375
1 0.513671875 0.4228515625 0.005859375 0.0078125
1 0.515625 0.427734375 0.0068359375 0.0087890625
1 0.5771484375 0.4345703125 0.009765625 0.0126953125
1 0.69140625 0.4453125 0.01171875 0.0146484375
1 0.9072265625 0.45703125 0.0146484375 0.0166015625
1 0.03515625 0.43359375 0.0185546875 0.0205078125
1 0.0869140625 0.421875 0.0126953125 0.0146484375
1 0.11328125 0.4150390625 0.0107421875 0.01171875
1 0.134765625 0.4111328125 0.0078125 0.0087890625
1 0.1416015625 0.408203125 0.005859375 0.0078125
1 0.1513671875 0.40625 0.0048828125 0.0068359375
1 0.162109375 0.4052734375 0.0048828125 0.005859375
1 0.1845703125 0.404296875 0.00390625 0.005859375
1 0.2294921875 0.4052734375 0.00390625 0.0048828125
1 0.2861328125 0.40625 0.0029296875 0.0048828125
1 0.333984375 0.4072265625 0.0029296875 0.0048828125
1 0.796875 0.4296875 0.0048828125 0.0078125
1 0.9287109375 0.4384765625 0.0078125 0.0087890625
2 0.84765625 0.4287109375 0.00390625 0.005859375
2 0.888671875 0.4296875 0.00390625 0.005859375