2 0.3212890625 0.462890625 0.0205078125 0.0224609375
2 0.201171875 0.447265625 0.017578125 0.01953125
2 0.9072265625 0.470703125 0.015625 0.017578125
2 0.0576171875 0.4375 0.0166015625 0.017578125
2 0.376953125 0.4892578125 0.0263671875 0.03515625
1 0.5595703125 0.4443359375 0.0087890625 0.0107421875
2 0.52734375 0.44921875 0.0107421875 0.013671875
1 0.0234375 0.4169921875 0.0078125 0.0078125
2 0.54296875 0.560546875 0.05859375 0.0625
2 0.720703125 0.458984375 0.01171875 0.0146484375
2 0.345703125 0.439453125 0.0107421875 0.0126953125
1 0.4130859375 0.4375 0.0087890625 0.009765625
1 0.873046875 0.4609375 0.0107421875 0.0126953125
2 0.20703125 0.4326171875 0.0107421875 0.0126953125
2 0.00390625 0.4208984375 0.0068359375 0.0107421875
1 0.7080078125 0.4521484375 0.0087890625 0.0107421875
1 0.1064453125 0.421875 0.0068359375 0.0087890625
2 0.091796875 0.42578125 0.0078125 0.0107421875
0 0.0810546875 0.421875 0.013671875 0.0185546875
0 0.1005859375 0.4228515625 0.0146484375 0.0205078125