2 0.8125 0.53125 0.046875 0.05078125
2 0.5966796875 0.48828125 0.0224609375 0.02734375
2 0.4208984375 0.4716796875 0.0146484375 0.0185546875
2 0.2861328125 0.4658203125 0.0126953125 0.015625
2 0.166015625 0.462890625 0.0107421875 0.0146484375
2 0.05859375 0.4609375 0.009765625 0.0126953125
2 0.025390625 0.4580078125 0.0087890625 0.01171875
2 0.037109375 0.453125 0.0068359375 0.0087890625
2 0.0517578125 0.451171875 0.005859375 0.0078125
2 0.0615234375 0.4482421875 0.0048828125 0.0068359375
2 0.0712890625 0.447265625 0.00390625 0.005859375
2 0.0771484375 0.4453125 0.00390625 0.0048828125
2 0.08203125 0.4443359375 0.0029296875 0.00390625
2 0.0859375 0.443359375 0.0029296875 0.00390625
2 0.0908203125 0.4423828125 0.0029296875 0.00390625
2 0.1025390625 0.4423828125 0.001953125 0.00390625
2 0.1259765625 0.44140625 0.0029296875 0.00390625
2 0.1669921875 0.4404296875 0.001953125 0.00390625
2 0.2060546875 0.439453125 0.001953125 0.0029296875
2 0.2421875 0.439453125 0.001953125 0.0029296875
2 0.2490234375 0.439453125 0.001953125 0.00390625
2 0.24609375 0.4404296875 0.001953125 0.00390625
2 0.23046875 0.44140625 0.0029296875 0.00390625
2 0.1982421875 0.4423828125 0.00390625 0.0048828125
2 0.169921875 0.443359375 0.00390625 0.005859375
2 0.1474609375 0.4453125 0.0048828125 0.005859375
2 0.1591796875 0.447265625 0.00390625 0.005859375
2 0.2001953125 0.447265625 0.0048828125 0.0068359375
2 0.2587890625 0.447265625 0.005859375 0.0078125
2 0.3203125 0.4482421875 0.005859375 0.0078125
2 0.388671875 0.44921875 0.0068359375 0.0087890625
2 0.44140625 0.4521484375 0.0078125 0.009765625
2 0.505859375 0.4560546875 0.009765625 0.0126953125
2 0.6064453125 0.462890625 0.0126953125 0.0146484375
2 0.765625 0.4716796875 0.0185546875 0.021484375
1 0.2373046875 0.5419921875 0.04296875 0.0517578125
1 0.2041015625 0.490234375 0.0224609375 0.025390625
1 0.125 0.4765625 0.017578125 0.01953125
1 0.0068359375 0.4453125 0.00390625 0.0048828125
1 0.0185546875 0.4443359375 0.0029296875 0.00390625
1 0.0283203125 0.443359375 0.0029296875 0.00390625
1 0.037109375 0.4423828125 0.0029296875 0.0029296875
1 0.0654296875 0.44140625 0.001953125 0.0029296875
1 0.10546875 0.4404296875 0.001953125 0.0029296875
1 0.1572265625 0.439453125 0.001953125 0.00390625
1 0.208984375 0.439453125 0.001953125 0.0029296875
1 0.2568359375 0.4384765625 0.001953125 0.00390625
1 0.28125 0.4384765625 0.001953125 0.0029296875
1 0.294921875 0.4384765625 0.001953125 0.00390625
1 0.3046875 0.439453125 0.0029296875 0.00390625
1 0.2861328125 0.4404296875 0.001953125 0.00390625
1 0.26171875 0.44140625 0.0029296875 0.00390625
1 0.232421875 0.443359375 0.0029296875 0.0048828125
1 0.22265625 0.4443359375 0.0029296875 0.0048828125
1 0.2255859375 0.4443359375 0.00390625 0.005859375
1 0.322265625 0.4453125 0.00390625 0.0068359375
1 0.3955078125 0.4453125 0.005859375 0.0078125
1 0.4677734375 0.4462890625 0.005859375 0.0078125
1 0.5224609375 0.44921875 0.0078125 0.009765625
1 0.6015625 0.4521484375 0.0078125 0.0107421875
1 0.7060546875 0.4560546875 0.0107421875 0.0126953125
1 0.888671875 0.4638671875 0.0146484375 0.0166015625