2 0.611328125 0.509765625 0.03125 0.0380859375
2 0.5732421875 0.48046875 0.017578125 0.0224609375
2 0.5810546875 0.466796875 0.0126953125 0.0166015625
2 0.6787109375 0.4580078125 0.009765625 0.013671875
2 0.7724609375 0.451171875 0.0087890625 0.0107421875
2 0.7880859375 0.447265625 0.0068359375 0.0087890625
2 0.7421875 0.4453125 0.005859375 0.0078125
2 0.7177734375 0.443359375 0.0048828125 0.0068359375
2 0.728515625 0.44140625 0.0048828125 0.005859375
2 0.7607421875 0.4404296875 0.00390625 0.005859375
2 0.8154296875 0.439453125 0.00390625 0.005859375
2 0.8671875 0.439453125 0.00390625 0.005859375
2 0.927734375 0.4404296875 0.0068359375 0.0087890625
1 0.9658203125 0.4375 0.005859375 0.0068359375
1 0.880859375 0.4375 0.00390625 0.005859375
1 0.796875 0.4384765625 0.0029296875 0.0048828125
1 0.71484375 0.4404296875 0.0029296875 0.00390625
1 0.6640625 0.44140625 0.00390625 0.005859375
1 0.6279296875 0.4443359375 0.0048828125 0.0068359375
1 0.623046875 0.4462890625 0.005859375 0.0078125
1 0.6533203125 0.4482421875 0.0068359375 0.0087890625
1 0.6298828125 0.4521484375 0.0078125 0.009765625
1 0.5322265625 0.4560546875 0.0087890625 0.01171875
1 0.3974609375 0.4677734375 0.0126953125 0.0146484375
1 0.310546875 0.484375 0.0185546875 0.021484375
1 0.142578125 0.52734375 0.0390625 0.041015625