2 0.6259765625 0.5126953125 0.0341796875 0.0400390625
2 0.431640625 0.484375 0.0205078125 0.025390625
2 0.3291015625 0.470703125 0.0146484375 0.017578125
2 0.3701171875 0.4541015625 0.0078125 0.0107421875
2 0.3994140625 0.4501953125 0.0068359375 0.0087890625
2 0.421875 0.4462890625 0.005859375 0.0078125
2 0.4384765625 0.4443359375 0.00390625 0.005859375
2 0.4501953125 0.4423828125 0.00390625 0.005859375
2 0.4599609375 0.44140625 0.00390625 0.0048828125
2 0.4677734375 0.4404296875 0.0029296875 0.00390625
2 0.474609375 0.4384765625 0.001953125 0.00390625
2 0.486328125 0.4384765625 0.0029296875 0.00390625
2 0.5087890625 0.4384765625 0.00390625 0.005859375
2 0.544921875 0.4365234375 0.0029296875 0.00390625
2 0.58203125 0.4365234375 0.001953125 0.00390625
2 0.6220703125 0.4365234375 0.0029296875 0.00390625
2 0.619140625 0.4375 0.0029296875 0.00390625
2 0.6015625 0.4375 0.001953125 0.00390625
2 0.5673828125 0.4404296875 0.00390625 0.005859375
2 0.537109375 0.44140625 0.00390625 0.005859375
2 0.51171875 0.4423828125 0.00390625 0.005859375
2 0.5087890625 0.4443359375 0.0048828125 0.0078125
2 0.5166015625 0.4453125 0.005859375 0.0078125
2 0.5556640625 0.447265625 0.005859375 0.0087890625
2 0.6220703125 0.44921875 0.0078125 0.0107421875
2 0.705078125 0.4521484375 0.0087890625 0.0107421875
2 0.8212890625 0.4580078125 0.0126953125 0.0146484375
2 0.9482421875 0.4677734375 0.0185546875 0.01953125
1 0.1787109375 0.552734375 0.0517578125 0.0576171875
1 0.078125 0.498046875 0.0263671875 0.0302734375
1 0.068359375 0.478515625 0.0185546875 0.0205078125
1 0.1103515625 0.46875 0.0146484375 0.0166015625
1 0.19921875 0.458984375 0.0107421875 0.0126953125
1 0.26171875 0.4541015625 0.0078125 0.0087890625
1 0.30859375 0.44921875 0.0068359375 0.0087890625
1 0.33984375 0.447265625 0.005859375 0.0078125
1 0.36328125 0.4453125 0.0048828125 0.005859375
1 0.3828125 0.443359375 0.00390625 0.005859375
1 0.3984375 0.44140625 0.00390625 0.0048828125
1 0.4130859375 0.4404296875 0.0029296875 0.0048828125
1 0.4248046875 0.439453125 0.001953125 0.00390625
1 0.43359375 0.4384765625 0.001953125 0.0029296875
1 0.4599609375 0.4375 0.001953125 0.0029296875
1 0.4921875 0.4365234375 0.001953125 0.00390625
1 0.5380859375 0.4365234375 0.001953125 0.0029296875
1 0.5859375 0.4365234375 0.001953125 0.00390625
1 0.6337890625 0.435546875 0.001953125 0.00390625
1 0.66015625 0.4365234375 0.001953125 0.00390625
1 0.6748046875 0.4365234375 0.001953125 0.00390625
1 0.6865234375 0.4375 0.0029296875 0.00390625
1 0.6640625 0.4384765625 0.00390625 0.0048828125
1 0.634765625 0.439453125 0.00390625 0.005859375
1 0.6015625 0.44140625 0.00390625 0.005859375
1 0.58984375 0.443359375 0.005859375 0.0078125
1 0.6279296875 0.4453125 0.005859375 0.0078125
1 0.7080078125 0.447265625 0.005859375 0.0078125
1 0.822265625 0.4482421875 0.0078125 0.009765625
1 0.9716796875 0.4541015625 0.0126953125 0.013671875