2 0.5576171875 0.49609375 0.029296875 0.0361328125
1 0.2265625 0.4697265625 0.025390625 0.029296875
2 0.609375 0.4677734375 0.017578125 0.0224609375
2 0.6318359375 0.45703125 0.013671875 0.0166015625
1 0.388671875 0.453125 0.0146484375 0.0185546875
1 0.45703125 0.4462890625 0.0107421875 0.0146484375
2 0.6455078125 0.44921875 0.0087890625 0.01171875
2 0.8349609375 0.4541015625 0.0087890625 0.0107421875
1 0.5029296875 0.44140625 0.0087890625 0.01171875
2 0.8056640625 0.44921875 0.0068359375 0.0087890625
1 0.6142578125 0.431640625 0.0029296875 0.00390625
1 0.6005859375 0.431640625 0.00390625 0.0048828125
1 0.587890625 0.4326171875 0.00390625 0.005859375
1 0.9228515625 0.455078125 0.0068359375 0.0087890625
2 0.6806640625 0.4345703125 0.00390625 0.0048828125
2 0.7958984375 0.4462890625 0.005859375 0.0078125
1 0.5732421875 0.4345703125 0.00390625 0.005859375
1 0.982421875 0.4609375 0.0087890625 0.0107421875
2 0.865234375 0.447265625 0.005859375 0.0068359375
2 0.8173828125 0.4462890625 0.005859375 0.0078125
2 0.7080078125 0.43359375 0.0029296875 0.00390625
2 0.73046875 0.435546875 0.00390625 0.0048828125
2 0.912109375 0.4619140625 0.009765625 0.0126953125
2 0.662109375 0.439453125 0.00390625 0.0068359375
1 0.6484375 0.4326171875 0.0029296875 0.00390625
2 0.66796875 0.435546875 0.00390625 0.005859375
1 0.96484375 0.453125 0.005859375 0.0078125
2 0.7529296875 0.43359375 0.0029296875 0.00390625
2 0.693359375 0.4306640625 0.001953125 0.00390625
1 0.9921875 0.4482421875 0.00390625 0.0048828125
2 0.8251953125 0.4375 0.001953125 0.0029296875
1 0.9140625 0.4521484375 0.005859375 0.0078125
2 0.720703125 0.4365234375 0.0029296875 0.0048828125
2 0.9560546875 0.4482421875 0.00390625 0.005859375
2 0.908203125 0.4482421875 0.0048828125 0.0068359375
2 0.9501953125 0.4501953125 0.00390625 0.005859375
2 0.72265625 0.431640625 0.001953125 0.00390625
2 0.666015625 0.4365234375 0.00390625 0.005859375
1 0.634765625 0.4296875 0.001953125 0.00390625
1 0.65625 0.431640625 0.0029296875 0.00390625
1 0.9677734375 0.4462890625 0.0029296875 0.00390625
1 0.6865234375 0.4306640625 0.001953125 0.0029296875
1 0.7919921875 0.4345703125 0.001953125 0.0029296875
2 0.6748046875 0.431640625 0.0029296875 0.00390625
2 0.7890625 0.435546875 0.001953125 0.0029296875
1 0.7294921875 0.431640625 0.001953125 0.0029296875
2 0.849609375 0.4384765625 0.001953125 0.00390625
1 0.626953125 0.4296875 0.001953125 0.0029296875
2 0.8818359375 0.44140625 0.00390625 0.0048828125
2 0.91796875 0.4443359375 0.00390625 0.0048828125
2 0.9375 0.4462890625 0.00390625 0.0048828125
2 0.8994140625 0.4423828125 0.00390625 0.0048828125
1 0.646484375 0.4287109375 0.001953125 0.0029296875
1 0.666015625 0.4287109375 0.001953125 0.0029296875
2 0.8701171875 0.4404296875 0.00390625 0.00390625
1 0.6318359375 0.4287109375 0.0029296875 0.0029296875
1 0.8359375 0.4375 0.001953125 0.0029296875
1 0.759765625 0.43359375 0.001953125 0.0029296875
1 0.9404296875 0.4443359375 0.001953125 0.00390625
2 0.6591796875 0.4423828125 0.00390625 0.0078125
0 0.6552734375 0.4423828125 0.0078125 0.0185546875