1 0.8896484375 0.4345703125 0.017578125 0.01953125
1 0.94140625 0.4150390625 0.009765625 0.01171875
1 0.9208984375 0.4228515625 0.0126953125 0.0146484375
1 0.9580078125 0.41015625 0.0087890625 0.009765625
1 0.9794921875 0.40625 0.0078125 0.0087890625
1 0.84375 0.4560546875 0.0166015625 0.02734375
0 0.8251953125 0.4482421875 0.03125 0.0498046875
0 0.84765625 0.443359375 0.0283203125 0.044921875
1 0.5908203125 0.44140625 0.013671875 0.0205078125
1 0.7294921875 0.4921875 0.0390625 0.0478515625
1 0.7177734375 0.4248046875 0.009765625 0.01171875