1 0.24609375 0.525390625 0.0400390625 0.04296875
1 0.3583984375 0.4853515625 0.01953125 0.0234375
1 0.404296875 0.4697265625 0.013671875 0.015625
1 0.478515625 0.4609375 0.009765625 0.01171875
1 0.5654296875 0.4580078125 0.0078125 0.0107421875
1 0.654296875 0.45703125 0.0068359375 0.0087890625
1 0.734375 0.45703125 0.0078125 0.0087890625
1 0.833984375 0.4580078125 0.0078125 0.0087890625
1 0.9453125 0.4599609375 0.0087890625 0.0107421875
2 0.8271484375 0.521484375 0.037109375 0.041015625
2 0.6865234375 0.484375 0.01953125 0.0224609375
2 0.6298828125 0.4697265625 0.0126953125 0.0166015625
2 0.6611328125 0.4638671875 0.009765625 0.0126953125
2 0.759765625 0.4619140625 0.0107421875 0.0126953125
2 0.90625 0.4638671875 0.01171875 0.0126953125