2 0.798828125 0.525390625 0.04296875 0.046875
2 0.646484375 0.4833984375 0.021484375 0.025390625
2 0.5439453125 0.4697265625 0.0146484375 0.0185546875
2 0.4208984375 0.4619140625 0.0107421875 0.0146484375
2 0.3125 0.4580078125 0.0087890625 0.0126953125
2 0.2119140625 0.45703125 0.0078125 0.0107421875
2 0.1171875 0.4560546875 0.0078125 0.0107421875
2 0.0791015625 0.4541015625 0.005859375 0.0087890625
2 0.076171875 0.4501953125 0.00390625 0.0078125
2 0.08203125 0.4482421875 0.00390625 0.005859375
2 0.087890625 0.4443359375 0.00390625 0.005859375
2 0.091796875 0.4423828125 0.0029296875 0.00390625
2 0.1015625 0.44140625 0.001953125 0.00390625
2 0.123046875 0.4404296875 0.0029296875 0.00390625
2 0.1611328125 0.439453125 0.001953125 0.0029296875
2 0.19921875 0.439453125 0.001953125 0.0029296875
2 0.2333984375 0.439453125 0.001953125 0.0029296875
2 0.2392578125 0.439453125 0.0029296875 0.00390625
2 0.2255859375 0.4404296875 0.0029296875 0.00390625
2 0.197265625 0.4423828125 0.0029296875 0.00390625
2 0.173828125 0.4423828125 0.0029296875 0.00390625
2 0.15625 0.4443359375 0.00390625 0.005859375
2 0.169921875 0.4453125 0.00390625 0.005859375
2 0.2099609375 0.4453125 0.00390625 0.005859375
2 0.2646484375 0.4462890625 0.0048828125 0.0068359375
2 0.3212890625 0.4462890625 0.0048828125 0.0068359375
2 0.3828125 0.447265625 0.005859375 0.0078125
2 0.4296875 0.44921875 0.005859375 0.0078125
2 0.484375 0.4521484375 0.0078125 0.009765625
2 0.5625 0.4560546875 0.0087890625 0.01171875
2 0.669921875 0.4609375 0.0126953125 0.0146484375
2 0.8544921875 0.4697265625 0.017578125 0.01953125
1 0.2734375 0.546875 0.0498046875 0.0546875
1 0.3447265625 0.48828125 0.021484375 0.0263671875
1 0.28125 0.470703125 0.0146484375 0.017578125
1 0.203125 0.46484375 0.01171875 0.0146484375
1 0.060546875 0.462890625 0.0126953125 0.013671875
1 0.00390625 0.4462890625 0.00390625 0.005859375
1 0.0126953125 0.4453125 0.00390625 0.0048828125
1 0.01953125 0.4443359375 0.00390625 0.0048828125
1 0.02734375 0.443359375 0.001953125 0.00390625
1 0.0341796875 0.4423828125 0.001953125 0.00390625
1 0.0390625 0.4423828125 0.001953125 0.0029296875
1 0.064453125 0.44140625 0.001953125 0.0029296875
1 0.150390625 0.439453125 0.001953125 0.0029296875
1 0.24609375 0.4384765625 0.001953125 0.0029296875
1 0.2705078125 0.4384765625 0.001953125 0.0029296875
1 0.28515625 0.4384765625 0.001953125 0.0029296875
1 0.294921875 0.439453125 0.001953125 0.0029296875
1 0.2783203125 0.4404296875 0.0029296875 0.00390625
1 0.2568359375 0.44140625 0.0029296875 0.00390625
1 0.2314453125 0.4423828125 0.0029296875 0.00390625
1 0.2236328125 0.4423828125 0.0029296875 0.0048828125
1 0.228515625 0.443359375 0.0029296875 0.0048828125
1 0.26171875 0.4443359375 0.00390625 0.005859375
1 0.3193359375 0.4443359375 0.00390625 0.005859375
1 0.38671875 0.4443359375 0.0048828125 0.0068359375
1 0.451171875 0.4453125 0.005859375 0.0068359375
1 0.498046875 0.447265625 0.005859375 0.0078125
1 0.5634765625 0.44921875 0.005859375 0.0078125
1 0.642578125 0.4521484375 0.0078125 0.009765625
1 0.767578125 0.45703125 0.0107421875 0.0126953125
1 0.9609375 0.462890625 0.015625 0.0166015625