1 0.05078125 0.4169921875 0.0078125 0.009765625
1 0.0966796875 0.416015625 0.005859375 0.0078125
1 0.0927734375 0.4150390625 0.005859375 0.0078125
1 0.0537109375 0.4130859375 0.005859375 0.0078125
1 0.001953125 0.41015625 0.00390625 0.0078125
1 0.0107421875 0.4052734375 0.0048828125 0.005859375
1 0.0478515625 0.40625 0.00390625 0.0048828125
1 0.0849609375 0.4072265625 0.0029296875 0.00390625
1 0.1171875 0.408203125 0.00390625 0.0048828125
1 0.1513671875 0.4091796875 0.0029296875 0.00390625
1 0.1943359375 0.4111328125 0.0029296875 0.00390625
1 0.2353515625 0.412109375 0.0029296875 0.00390625
1 0.291015625 0.4140625 0.0029296875 0.00390625
1 0.330078125 0.416015625 0.001953125 0.00390625
1 0.3681640625 0.41796875 0.001953125 0.00390625
1 0.419921875 0.4208984375 0.0029296875 0.00390625
1 0.4599609375 0.423828125 0.0029296875 0.0048828125
1 0.4951171875 0.42578125 0.00390625 0.0048828125
1 0.548828125 0.4306640625 0.00390625 0.005859375
1 0.5986328125 0.4345703125 0.0048828125 0.0068359375
1 0.6171875 0.435546875 0.00390625 0.0048828125
1 0.6171875 0.439453125 0.005859375 0.0078125
1 0.6103515625 0.443359375 0.0068359375 0.009765625
1 0.607421875 0.44921875 0.0087890625 0.01171875
1 0.6943359375 0.4580078125 0.0126953125 0.015625
1 0.8974609375 0.4755859375 0.0166015625 0.01953125
2 0.431640625 0.5341796875 0.0458984375 0.056640625
2 0.2529296875 0.4736328125 0.0263671875 0.03125
2 0.181640625 0.4482421875 0.0185546875 0.0205078125
2 0.1435546875 0.43359375 0.01171875 0.0146484375
2 0.123046875 0.42578125 0.0087890625 0.01171875
2 0.134765625 0.421875 0.0078125 0.009765625
2 0.197265625 0.419921875 0.0068359375 0.009765625
2 0.1494140625 0.4150390625 0.005859375 0.0068359375
2 0.0849609375 0.412109375 0.0048828125 0.0068359375
2 0.0751953125 0.41015625 0.00390625 0.005859375
2 0.0712890625 0.408203125 0.00390625 0.0048828125
2 0.099609375 0.4091796875 0.00390625 0.0048828125
2 0.146484375 0.41015625 0.00390625 0.00390625
2 0.1904296875 0.4111328125 0.00390625 0.0048828125
2 0.23828125 0.4130859375 0.00390625 0.0048828125
2 0.28515625 0.4150390625 0.00390625 0.00390625
2 0.767578125 0.484375 0.0244140625 0.02734375
2 0.564453125 0.4619140625 0.0166015625 0.0205078125
2 0.46484375 0.4482421875 0.01171875 0.0166015625
2 0.4443359375 0.44140625 0.0087890625 0.0126953125
2 0.4794921875 0.4375 0.0087890625 0.0107421875
2 0.50390625 0.435546875 0.005859375 0.0087890625
2 0.517578125 0.4326171875 0.005859375 0.0078125
2 0.498046875 0.4296875 0.0048828125 0.0068359375
2 0.462890625 0.4267578125 0.00390625 0.005859375
2 0.4287109375 0.423828125 0.00390625 0.005859375
2 0.396484375 0.421875 0.00390625 0.0048828125
2 0.3662109375 0.419921875 0.0029296875 0.0048828125
2 0.345703125 0.41796875 0.0029296875 0.0048828125
2 0.31640625 0.416015625 0.0029296875 0.0048828125