1 0.1083984375 0.3955078125 0.001953125 0.0029296875
1 0.1767578125 0.3994140625 0.001953125 0.0029296875
1 0.201171875 0.400390625 0.001953125 0.0029296875
1 0.1875 0.4013671875 0.001953125 0.0029296875
1 0.2314453125 0.4033203125 0.001953125 0.0029296875
1 0.2666015625 0.40625 0.0029296875 0.00390625
1 0.2607421875 0.4072265625 0.0029296875 0.0048828125
1 0.255859375 0.408203125 0.0029296875 0.0048828125
1 0.291015625 0.41015625 0.00390625 0.0048828125
1 0.3310546875 0.412109375 0.00390625 0.005859375
1 0.3759765625 0.416015625 0.00390625 0.005859375
1 0.390625 0.4169921875 0.0048828125 0.0068359375
1 0.4091796875 0.4208984375 0.0048828125 0.0078125
1 0.4208984375 0.423828125 0.005859375 0.0087890625
1 0.4921875 0.4287109375 0.0068359375 0.0087890625
1 0.6123046875 0.4375 0.0078125 0.009765625
1 0.7294921875 0.447265625 0.009765625 0.01171875
1 0.8330078125 0.4521484375 0.005859375 0.005859375
1 0.994140625 0.4755859375 0.0107421875 0.0166015625
1 0.0078125 0.3916015625 0.0029296875 0.0029296875
1 0.03515625 0.392578125 0.001953125 0.0029296875
2 0.16015625 0.3994140625 0.001953125 0.0029296875
2 0.16796875 0.3994140625 0.001953125 0.0029296875
2 0.1494140625 0.3994140625 0.0029296875 0.00390625
2 0.1728515625 0.400390625 0.0029296875 0.00390625
2 0.1953125 0.40234375 0.001953125 0.00390625
2 0.216796875 0.404296875 0.0029296875 0.00390625
2 0.2119140625 0.404296875 0.0029296875 0.00390625
2 0.2080078125 0.404296875 0.00390625 0.0048828125
2 0.2041015625 0.40625 0.00390625 0.005859375
2 0.2275390625 0.408203125 0.00390625 0.005859375
2 0.2685546875 0.41015625 0.0048828125 0.005859375
2 0.318359375 0.416015625 0.0048828125 0.0078125
2 0.3232421875 0.41796875 0.005859375 0.0078125
2 0.3408203125 0.421875 0.0078125 0.0087890625
2 0.4130859375 0.427734375 0.0078125 0.0107421875
2 0.5263671875 0.4365234375 0.0087890625 0.0126953125
2 0.6220703125 0.4443359375 0.0107421875 0.013671875
2 0.7099609375 0.455078125 0.01171875 0.015625
2 0.8486328125 0.474609375 0.01953125 0.0224609375
2 0.3740234375 0.5283203125 0.0498046875 0.0556640625
2 0.23046875 0.4697265625 0.0283203125 0.033203125
2 0.1572265625 0.44140625 0.01953125 0.0224609375
2 0.1240234375 0.4267578125 0.0146484375 0.0166015625
2 0.1044921875 0.419921875 0.01171875 0.013671875
2 0.091796875 0.4140625 0.0087890625 0.0107421875
2 0.080078125 0.4091796875 0.0078125 0.009765625
2 0.072265625 0.4052734375 0.005859375 0.0078125
2 0.06640625 0.4033203125 0.0048828125 0.005859375
2 0.0625 0.4013671875 0.00390625 0.0048828125
2 0.0576171875 0.400390625 0.00390625 0.0048828125
2 0.0537109375 0.3994140625 0.0029296875 0.0048828125
2 0.0498046875 0.396484375 0.001953125 0.00390625
2 0.044921875 0.3955078125 0.0029296875 0.00390625
2 0.041015625 0.39453125 0.0029296875 0.00390625
2 0.0654296875 0.39453125 0.001953125 0.0029296875
2 0.099609375 0.3955078125 0.001953125 0.0029296875