2 0.8857421875 0.4384765625 0.017578125 0.0185546875
2 0.744140625 0.4326171875 0.0126953125 0.0146484375
2 0.640625 0.431640625 0.0087890625 0.0126953125
2 0.5615234375 0.4306640625 0.0078125 0.009765625
2 0.537109375 0.4287109375 0.005859375 0.0087890625
2 0.5419921875 0.42578125 0.0048828125 0.005859375
2 0.548828125 0.4228515625 0.00390625 0.005859375
2 0.5546875 0.4208984375 0.00390625 0.0048828125
2 0.5595703125 0.4189453125 0.0029296875 0.0048828125
2 0.5634765625 0.41796875 0.0029296875 0.00390625
2 0.56640625 0.4169921875 0.0029296875 0.00390625
2 0.5703125 0.4150390625 0.001953125 0.00390625
2 0.578125 0.4150390625 0.001953125 0.0029296875
2 0.5947265625 0.4140625 0.001953125 0.0029296875
2 0.6259765625 0.412109375 0.001953125 0.0029296875
2 0.6591796875 0.41015625 0.001953125 0.0029296875
2 0.689453125 0.41015625 0.001953125 0.0029296875
2 0.6962890625 0.41015625 0.001953125 0.00390625
2 0.6943359375 0.4111328125 0.001953125 0.00390625
2 0.6796875 0.412109375 0.001953125 0.00390625
2 0.6533203125 0.4140625 0.0029296875 0.00390625
2 0.630859375 0.416015625 0.0029296875 0.0048828125
2 0.6142578125 0.4169921875 0.00390625 0.005859375
2 0.6240234375 0.41796875 0.00390625 0.005859375
2 0.658203125 0.41796875 0.0048828125 0.005859375
2 0.7099609375 0.4169921875 0.005859375 0.0068359375
2 0.7705078125 0.416015625 0.005859375 0.0078125
2 0.845703125 0.4169921875 0.0078125 0.009765625
2 0.91015625 0.41796875 0.009765625 0.0107421875
2 0.9951171875 0.421875 0.0087890625 0.013671875
1 0.732421875 0.4873046875 0.0322265625 0.0380859375
1 0.685546875 0.453125 0.0166015625 0.021484375
1 0.6181640625 0.4423828125 0.01171875 0.015625
1 0.5048828125 0.4384765625 0.009765625 0.0126953125
1 0.447265625 0.4365234375 0.0078125 0.009765625
1 0.4287109375 0.4345703125 0.0068359375 0.0087890625
1 0.4443359375 0.4306640625 0.005859375 0.0078125
1 0.462890625 0.427734375 0.0048828125 0.0068359375
1 0.4794921875 0.4248046875 0.00390625 0.005859375
1 0.4912109375 0.4228515625 0.00390625 0.0048828125
1 0.5 0.421875 0.0029296875 0.0048828125
1 0.5087890625 0.419921875 0.0029296875 0.00390625
1 0.515625 0.4189453125 0.001953125 0.00390625
1 0.5224609375 0.41796875 0.001953125 0.00390625
1 0.5283203125 0.4169921875 0.001953125 0.0029296875
1 0.533203125 0.416015625 0.001953125 0.0029296875
1 0.552734375 0.4150390625 0.001953125 0.001953125
1 0.580078125 0.4130859375 0.001953125 0.0029296875
1 0.6181640625 0.412109375 0.001953125 0.0029296875
1 0.7041015625 0.4091796875 0.001953125 0.0029296875
1 0.7275390625 0.4091796875 0.001953125 0.0029296875
1 0.7421875 0.408203125 0.001953125 0.0029296875
1 0.751953125 0.4091796875 0.001953125 0.00390625
1 0.7333984375 0.41015625 0.001953125 0.00390625
1 0.7099609375 0.412109375 0.0029296875 0.00390625
1 0.6845703125 0.4130859375 0.001953125 0.00390625
1 0.6767578125 0.4140625 0.0029296875 0.0048828125
1 0.6796875 0.416015625 0.0029296875 0.0048828125
1 0.853515625 0.412109375 0.005859375 0.0078125
1 0.9453125 0.412109375 0.0068359375 0.0087890625