2 0.0146484375 0.4931640625 0.0283203125 0.029296875
2 0.2021484375 0.458984375 0.017578125 0.01953125
2 0.263671875 0.4443359375 0.01171875 0.013671875
2 0.294921875 0.4375 0.009765625 0.01171875
2 0.4130859375 0.4306640625 0.0078125 0.009765625
2 0.5009765625 0.42578125 0.0078125 0.0087890625
2 0.560546875 0.421875 0.005859375 0.0087890625
2 0.6220703125 0.4130859375 0.0029296875 0.0048828125
2 0.677734375 0.41015625 0.00390625 0.0048828125
2 0.7392578125 0.408203125 0.00390625 0.0048828125
2 0.8056640625 0.40625 0.0048828125 0.0068359375
2 0.828125 0.4072265625 0.0048828125 0.0078125
2 0.8349609375 0.4091796875 0.0048828125 0.0068359375
2 0.8408203125 0.4111328125 0.005859375 0.0087890625
2 0.8505859375 0.4140625 0.0078125 0.009765625
2 0.8662109375 0.4189453125 0.009765625 0.0126953125
2 0.8984375 0.42578125 0.0126953125 0.0166015625
2 0.9453125 0.4375 0.01953125 0.021484375
1 0.310546875 0.5009765625 0.0322265625 0.03515625
1 0.4716796875 0.4580078125 0.0166015625 0.0205078125
1 0.4248046875 0.4453125 0.01171875 0.0146484375
1 0.443359375 0.4365234375 0.0107421875 0.0126953125
1 0.529296875 0.4296875 0.0087890625 0.0107421875
1 0.6298828125 0.423828125 0.0078125 0.0107421875
1 0.666015625 0.419921875 0.005859375 0.0087890625
1 0.646484375 0.4150390625 0.0048828125 0.0068359375
1 0.6435546875 0.4140625 0.00390625 0.005859375
1 0.6650390625 0.412109375 0.00390625 0.005859375
1 0.7412109375 0.4091796875 0.00390625 0.005859375
1 0.7587890625 0.4111328125 0.005859375 0.0087890625
1 0.7607421875 0.4169921875 0.005859375 0.0087890625
1 0.7529296875 0.421875 0.0078125 0.0107421875
1 0.755859375 0.4287109375 0.009765625 0.0126953125
1 0.7451171875 0.44140625 0.0146484375 0.017578125
1 0.7314453125 0.4609375 0.0224609375 0.02734375
1 0.703125 0.5068359375 0.0400390625 0.0498046875