2 0.2578125 0.4619140625 0.0185546875 0.021484375
2 0.3427734375 0.4453125 0.0126953125 0.015625
2 0.4091796875 0.4345703125 0.0107421875 0.0126953125
2 0.52734375 0.4296875 0.0078125 0.0107421875
2 0.6455078125 0.423828125 0.0068359375 0.009765625
2 0.720703125 0.41796875 0.0068359375 0.0087890625
2 0.853515625 0.4033203125 0.0029296875 0.0048828125
2 0.8505859375 0.400390625 0.0029296875 0.005859375
2 0.994140625 0.39453125 0.0029296875 0.0048828125
2 0.9853515625 0.439453125 0.0224609375 0.0224609375
1 0.1552734375 0.5390625 0.052734375 0.0537109375
1 0.470703125 0.4716796875 0.0234375 0.0283203125
1 0.48828125 0.4501953125 0.0146484375 0.0185546875
1 0.548828125 0.4375 0.0107421875 0.013671875
1 0.658203125 0.4306640625 0.0087890625 0.0126953125
1 0.7958984375 0.4228515625 0.009765625 0.01171875
1 0.853515625 0.416015625 0.0078125 0.0107421875
1 0.8642578125 0.412109375 0.0068359375 0.0087890625
1 0.8134765625 0.41015625 0.005859375 0.0078125
1 0.8046875 0.408203125 0.0048828125 0.0078125
1 0.8486328125 0.40625 0.0048828125 0.005859375
1 0.9970703125 0.3955078125 0.0029296875 0.0048828125
1 0.9951171875 0.41015625 0.0068359375 0.009765625
1 0.98828125 0.4150390625 0.009765625 0.01171875
1 0.9619140625 0.4208984375 0.0126953125 0.013671875
1 0.837890625 0.4306640625 0.013671875 0.015625
1 0.767578125 0.439453125 0.015625 0.0185546875
1 0.7294921875 0.4541015625 0.0185546875 0.0224609375
1 0.708984375 0.484375 0.03125 0.037109375
1 0.552734375 0.587890625 0.060546875 0.0693359375