2 0.3857421875 0.412109375 0.00390625 0.0048828125
2 0.416015625 0.4130859375 0.00390625 0.005859375
2 0.43359375 0.4150390625 0.00390625 0.005859375
2 0.4287109375 0.4169921875 0.0048828125 0.0068359375
2 0.4140625 0.4189453125 0.005859375 0.0078125
2 0.38671875 0.4208984375 0.0068359375 0.0087890625
2 0.3681640625 0.423828125 0.0087890625 0.0107421875
2 0.3798828125 0.4306640625 0.0107421875 0.013671875
2 0.478515625 0.4443359375 0.013671875 0.017578125
2 0.6787109375 0.4619140625 0.017578125 0.0224609375
2 0.9599609375 0.4814453125 0.0224609375 0.025390625
2 0.51953125 0.5986328125 0.0400390625 0.041015625
2 0.283203125 0.4794921875 0.033203125 0.037109375
2 0.2294921875 0.4443359375 0.0185546875 0.0224609375
2 0.2109375 0.4287109375 0.013671875 0.0166015625
2 0.197265625 0.419921875 0.009765625 0.0126953125
2 0.1904296875 0.4150390625 0.0078125 0.0107421875
2 0.18359375 0.4111328125 0.0068359375 0.0087890625
2 0.1796875 0.408203125 0.005859375 0.0078125
2 0.185546875 0.4072265625 0.0048828125 0.0068359375
2 0.216796875 0.40625 0.00390625 0.005859375
2 0.2734375 0.4072265625 0.00390625 0.005859375
2 0.3330078125 0.4091796875 0.00390625 0.005859375
1 0.33984375 0.4091796875 0.0029296875 0.00390625
1 0.390625 0.4111328125 0.0029296875 0.00390625
1 0.44140625 0.4130859375 0.0029296875 0.0048828125
1 0.486328125 0.416015625 0.0029296875 0.0048828125
1 0.5068359375 0.41796875 0.00390625 0.005859375
1 0.50390625 0.419921875 0.0048828125 0.0068359375
1 0.498046875 0.4208984375 0.0048828125 0.0078125
1 0.4892578125 0.423828125 0.005859375 0.0087890625
1 0.5 0.4287109375 0.0087890625 0.0107421875
1 0.580078125 0.4384765625 0.0107421875 0.013671875
1 0.7216796875 0.451171875 0.0126953125 0.0166015625
1 0.966796875 0.4638671875 0.0126953125 0.015625
1 0.00390625 0.4267578125 0.0078125 0.0185546875
1 0.03125 0.4169921875 0.0126953125 0.013671875
1 0.0546875 0.4111328125 0.0087890625 0.0107421875
1 0.0625 0.4072265625 0.0068359375 0.0087890625
1 0.072265625 0.4052734375 0.0068359375 0.0078125
1 0.0849609375 0.4033203125 0.005859375 0.0068359375
1 0.111328125 0.40234375 0.005859375 0.0068359375
1 0.162109375 0.4033203125 0.00390625 0.005859375
1 0.2255859375 0.404296875 0.00390625 0.005859375
1 0.2783203125 0.40625 0.0029296875 0.0048828125
1 0.91796875 0.4404296875 0.0078125 0.009765625
1 0.7744140625 0.4306640625 0.005859375 0.0087890625
2 0.810546875 0.427734375 0.0048828125 0.0048828125
2 0.84765625 0.4287109375 0.00390625 0.005859375