1 0.49609375 0.5185546875 0.033203125 0.041015625
1 0.6455078125 0.4892578125 0.021484375 0.0263671875
2 0.9892578125 0.490234375 0.021484375 0.0244140625
1 0.697265625 0.4775390625 0.0185546875 0.021484375
2 0.96875 0.4755859375 0.0166015625 0.01953125
1 0.7431640625 0.46875 0.0146484375 0.0166015625
2 0.951171875 0.4658203125 0.0107421875 0.0146484375
1 0.7734375 0.4609375 0.01171875 0.013671875
2 0.9453125 0.4599609375 0.0078125 0.0107421875
1 0.7958984375 0.4560546875 0.0087890625 0.0107421875
1 0.810546875 0.453125 0.005859375 0.0087890625
2 0.939453125 0.4560546875 0.005859375 0.0087890625
2 0.93359375 0.4501953125 0.00390625 0.005859375
2 0.9365234375 0.453125 0.0048828125 0.0068359375
1 0.82421875 0.4501953125 0.0048828125 0.0068359375
1 0.8330078125 0.4482421875 0.0048828125 0.0068359375
2 0.9296875 0.447265625 0.00390625 0.0048828125
1 0.83984375 0.4462890625 0.00390625 0.0048828125
1 0.845703125 0.4453125 0.0029296875 0.0048828125
2 0.927734375 0.4462890625 0.00390625 0.0048828125
2 0.94140625 0.439453125 0.001953125 0.0029296875
1 0.00390625 0.568359375 0.0068359375 0.0390625
2 0.919921875 0.44140625 0.0029296875 0.00390625