2 0.90234375 0.4990234375 0.0263671875 0.0283203125
2 0.931640625 0.4814453125 0.0185546875 0.0205078125
2 0.900390625 0.4716796875 0.013671875 0.0146484375
2 0.8408203125 0.4638671875 0.009765625 0.0126953125
2 0.7646484375 0.458984375 0.0087890625 0.0107421875
2 0.6904296875 0.455078125 0.0068359375 0.0087890625
2 0.6357421875 0.453125 0.005859375 0.0078125
2 0.580078125 0.451171875 0.0048828125 0.0068359375
2 0.548828125 0.44921875 0.00390625 0.0068359375
2 0.533203125 0.447265625 0.00390625 0.005859375
2 0.5546875 0.447265625 0.00390625 0.0048828125
2 0.5849609375 0.4462890625 0.0029296875 0.00390625
2 0.587890625 0.4453125 0.0029296875 0.00390625
2 0.5634765625 0.4443359375 0.0029296875 0.00390625
2 0.546875 0.443359375 0.0029296875 0.00390625
2 0.5498046875 0.443359375 0.001953125 0.00390625
2 0.59375 0.443359375 0.0029296875 0.00390625
2 0.6201171875 0.443359375 0.001953125 0.00390625
2 0.646484375 0.4443359375 0.0029296875 0.00390625
2 0.6845703125 0.4453125 0.0029296875 0.00390625
2 0.7392578125 0.4462890625 0.0029296875 0.00390625
2 0.7744140625 0.447265625 0.0029296875 0.0048828125
2 0.796875 0.44921875 0.00390625 0.0048828125
2 0.82421875 0.4501953125 0.00390625 0.005859375
2 0.890625 0.4541015625 0.005859375 0.0078125
2 0.9716796875 0.45703125 0.0068359375 0.0078125
1 0.3603515625 0.5048828125 0.029296875 0.0341796875
1 0.994140625 0.4541015625 0.005859375 0.0068359375
1 0.927734375 0.4521484375 0.00390625 0.0048828125
1 0.8984375 0.451171875 0.00390625 0.0048828125
1 0.8603515625 0.4482421875 0.00390625 0.0048828125
1 0.822265625 0.4482421875 0.0029296875 0.00390625
1 0.7783203125 0.4462890625 0.0029296875 0.00390625
1 0.7314453125 0.4453125 0.0029296875 0.0029296875
1 0.69140625 0.4443359375 0.0029296875 0.00390625
1 0.6650390625 0.4443359375 0.001953125 0.0029296875
1 0.626953125 0.443359375 0.001953125 0.00390625
1 0.5830078125 0.443359375 0.001953125 0.0029296875
1 0.5361328125 0.4423828125 0.001953125 0.0029296875
1 0.5107421875 0.4423828125 0.001953125 0.00390625
1 0.4951171875 0.443359375 0.001953125 0.00390625
1 0.5009765625 0.443359375 0.0029296875 0.00390625
1 0.5244140625 0.4443359375 0.0029296875 0.00390625
1 0.521484375 0.4453125 0.0029296875 0.0048828125
1 0.484375 0.4453125 0.00390625 0.0048828125
1 0.458984375 0.447265625 0.0048828125 0.005859375
1 0.4716796875 0.44921875 0.0048828125 0.0068359375
1 0.5 0.451171875 0.005859375 0.0078125
1 0.572265625 0.4541015625 0.0068359375 0.0087890625
1 0.62109375 0.45703125 0.0078125 0.0107421875
1 0.6708984375 0.462890625 0.009765625 0.0126953125
1 0.6513671875 0.470703125 0.0126953125 0.0166015625
1 0.5537109375 0.4814453125 0.01953125 0.0224609375