1 0.00390625 0.4599609375 0.005859375 0.0341796875
1 0.099609375 0.4453125 0.0205078125 0.021484375
1 0.2236328125 0.4384765625 0.013671875 0.015625
1 0.322265625 0.4384765625 0.01171875 0.0146484375
1 0.3984375 0.4384765625 0.009765625 0.0126953125
1 0.4697265625 0.4384765625 0.009765625 0.01171875
1 0.5634765625 0.4404296875 0.0087890625 0.0107421875
1 0.650390625 0.4423828125 0.0078125 0.009765625
1 0.7841796875 0.447265625 0.0078125 0.009765625
1 0.9130859375 0.4541015625 0.0087890625 0.0107421875
2 0.5478515625 0.541015625 0.0458984375 0.05859375
2 0.3466796875 0.46484375 0.021484375 0.025390625
2 0.404296875 0.4501953125 0.0146484375 0.0185546875
2 0.513671875 0.4482421875 0.0126953125 0.0146484375
2 0.609375 0.4482421875 0.0107421875 0.013671875
2 0.7197265625 0.4501953125 0.0107421875 0.0126953125
2 0.861328125 0.45703125 0.0107421875 0.0126953125