1 0.205078125 0.5595703125 0.048828125 0.056640625
1 0.0302734375 0.529296875 0.0439453125 0.0419921875
1 0.015625 0.4716796875 0.0126953125 0.0146484375
1 0.046875 0.4677734375 0.01171875 0.01171875
1 0.0966796875 0.462890625 0.0087890625 0.0107421875
1 0.1689453125 0.4599609375 0.0078125 0.0087890625
1 0.232421875 0.45703125 0.0078125 0.0087890625
1 0.2861328125 0.455078125 0.0068359375 0.0078125
1 0.40625 0.4521484375 0.0048828125 0.0078125
1 0.4716796875 0.451171875 0.005859375 0.0078125
1 0.5625 0.44921875 0.005859375 0.0068359375
1 0.6376953125 0.44921875 0.0048828125 0.005859375
1 0.7236328125 0.44921875 0.00390625 0.005859375
1 0.8125 0.4501953125 0.005859375 0.0078125
1 0.9111328125 0.4521484375 0.0078125 0.0087890625
2 0.7373046875 0.5185546875 0.0380859375 0.0419921875
2 0.431640625 0.494140625 0.0234375 0.02734375
2 0.2119140625 0.4853515625 0.0166015625 0.021484375
2 0.2001953125 0.4716796875 0.0126953125 0.0166015625
2 0.2021484375 0.4619140625 0.0078125 0.009765625
2 0.2578125 0.4599609375 0.0078125 0.009765625
2 0.337890625 0.45703125 0.0068359375 0.0087890625
2 0.408203125 0.455078125 0.005859375 0.0078125
2 0.48828125 0.453125 0.0068359375 0.0078125
2 0.5732421875 0.4521484375 0.0068359375 0.0078125
2 0.9873046875 0.4609375 0.013671875 0.0146484375
2 0.7275390625 0.453125 0.0078125 0.0087890625
2 0.64453125 0.4521484375 0.005859375 0.0087890625
2 0.81640625 0.4560546875 0.0087890625 0.0107421875