2 0.2998046875 0.439453125 0.001953125 0.00390625
2 0.314453125 0.439453125 0.0029296875 0.00390625
2 0.2978515625 0.4404296875 0.0029296875 0.00390625
2 0.275390625 0.44140625 0.0029296875 0.00390625
2 0.244140625 0.4423828125 0.00390625 0.0048828125
2 0.2138671875 0.4443359375 0.00390625 0.005859375
2 0.19921875 0.4453125 0.0048828125 0.0068359375
2 0.208984375 0.447265625 0.0048828125 0.0078125
2 0.248046875 0.4482421875 0.005859375 0.0078125
2 0.3076171875 0.44921875 0.005859375 0.0078125
2 0.3828125 0.44921875 0.0068359375 0.0087890625
2 0.4375 0.451171875 0.0078125 0.009765625
2 0.494140625 0.455078125 0.0087890625 0.01171875
2 0.5576171875 0.4609375 0.0107421875 0.0146484375
2 0.6904296875 0.470703125 0.0166015625 0.0205078125
2 0.9736328125 0.494140625 0.03125 0.0322265625
2 0.86328125 0.54296875 0.0478515625 0.0517578125
2 0.6279296875 0.5029296875 0.03125 0.03515625
2 0.4814453125 0.484375 0.0205078125 0.025390625
2 0.31640625 0.4736328125 0.0166015625 0.0205078125
2 0.1865234375 0.4677734375 0.013671875 0.0166015625
2 0.0966796875 0.4638671875 0.01171875 0.013671875
2 0.05078125 0.4599609375 0.009765625 0.01171875
2 0.0576171875 0.4560546875 0.0078125 0.009765625
2 0.0810546875 0.4521484375 0.0068359375 0.0087890625
2 0.099609375 0.44921875 0.005859375 0.0078125
2 0.1142578125 0.447265625 0.005859375 0.0068359375
2 0.125 0.4453125 0.00390625 0.005859375
2 0.1337890625 0.4443359375 0.00390625 0.005859375
2 0.140625 0.443359375 0.00390625 0.0048828125
2 0.1474609375 0.4423828125 0.0029296875 0.00390625
2 0.158203125 0.44140625 0.0029296875 0.00390625
2 0.1845703125 0.4404296875 0.0029296875 0.00390625
2 0.2255859375 0.4384765625 0.0029296875 0.00390625
2 0.2666015625 0.439453125 0.001953125 0.00390625
1 0.2783203125 0.4375 0.001953125 0.0029296875
1 0.310546875 0.4384765625 0.001953125 0.0029296875
1 0.3408203125 0.4384765625 0.001953125 0.0029296875
1 0.3642578125 0.439453125 0.0029296875 0.00390625
1 0.34765625 0.4404296875 0.0029296875 0.00390625
1 0.3271484375 0.44140625 0.0029296875 0.00390625
1 0.3017578125 0.4423828125 0.0029296875 0.0048828125
1 0.2802734375 0.4443359375 0.00390625 0.0048828125
1 0.2841796875 0.4453125 0.00390625 0.005859375
1 0.3115234375 0.447265625 0.00390625 0.005859375
1 0.44921875 0.4462890625 0.005859375 0.0078125
1 0.505859375 0.447265625 0.005859375 0.0078125
1 0.56640625 0.44921875 0.0068359375 0.0087890625
1 0.634765625 0.453125 0.0087890625 0.0107421875
1 0.73828125 0.4580078125 0.0107421875 0.013671875
1 0.8935546875 0.466796875 0.0166015625 0.0185546875
1 0.150390625 0.58984375 0.0625 0.0634765625
1 0.201171875 0.5126953125 0.033203125 0.0380859375
1 0.1005859375 0.48828125 0.0224609375 0.025390625
1 0.0029296875 0.451171875 0.005859375 0.0078125
1 0.029296875 0.4482421875 0.005859375 0.0068359375
1 0.048828125 0.4462890625 0.0048828125 0.005859375
1 0.0673828125 0.4453125 0.00390625 0.0048828125
1 0.0751953125 0.4443359375 0.0029296875 0.0048828125
1 0.0859375 0.443359375 0.00390625 0.0048828125
1 0.09765625 0.4423828125 0.0029296875 0.00390625
1 0.1181640625 0.44140625 0.0029296875 0.00390625
1 0.15234375 0.4404296875 0.001953125 0.0029296875
1 0.197265625 0.4404296875 0.0029296875 0.00390625
1 0.236328125 0.439453125 0.001953125 0.00390625