1 0.4404296875 0.421875 0.0029296875 0.00390625
1 0.4716796875 0.423828125 0.0029296875 0.0048828125
1 0.5107421875 0.4267578125 0.00390625 0.005859375
1 0.5625 0.4306640625 0.00390625 0.005859375
1 0.6171875 0.43359375 0.0048828125 0.0078125
1 0.677734375 0.4384765625 0.0048828125 0.0068359375
1 0.7158203125 0.4423828125 0.005859375 0.0078125
1 0.7529296875 0.447265625 0.0078125 0.009765625
1 0.8076171875 0.451171875 0.0087890625 0.0107421875
1 0.9052734375 0.4560546875 0.0107421875 0.01171875
1 0.0048828125 0.423828125 0.009765625 0.013671875
1 0.0693359375 0.421875 0.009765625 0.01171875
1 0.1474609375 0.421875 0.0078125 0.009765625
1 0.22265625 0.421875 0.005859375 0.0078125
1 0.2724609375 0.4208984375 0.00390625 0.0068359375
1 0.267578125 0.4189453125 0.00390625 0.005859375
1 0.240234375 0.4169921875 0.00390625 0.005859375
1 0.19921875 0.4140625 0.00390625 0.005859375
1 0.3935546875 0.4189453125 0.0029296875 0.00390625
1 0.3740234375 0.4169921875 0.0029296875 0.00390625
1 0.3359375 0.4150390625 0.001953125 0.0029296875
1 0.3095703125 0.4140625 0.001953125 0.00390625
1 0.2578125 0.412109375 0.001953125 0.0029296875
1 0.21484375 0.41015625 0.0029296875 0.00390625
1 0.1787109375 0.408203125 0.0029296875 0.00390625
1 0.1396484375 0.4072265625 0.0029296875 0.00390625
1 0.0947265625 0.40625 0.0029296875 0.00390625
1 0.0537109375 0.4072265625 0.00390625 0.005859375
1 0.0224609375 0.4052734375 0.0048828125 0.005859375
1 0.015625 0.4052734375 0.00390625 0.0048828125
1 0.1015625 0.41015625 0.00390625 0.005859375
1 0.15625 0.412109375 0.00390625 0.005859375
2 0.3125 0.4150390625 0.0029296875 0.00390625
2 0.328125 0.416015625 0.0029296875 0.00390625
2 0.345703125 0.4169921875 0.0029296875 0.00390625
2 0.3671875 0.4189453125 0.00390625 0.0048828125
2 0.388671875 0.4208984375 0.00390625 0.0048828125
2 0.4169921875 0.4228515625 0.00390625 0.005859375
2 0.4521484375 0.42578125 0.00390625 0.005859375
2 0.5009765625 0.4287109375 0.0048828125 0.0068359375
2 0.556640625 0.4326171875 0.0048828125 0.0078125
2 0.599609375 0.4365234375 0.005859375 0.0087890625
2 0.6279296875 0.4423828125 0.0078125 0.009765625
2 0.7158203125 0.451171875 0.0087890625 0.0126953125
2 0.88671875 0.4609375 0.01171875 0.0146484375
2 0.2861328125 0.4140625 0.001953125 0.00390625
2 0.2451171875 0.412109375 0.001953125 0.00390625
2 0.2021484375 0.41015625 0.0029296875 0.00390625
2 0.1533203125 0.4091796875 0.0029296875 0.00390625
2 0.1083984375 0.4072265625 0.0029296875 0.00390625
2 0.0830078125 0.4072265625 0.00390625 0.0048828125
2 0.087890625 0.408203125 0.00390625 0.005859375
2 0.123046875 0.41015625 0.00390625 0.005859375
2 0.1728515625 0.412109375 0.00390625 0.0048828125
2 0.2255859375 0.4140625 0.00390625 0.005859375
2 0.275390625 0.4169921875 0.00390625 0.0048828125
2 0.3115234375 0.4189453125 0.00390625 0.005859375
2 0.3388671875 0.4208984375 0.0048828125 0.005859375
2 0.359375 0.4248046875 0.005859375 0.0078125
2 0.322265625 0.42578125 0.005859375 0.0087890625
2 0.2763671875 0.4267578125 0.0068359375 0.0087890625
2 0.208984375 0.427734375 0.0087890625 0.0107421875
2 0.1708984375 0.4326171875 0.01171875 0.0146484375
2 0.1904296875 0.4404296875 0.0146484375 0.0166015625
2 0.236328125 0.455078125 0.01953125 0.0224609375
2 0.3427734375 0.486328125 0.0302734375 0.03515625
2 0.7998046875 0.6044921875 0.056640625 0.037109375
0 0.46875 0.41796875 0.00390625 0.005859375