2 0.693359375 0.4951171875 0.02734375 0.03125
2 0.6162109375 0.4736328125 0.015625 0.01953125
2 0.8818359375 0.4599609375 0.0126953125 0.0146484375
2 0.5771484375 0.4619140625 0.0107421875 0.013671875
2 0.92578125 0.455078125 0.0107421875 0.0126953125
2 0.9150390625 0.4677734375 0.0166015625 0.0185546875
1 0.416015625 0.46484375 0.0107421875 0.013671875
2 0.5576171875 0.455078125 0.0078125 0.0107421875
1 0.451171875 0.4541015625 0.0068359375 0.0087890625
1 0.43359375 0.4580078125 0.0078125 0.0107421875
1 0.466796875 0.447265625 0.0048828125 0.005859375
2 0.564453125 0.4521484375 0.0068359375 0.0087890625
2 0.61328125 0.4482421875 0.0068359375 0.0087890625
1 0.390625 0.4765625 0.0146484375 0.0185546875
2 0.572265625 0.4462890625 0.0048828125 0.005859375
2 0.9765625 0.4482421875 0.0078125 0.0087890625
1 0.455078125 0.447265625 0.00390625 0.005859375
2 0.95703125 0.451171875 0.009765625 0.0107421875
1 0.5029296875 0.451171875 0.005859375 0.0078125
2 0.8486328125 0.4423828125 0.0048828125 0.005859375
2 0.5234375 0.4462890625 0.00390625 0.005859375
2 0.9453125 0.4453125 0.0068359375 0.0078125
2 0.8955078125 0.443359375 0.005859375 0.005859375
2 0.9423828125 0.5625 0.0546875 0.064453125
1 0.544921875 0.44140625 0.0029296875 0.00390625
1 0.4716796875 0.4443359375 0.0029296875 0.00390625
2 0.75 0.4404296875 0.00390625 0.0048828125
2 0.7197265625 0.4404296875 0.00390625 0.0048828125
1 0.8369140625 0.439453125 0.0029296875 0.0048828125
1 0.4951171875 0.443359375 0.0029296875 0.00390625
2 0.5322265625 0.443359375 0.00390625 0.0048828125
2 0.7734375 0.4404296875 0.00390625 0.0048828125
1 0.9384765625 0.44140625 0.00390625 0.005859375
1 0.4599609375 0.4443359375 0.0029296875 0.0048828125
1 0.5302734375 0.4482421875 0.00390625 0.005859375
1 0.501953125 0.447265625 0.00390625 0.005859375
1 0.693359375 0.439453125 0.001953125 0.00390625
1 0.5341796875 0.4482421875 0.0048828125 0.0068359375
2 0.6875 0.4404296875 0.0029296875 0.00390625
2 0.6025390625 0.44140625 0.0029296875 0.00390625
2 0.5673828125 0.4423828125 0.0029296875 0.00390625
2 0.515625 0.4453125 0.00390625 0.0048828125
1 0.6064453125 0.4404296875 0.0029296875 0.00390625
1 0.5205078125 0.4423828125 0.001953125 0.00390625
2 0.51171875 0.443359375 0.0029296875 0.00390625
2 0.80859375 0.44140625 0.00390625 0.005859375
1 0.7333984375 0.439453125 0.0029296875 0.00390625
2 0.6435546875 0.4404296875 0.00390625 0.00390625
1 0.890625 0.4404296875 0.00390625 0.00390625
1 0.5703125 0.44140625 0.0029296875 0.00390625
1 0.45703125 0.4453125 0.00390625 0.0048828125
2 0.6552734375 0.591796875 0.0068359375 0.0078125
0 0.90234375 0.5341796875 0.0634765625 0.1044921875
0 0.974609375 0.5556640625 0.0498046875 0.125