1 0.193359375 0.59375 0.0498046875 0.056640625
1 0.4765625 0.5078125 0.03125 0.03515625
1 0.5888671875 0.47265625 0.0146484375 0.0185546875
1 0.619140625 0.462890625 0.0107421875 0.013671875
1 0.6435546875 0.455078125 0.0087890625 0.0107421875
1 0.67578125 0.451171875 0.0078125 0.0087890625
1 0.7158203125 0.44921875 0.0068359375 0.0078125
1 0.771484375 0.4482421875 0.005859375 0.0078125
1 0.8369140625 0.4462890625 0.005859375 0.0068359375
1 0.861328125 0.4423828125 0.00390625 0.005859375
1 0.82421875 0.44140625 0.00390625 0.0048828125
1 0.8115234375 0.4375 0.001953125 0.0029296875
1 0.77734375 0.4384765625 0.001953125 0.0029296875
1 0.740234375 0.4384765625 0.001953125 0.00390625
1 0.7099609375 0.4404296875 0.0029296875 0.0048828125
1 0.689453125 0.4404296875 0.0029296875 0.0048828125
1 0.685546875 0.4404296875 0.0029296875 0.00390625
1 0.744140625 0.4404296875 0.0029296875 0.00390625
1 0.787109375 0.44140625 0.0029296875 0.0048828125
2 0.83203125 0.4375 0.001953125 0.00390625
2 0.75 0.439453125 0.001953125 0.00390625
2 0.73046875 0.439453125 0.001953125 0.00390625
2 0.734375 0.4404296875 0.0029296875 0.00390625
2 0.7607421875 0.4404296875 0.0029296875 0.00390625
2 0.8017578125 0.4404296875 0.0029296875 0.00390625
2 0.8505859375 0.4404296875 0.00390625 0.00390625
2 0.9013671875 0.4404296875 0.00390625 0.0048828125
2 0.9716796875 0.4423828125 0.00390625 0.0068359375
2 0.9892578125 0.4453125 0.005859375 0.0078125
2 0.939453125 0.447265625 0.005859375 0.0078125
2 0.8837890625 0.4482421875 0.005859375 0.0078125
2 0.8173828125 0.451171875 0.0078125 0.0087890625
2 0.78125 0.4541015625 0.0068359375 0.009765625
2 0.7890625 0.4580078125 0.009765625 0.0126953125
2 0.810546875 0.46484375 0.0126953125 0.015625
2 0.85546875 0.478515625 0.01953125 0.0224609375
2 0.9775390625 0.5205078125 0.0419921875 0.044921875