1 0.1982421875 0.58203125 0.0625 0.068359375
1 0.375 0.498046875 0.0234375 0.02734375
1 0.42578125 0.4736328125 0.013671875 0.017578125
1 0.4521484375 0.462890625 0.0107421875 0.0126953125
1 0.4765625 0.4580078125 0.0078125 0.009765625
1 0.537109375 0.453125 0.005859375 0.0078125
1 0.5732421875 0.4501953125 0.0048828125 0.0078125
1 0.5693359375 0.4501953125 0.005859375 0.0078125
1 0.5361328125 0.44921875 0.00390625 0.0068359375
1 0.4970703125 0.4482421875 0.0048828125 0.005859375
1 0.482421875 0.4482421875 0.00390625 0.005859375
1 0.486328125 0.4462890625 0.00390625 0.0048828125
1 0.490234375 0.4453125 0.0029296875 0.0048828125
1 0.501953125 0.4443359375 0.0029296875 0.0048828125
1 0.5283203125 0.443359375 0.0029296875 0.00390625
1 0.5556640625 0.4423828125 0.0029296875 0.00390625
1 0.58203125 0.4423828125 0.0029296875 0.00390625
1 0.609375 0.44140625 0.0029296875 0.00390625
1 0.6484375 0.4404296875 0.0029296875 0.00390625
2 0.974609375 0.572265625 0.05078125 0.0732421875
2 0.7177734375 0.494140625 0.025390625 0.029296875
2 0.638671875 0.470703125 0.0146484375 0.0185546875
2 0.607421875 0.4599609375 0.009765625 0.0126953125
2 0.61328125 0.455078125 0.0078125 0.0107421875
2 0.6669921875 0.451171875 0.0068359375 0.009765625
2 0.6630859375 0.447265625 0.005859375 0.0078125
2 0.6162109375 0.447265625 0.005859375 0.0078125
2 0.5595703125 0.447265625 0.0048828125 0.005859375
2 0.55078125 0.4453125 0.00390625 0.005859375
2 0.5458984375 0.4443359375 0.0029296875 0.0048828125
2 0.568359375 0.443359375 0.00390625 0.0048828125
2 0.6064453125 0.4423828125 0.00390625 0.00390625
2 0.64453125 0.44140625 0.00390625 0.0048828125
1 0.6875 0.439453125 0.0029296875 0.00390625
1 0.744140625 0.439453125 0.001953125 0.0048828125
1 0.7900390625 0.4384765625 0.00390625 0.00390625
1 0.8388671875 0.4384765625 0.00390625 0.0048828125
1 0.87890625 0.439453125 0.0029296875 0.0048828125
1 0.916015625 0.439453125 0.0048828125 0.005859375
1 0.986328125 0.4404296875 0.005859375 0.0068359375
2 0.6904296875 0.4404296875 0.00390625 0.00390625
2 0.740234375 0.4404296875 0.00390625 0.0048828125
2 0.77734375 0.4404296875 0.00390625 0.0048828125
2 0.8134765625 0.4404296875 0.00390625 0.005859375
2 0.8427734375 0.44140625 0.00390625 0.005859375
2 0.8876953125 0.4423828125 0.0048828125 0.0068359375
2 0.9423828125 0.443359375 0.0068359375 0.0068359375