2 0.5380859375 0.435546875 0.0029296875 0.00390625
2 0.5703125 0.4345703125 0.001953125 0.0029296875
2 0.58984375 0.4365234375 0.001953125 0.00390625
2 0.607421875 0.4365234375 0.0029296875 0.00390625
2 0.61328125 0.4375 0.0029296875 0.00390625
2 0.6201171875 0.4384765625 0.00390625 0.0048828125
2 0.615234375 0.439453125 0.00390625 0.0048828125
2 0.5849609375 0.439453125 0.00390625 0.005859375
2 0.564453125 0.4423828125 0.0048828125 0.0068359375
2 0.583984375 0.443359375 0.005859375 0.0078125
2 0.6533203125 0.447265625 0.0078125 0.009765625
2 0.7158203125 0.4521484375 0.0107421875 0.0126953125
2 0.6806640625 0.4580078125 0.01171875 0.0146484375
2 0.587890625 0.46484375 0.013671875 0.017578125
2 0.5087890625 0.478515625 0.0185546875 0.0244140625
2 0.5908203125 0.51953125 0.0341796875 0.0400390625
2 0.05859375 0.455078125 0.0126953125 0.0146484375
2 0.1806640625 0.4482421875 0.0087890625 0.0126953125
2 0.2587890625 0.4443359375 0.0078125 0.009765625
2 0.3046875 0.4423828125 0.005859375 0.0078125
2 0.341796875 0.439453125 0.0048828125 0.0068359375
2 0.3662109375 0.4384765625 0.0048828125 0.0068359375
2 0.3857421875 0.4375 0.00390625 0.005859375
2 0.40234375 0.4365234375 0.0029296875 0.0048828125
2 0.416015625 0.4365234375 0.0029296875 0.0048828125
2 0.4296875 0.435546875 0.0029296875 0.00390625
2 0.4453125 0.435546875 0.0029296875 0.00390625
2 0.5087890625 0.4345703125 0.0029296875 0.00390625
1 0.5341796875 0.435546875 0.001953125 0.00390625
1 0.5537109375 0.435546875 0.0029296875 0.00390625
1 0.5634765625 0.4365234375 0.001953125 0.00390625
1 0.5712890625 0.4384765625 0.0029296875 0.0048828125
1 0.5478515625 0.439453125 0.00390625 0.005859375
1 0.498046875 0.439453125 0.0048828125 0.0068359375
1 0.46875 0.4404296875 0.00390625 0.0068359375
1 0.4736328125 0.443359375 0.005859375 0.0078125
1 0.5146484375 0.4462890625 0.0078125 0.0087890625
1 0.55078125 0.4501953125 0.0087890625 0.01171875
1 0.4951171875 0.4560546875 0.0107421875 0.013671875
1 0.361328125 0.4609375 0.013671875 0.0166015625
1 0.2255859375 0.47265625 0.01953125 0.0224609375
1 0.0693359375 0.5029296875 0.03515625 0.037109375
1 0.0185546875 0.5966796875 0.037109375 0.0517578125
1 0.03125 0.470703125 0.021484375 0.0205078125
1 0.189453125 0.45703125 0.013671875 0.015625
1 0.283203125 0.44921875 0.009765625 0.01171875
1 0.3447265625 0.4453125 0.0078125 0.009765625
1 0.3798828125 0.4423828125 0.0068359375 0.0078125
1 0.4052734375 0.4404296875 0.00390625 0.005859375
1 0.423828125 0.439453125 0.00390625 0.005859375
1 0.439453125 0.4375 0.0029296875 0.0048828125
1 0.4521484375 0.4375 0.0029296875 0.0048828125
1 0.4619140625 0.4365234375 0.00390625 0.0048828125
1 0.47265625 0.4365234375 0.00390625 0.005859375
1 0.5 0.435546875 0.0029296875 0.00390625