2 0.2587890625 0.4638671875 0.021484375 0.0234375
2 0.4677734375 0.4453125 0.015625 0.0185546875
2 0.517578125 0.4306640625 0.009765625 0.0126953125
2 0.5234375 0.4228515625 0.005859375 0.009765625
2 0.6162109375 0.4150390625 0.005859375 0.0087890625
2 0.6875 0.412109375 0.005859375 0.0087890625
2 0.7373046875 0.408203125 0.0048828125 0.0068359375
2 0.736328125 0.4033203125 0.00390625 0.005859375
2 0.77734375 0.4013671875 0.00390625 0.0048828125
2 0.833984375 0.3984375 0.00390625 0.0048828125
2 0.8984375 0.3974609375 0.00390625 0.005859375
2 0.9736328125 0.3955078125 0.0048828125 0.0068359375
1 0.060546875 0.5185546875 0.041015625 0.0439453125
1 0.5380859375 0.478515625 0.02734375 0.0322265625
1 0.705078125 0.447265625 0.0185546875 0.0205078125
1 0.73828125 0.4296875 0.013671875 0.015625
1 0.6650390625 0.4228515625 0.009765625 0.01171875
1 0.6611328125 0.41796875 0.0078125 0.0107421875
1 0.7255859375 0.4140625 0.0078125 0.009765625
1 0.8125 0.41015625 0.0078125 0.009765625
1 0.841796875 0.4072265625 0.0048828125 0.0068359375
1 0.8349609375 0.404296875 0.0048828125 0.005859375
1 0.8115234375 0.4033203125 0.00390625 0.005859375
1 0.8046875 0.4013671875 0.00390625 0.005859375
1 0.8251953125 0.400390625 0.0048828125 0.005859375
1 0.8671875 0.3994140625 0.0029296875 0.00390625
1 0.904296875 0.3984375 0.00390625 0.005859375
1 0.9248046875 0.3994140625 0.00390625 0.005859375
1 0.931640625 0.40234375 0.0048828125 0.0068359375
1 0.9384765625 0.408203125 0.0078125 0.0107421875
1 0.951171875 0.4130859375 0.0078125 0.0107421875
1 0.9580078125 0.4208984375 0.01171875 0.0146484375
1 0.99609375 0.435546875 0.0078125 0.0205078125
1 0.9921875 0.4482421875 0.0146484375 0.029296875
1 0.9892578125 0.4921875 0.021484375 0.048828125
1 0.50390625 0.5947265625 0.052734375 0.0576171875