1 0.0615234375 0.4765625 0.0380859375 0.0380859375
1 0.2080078125 0.453125 0.021484375 0.0244140625
1 0.369140625 0.443359375 0.013671875 0.0166015625
1 0.4931640625 0.4423828125 0.0107421875 0.013671875
1 0.6162109375 0.4443359375 0.009765625 0.01171875
1 0.7431640625 0.4482421875 0.0087890625 0.0107421875
1 0.8603515625 0.4521484375 0.009765625 0.01171875
2 0.6953125 0.5986328125 0.05859375 0.0498046875
2 0.494140625 0.5048828125 0.0361328125 0.0419921875
2 0.4912109375 0.4677734375 0.021484375 0.025390625
2 0.5810546875 0.45703125 0.0146484375 0.017578125
2 0.8310546875 0.4599609375 0.01171875 0.0146484375
2 0.69140625 0.4560546875 0.0126953125 0.015625
2 0.97265625 0.46484375 0.0126953125 0.0146484375