1 0.58203125 0.4365234375 0.001953125 0.0029296875
1 0.619140625 0.4375 0.001953125 0.0029296875
1 0.654296875 0.4375 0.001953125 0.0029296875
1 0.677734375 0.4375 0.001953125 0.0029296875
1 0.6884765625 0.4384765625 0.0029296875 0.00390625
1 0.693359375 0.4384765625 0.001953125 0.00390625
1 0.685546875 0.439453125 0.0029296875 0.0048828125
1 0.7177734375 0.4404296875 0.00390625 0.005859375
1 0.7578125 0.4404296875 0.0029296875 0.0048828125
1 0.822265625 0.4423828125 0.00390625 0.005859375
1 0.8408203125 0.4443359375 0.0048828125 0.0068359375
1 0.8486328125 0.4462890625 0.005859375 0.0078125
1 0.8642578125 0.44921875 0.0068359375 0.0087890625
1 0.96484375 0.4501953125 0.0068359375 0.0087890625
1 0.03515625 0.6044921875 0.044921875 0.03515625
1 0.318359375 0.50390625 0.0283203125 0.0341796875
1 0.3857421875 0.474609375 0.0166015625 0.0205078125
1 0.4130859375 0.462890625 0.01171875 0.0146484375
1 0.4287109375 0.4560546875 0.0087890625 0.01171875
1 0.4375 0.4501953125 0.005859375 0.0087890625
1 0.4453125 0.447265625 0.0048828125 0.0078125
1 0.44921875 0.4453125 0.00390625 0.005859375
1 0.455078125 0.443359375 0.00390625 0.005859375
1 0.458984375 0.44140625 0.00390625 0.0048828125
1 0.4638671875 0.439453125 0.0029296875 0.0048828125
1 0.4697265625 0.4384765625 0.001953125 0.00390625
1 0.4892578125 0.4375 0.0029296875 0.00390625
1 0.51171875 0.4375 0.001953125 0.00390625
2 0.609375 0.4375 0.001953125 0.00390625
2 0.6376953125 0.4375 0.001953125 0.00390625
2 0.650390625 0.4375 0.001953125 0.0029296875
2 0.6435546875 0.4384765625 0.001953125 0.00390625
2 0.6396484375 0.439453125 0.0029296875 0.0048828125
2 0.673828125 0.44140625 0.00390625 0.0048828125
2 0.7099609375 0.4423828125 0.00390625 0.005859375
2 0.748046875 0.443359375 0.0048828125 0.005859375
2 0.7529296875 0.4453125 0.0048828125 0.0078125
2 0.7587890625 0.447265625 0.0048828125 0.0078125
2 0.7744140625 0.4501953125 0.0078125 0.009765625
2 0.8427734375 0.4541015625 0.0087890625 0.0107421875
2 0.966796875 0.45703125 0.01171875 0.0146484375
2 0.7119140625 0.4990234375 0.0283203125 0.033203125
2 0.6220703125 0.4716796875 0.015625 0.0205078125
2 0.5888671875 0.4609375 0.0107421875 0.0146484375
2 0.5693359375 0.455078125 0.0078125 0.0107421875
2 0.556640625 0.4501953125 0.0068359375 0.0087890625
2 0.5458984375 0.447265625 0.0048828125 0.0078125
2 0.537109375 0.4443359375 0.0048828125 0.0068359375
2 0.533203125 0.443359375 0.00390625 0.005859375
2 0.5283203125 0.44140625 0.00390625 0.0048828125
2 0.5234375 0.4404296875 0.0029296875 0.00390625
2 0.51953125 0.4384765625 0.0029296875 0.00390625
2 0.541015625 0.4375 0.001953125 0.0029296875
2 0.572265625 0.4375 0.001953125 0.00390625