2 0.7119140625 0.4970703125 0.0283203125 0.033203125
2 0.6279296875 0.4697265625 0.0146484375 0.0185546875
2 0.59765625 0.4599609375 0.0107421875 0.013671875
2 0.6015625 0.453125 0.009765625 0.01171875
2 0.6357421875 0.4501953125 0.0078125 0.009765625
2 0.7158203125 0.4482421875 0.0078125 0.0087890625
2 0.81640625 0.447265625 0.0087890625 0.009765625
2 0.951171875 0.44921875 0.0087890625 0.0107421875
1 0.099609375 0.5986328125 0.0537109375 0.046875
1 0.3486328125 0.5 0.025390625 0.03125
1 0.412109375 0.47265625 0.0146484375 0.0185546875
1 0.439453125 0.4609375 0.0107421875 0.0146484375
1 0.4541015625 0.4541015625 0.0087890625 0.0107421875
1 0.5078125 0.4501953125 0.0068359375 0.0087890625
1 0.576171875 0.447265625 0.005859375 0.0078125
1 0.66796875 0.4453125 0.005859375 0.0078125
1 0.779296875 0.4443359375 0.0068359375 0.0078125
1 0.91796875 0.4453125 0.0078125 0.0087890625