1 0.9892578125 0.4228515625 0.01171875 0.0126953125
1 0.806640625 0.423828125 0.0087890625 0.0107421875
1 0.654296875 0.42578125 0.0087890625 0.0107421875
1 0.5439453125 0.427734375 0.0087890625 0.01171875
1 0.439453125 0.431640625 0.009765625 0.0126953125
1 0.357421875 0.4423828125 0.013671875 0.015625
1 0.3115234375 0.4560546875 0.017578125 0.01953125
1 0.3564453125 0.4736328125 0.0234375 0.0263671875
1 0.4521484375 0.5078125 0.033203125 0.0439453125
2 0.8193359375 0.4638671875 0.02734375 0.03125
2 0.6533203125 0.4501953125 0.0205078125 0.0234375
2 0.5654296875 0.44140625 0.0146484375 0.0185546875
2 0.595703125 0.431640625 0.0126953125 0.0166015625
2 0.7021484375 0.427734375 0.0107421875 0.013671875
2 0.8203125 0.42578125 0.0107421875 0.013671875