2 0.6435546875 0.5078125 0.0322265625 0.037109375
2 0.4267578125 0.482421875 0.01953125 0.0234375
2 0.4384765625 0.46875 0.0126953125 0.017578125
2 0.5087890625 0.458984375 0.009765625 0.015625
2 0.4775390625 0.4521484375 0.0068359375 0.0087890625
2 0.4111328125 0.451171875 0.0068359375 0.0087890625
2 0.3486328125 0.4501953125 0.005859375 0.0078125
2 0.33203125 0.44921875 0.0048828125 0.0068359375
2 0.37109375 0.447265625 0.0048828125 0.0068359375
2 0.4248046875 0.4462890625 0.0048828125 0.005859375
2 0.4921875 0.4453125 0.0048828125 0.0068359375
2 0.5703125 0.4453125 0.00390625 0.005859375
2 0.63671875 0.4453125 0.005859375 0.0068359375
2 0.71484375 0.4462890625 0.005859375 0.0068359375
2 0.7919921875 0.44921875 0.0068359375 0.0087890625
1 0.884765625 0.447265625 0.0068359375 0.0087890625
1 0.80078125 0.4453125 0.005859375 0.0078125
1 0.734375 0.4443359375 0.0048828125 0.0068359375
1 0.66015625 0.4443359375 0.0048828125 0.005859375
1 0.5009765625 0.443359375 0.00390625 0.005859375
1 0.4189453125 0.4443359375 0.00390625 0.005859375
1 0.3369140625 0.4462890625 0.00390625 0.005859375
1 0.2587890625 0.447265625 0.0048828125 0.005859375
1 0.2255859375 0.4501953125 0.005859375 0.0078125
1 0.2529296875 0.4521484375 0.005859375 0.0078125
1 0.31640625 0.4541015625 0.0068359375 0.0087890625
1 0.36328125 0.45703125 0.0087890625 0.0107421875
1 0.298828125 0.46484375 0.0107421875 0.013671875
1 0.150390625 0.4765625 0.017578125 0.01953125
1 0.048828125 0.49609375 0.0283203125 0.029296875
1 0.21484375 0.5302734375 0.0400390625 0.0458984375
0 0.89453125 0.4482421875 0.0126953125 0.021484375