2 0.9248046875 0.451171875 0.00390625 0.005859375
2 0.8720703125 0.4541015625 0.0048828125 0.0068359375
2 0.7958984375 0.537109375 0.0439453125 0.0478515625
2 0.57421875 0.490234375 0.017578125 0.0224609375
2 0.587890625 0.4755859375 0.0126953125 0.015625
2 0.6484375 0.4677734375 0.0087890625 0.01171875
2 0.6787109375 0.462890625 0.0078125 0.009765625
2 0.703125 0.4609375 0.005859375 0.0087890625
2 0.7119140625 0.458984375 0.005859375 0.0078125
2 0.697265625 0.45703125 0.00390625 0.005859375
2 0.6923828125 0.455078125 0.00390625 0.005859375
2 0.7001953125 0.453125 0.00390625 0.005859375
2 0.7294921875 0.453125 0.00390625 0.0048828125
2 0.7529296875 0.4521484375 0.0029296875 0.0048828125
2 0.7568359375 0.451171875 0.0029296875 0.00390625
2 0.7353515625 0.4501953125 0.001953125 0.00390625
2 0.7421875 0.4501953125 0.001953125 0.00390625
2 0.7685546875 0.44921875 0.001953125 0.00390625
2 0.7734375 0.44921875 0.001953125 0.00390625
2 0.748046875 0.4482421875 0.001953125 0.0029296875
2 0.724609375 0.447265625 0.001953125 0.0029296875
2 0.7177734375 0.447265625 0.001953125 0.0029296875
2 0.7353515625 0.447265625 0.001953125 0.0029296875
2 0.7607421875 0.447265625 0.001953125 0.001953125
2 0.79296875 0.447265625 0.0029296875 0.0029296875
2 0.830078125 0.447265625 0.001953125 0.00390625
2 0.8603515625 0.447265625 0.001953125 0.00390625
2 0.88671875 0.4482421875 0.001953125 0.00390625
2 0.900390625 0.4482421875 0.0029296875 0.00390625
1 0.9482421875 0.4482421875 0.0029296875 0.00390625
1 0.6875 0.447265625 0.001953125 0.0029296875
1 0.67578125 0.447265625 0.001953125 0.0029296875
1 0.7119140625 0.4482421875 0.0029296875 0.0029296875
1 0.7275390625 0.4501953125 0.0029296875 0.00390625
1 0.708984375 0.44921875 0.0029296875 0.00390625
1 0.6826171875 0.44921875 0.001953125 0.00390625
1 0.677734375 0.4501953125 0.0029296875 0.00390625
1 0.705078125 0.451171875 0.00390625 0.00390625
1 0.6708984375 0.4521484375 0.00390625 0.0048828125
1 0.6328125 0.453125 0.00390625 0.00390625
1 0.6123046875 0.4541015625 0.00390625 0.005859375
1 0.60546875 0.4580078125 0.005859375 0.0078125
1 0.5888671875 0.4599609375 0.0068359375 0.0087890625
1 0.537109375 0.462890625 0.0078125 0.0087890625
1 0.470703125 0.4677734375 0.009765625 0.01171875
1 0.3955078125 0.4755859375 0.0126953125 0.0146484375
1 0.3291015625 0.490234375 0.017578125 0.0224609375
1 0.2802734375 0.529296875 0.037109375 0.0419921875
2 0.900390625 0.455078125 0.005859375 0.0078125
2 0.9521484375 0.4580078125 0.0078125 0.0087890625
1 0.97265625 0.453125 0.00390625 0.0048828125
1 0.9814453125 0.453125 0.00390625 0.005859375