2 0.0048828125 0.4052734375 0.0078125 0.009765625
2 0.0673828125 0.4091796875 0.0078125 0.0107421875
2 0.16015625 0.416015625 0.009765625 0.01171875
2 0.271484375 0.4248046875 0.0107421875 0.0126953125
2 0.4033203125 0.4345703125 0.0126953125 0.0146484375
2 0.5947265625 0.44921875 0.013671875 0.0166015625
2 0.875 0.4697265625 0.017578125 0.0205078125
2 0.521484375 0.5732421875 0.064453125 0.0732421875
2 0.333984375 0.47265625 0.0263671875 0.0322265625
2 0.24609375 0.443359375 0.0185546875 0.0224609375
2 0.18359375 0.4306640625 0.0146484375 0.017578125
2 0.1044921875 0.4228515625 0.013671875 0.015625
2 0.013671875 0.4169921875 0.013671875 0.0146484375
1 0.01171875 0.400390625 0.005859375 0.0078125
1 0.076171875 0.404296875 0.005859375 0.0078125
1 0.1357421875 0.408203125 0.0078125 0.0087890625
1 0.20703125 0.4130859375 0.0078125 0.0087890625
1 0.2841796875 0.41796875 0.0078125 0.009765625
1 0.3740234375 0.423828125 0.0087890625 0.0107421875
1 0.4921875 0.431640625 0.009765625 0.01171875
1 0.65234375 0.4423828125 0.0107421875 0.0126953125
1 0.869140625 0.4580078125 0.0107421875 0.0146484375