1 0.916015625 0.419921875 0.0078125 0.0087890625
1 0.7763671875 0.4189453125 0.005859375 0.0087890625
1 0.6552734375 0.4189453125 0.005859375 0.0078125
1 0.5673828125 0.4189453125 0.0078125 0.0087890625
1 0.4921875 0.4208984375 0.0087890625 0.0107421875
1 0.447265625 0.4287109375 0.009765625 0.0126953125
1 0.4453125 0.4375 0.01171875 0.0146484375
1 0.52734375 0.4462890625 0.0166015625 0.0185546875
1 0.66015625 0.4599609375 0.0205078125 0.0234375
1 0.830078125 0.490234375 0.033203125 0.0390625
1 0.69921875 0.5634765625 0.060546875 0.0703125
2 0.8388671875 0.4404296875 0.0166015625 0.0205078125
2 0.7099609375 0.4345703125 0.013671875 0.0166015625
2 0.6240234375 0.4287109375 0.009765625 0.0126953125
2 0.6298828125 0.4228515625 0.0078125 0.0107421875
2 0.7060546875 0.4208984375 0.0078125 0.0107421875
2 0.7958984375 0.419921875 0.0078125 0.0107421875
2 0.935546875 0.4208984375 0.0087890625 0.01171875