1 0.8525390625 0.4453125 0.0068359375 0.0078125
1 0.9521484375 0.447265625 0.0078125 0.0087890625
1 0.2294921875 0.578125 0.056640625 0.068359375
1 0.5048828125 0.5087890625 0.029296875 0.03515625
1 0.634765625 0.4794921875 0.017578125 0.0224609375
1 0.685546875 0.4658203125 0.0126953125 0.0166015625
1 0.630859375 0.458984375 0.009765625 0.0126953125
1 0.5537109375 0.455078125 0.0087890625 0.01171875
1 0.4755859375 0.453125 0.0078125 0.009765625
1 0.7861328125 0.4443359375 0.005859375 0.0078125
1 0.7294921875 0.443359375 0.0048828125 0.005859375
1 0.685546875 0.443359375 0.0048828125 0.005859375
1 0.6123046875 0.4423828125 0.0029296875 0.0048828125
1 0.5712890625 0.44140625 0.00390625 0.005859375
1 0.4521484375 0.443359375 0.0029296875 0.0048828125
1 0.4111328125 0.4443359375 0.00390625 0.0048828125
1 0.3662109375 0.4453125 0.00390625 0.0048828125
1 0.314453125 0.4462890625 0.00390625 0.0048828125
1 0.2666015625 0.4482421875 0.00390625 0.005859375
1 0.2294921875 0.44921875 0.00390625 0.005859375
1 0.2197265625 0.4501953125 0.0048828125 0.0068359375
1 0.2255859375 0.4521484375 0.0048828125 0.0078125
1 0.263671875 0.4521484375 0.005859375 0.0078125
1 0.3271484375 0.453125 0.005859375 0.0078125
1 0.404296875 0.453125 0.0068359375 0.0078125
2 0.58984375 0.443359375 0.00390625 0.005859375
2 0.6220703125 0.4443359375 0.00390625 0.005859375
2 0.662109375 0.4453125 0.0048828125 0.0068359375
2 0.7158203125 0.4462890625 0.0048828125 0.0078125
2 0.7734375 0.4482421875 0.0068359375 0.0087890625
2 0.8623046875 0.4501953125 0.0078125 0.009765625
2 0.9970703125 0.4541015625 0.00390625 0.01171875
2 0.5478515625 0.443359375 0.00390625 0.005859375
2 0.4931640625 0.443359375 0.00390625 0.0048828125
2 0.4404296875 0.4443359375 0.00390625 0.005859375
2 0.3828125 0.4462890625 0.00390625 0.005859375
2 0.3310546875 0.447265625 0.00390625 0.005859375
2 0.30078125 0.4482421875 0.0048828125 0.005859375
2 0.306640625 0.44921875 0.0048828125 0.0068359375
2 0.3515625 0.44921875 0.005859375 0.0078125
2 0.4208984375 0.4501953125 0.005859375 0.0078125
2 0.5009765625 0.4501953125 0.0068359375 0.0087890625
2 0.5859375 0.4501953125 0.0068359375 0.0087890625
2 0.666015625 0.4521484375 0.0078125 0.009765625
2 0.7470703125 0.455078125 0.0087890625 0.01171875
2 0.8427734375 0.4599609375 0.01171875 0.0146484375
2 0.931640625 0.4677734375 0.015625 0.0185546875
2 0.9462890625 0.48046875 0.021484375 0.025390625
2 0.982421875 0.5078125 0.033203125 0.037109375
0 0.84375 0.4365234375 0.0078125 0.0126953125