1 0.0517578125 0.4052734375 0.0029296875 0.00390625
1 0.0966796875 0.4072265625 0.0029296875 0.00390625
1 0.1337890625 0.408203125 0.0029296875 0.00390625
1 0.2080078125 0.412109375 0.001953125 0.00390625
1 0.23828125 0.4130859375 0.001953125 0.0029296875
1 0.27734375 0.416015625 0.001953125 0.00390625
1 0.294921875 0.4169921875 0.0029296875 0.0048828125
1 0.314453125 0.4189453125 0.0029296875 0.00390625
1 0.3359375 0.4208984375 0.00390625 0.00390625
1 0.361328125 0.4228515625 0.00390625 0.005859375
1 0.392578125 0.42578125 0.00390625 0.005859375
1 0.4287109375 0.4287109375 0.00390625 0.0048828125
1 0.474609375 0.431640625 0.005859375 0.0068359375
1 0.53125 0.4375 0.0068359375 0.0078125
1 0.60546875 0.443359375 0.0068359375 0.0087890625
1 0.705078125 0.4521484375 0.0078125 0.0107421875
1 0.84375 0.4638671875 0.0107421875 0.0126953125
2 0.4306640625 0.521484375 0.041015625 0.048828125
2 0.2626953125 0.4677734375 0.0224609375 0.0283203125
2 0.1953125 0.4453125 0.015625 0.01953125
2 0.1572265625 0.4345703125 0.01171875 0.0146484375
2 0.1328125 0.4267578125 0.009765625 0.0126953125
2 0.1171875 0.421875 0.0078125 0.0107421875
2 0.10546875 0.41796875 0.0068359375 0.0087890625
2 0.095703125 0.416015625 0.005859375 0.0078125
2 0.0888671875 0.4140625 0.00390625 0.0068359375
2 0.0830078125 0.412109375 0.00390625 0.005859375
2 0.078125 0.4111328125 0.00390625 0.0048828125
2 0.0732421875 0.41015625 0.0029296875 0.0048828125
2 0.0693359375 0.408203125 0.0029296875 0.00390625
2 0.06640625 0.4072265625 0.0029296875 0.00390625
2 0.0859375 0.4072265625 0.0029296875 0.00390625
2 0.12890625 0.4091796875 0.0029296875 0.00390625
2 0.1748046875 0.4111328125 0.0029296875 0.00390625
2 0.203125 0.412109375 0.0029296875 0.0048828125
2 0.2138671875 0.4140625 0.0029296875 0.00390625
2 0.228515625 0.4150390625 0.00390625 0.00390625
2 0.2431640625 0.416015625 0.00390625 0.0048828125
2 0.26171875 0.41796875 0.00390625 0.0048828125
2 0.2841796875 0.419921875 0.00390625 0.005859375
2 0.3095703125 0.4228515625 0.0048828125 0.0068359375
2 0.3408203125 0.42578125 0.005859375 0.0078125
2 0.380859375 0.4296875 0.005859375 0.0078125
2 0.4296875 0.4345703125 0.0078125 0.0087890625
2 0.4970703125 0.44140625 0.0078125 0.0107421875
2 0.591796875 0.451171875 0.0107421875 0.0126953125
2 0.7314453125 0.46484375 0.013671875 0.0166015625
2 0.9580078125 0.486328125 0.0205078125 0.0224609375