1 0.869140625 0.44140625 0.0029296875 0.005859375
1 0.9169921875 0.4423828125 0.0048828125 0.005859375
1 0.982421875 0.443359375 0.005859375 0.0078125
1 0.2294921875 0.552734375 0.046875 0.05859375
1 0.3544921875 0.4921875 0.0244140625 0.0283203125
1 0.4052734375 0.46875 0.0126953125 0.0166015625
1 0.451171875 0.4599609375 0.009765625 0.0126953125
1 0.5009765625 0.4560546875 0.0087890625 0.0107421875
1 0.5654296875 0.453125 0.0078125 0.0087890625
1 0.6328125 0.4501953125 0.005859375 0.0087890625
1 0.6796875 0.447265625 0.0048828125 0.0078125
1 0.671875 0.4462890625 0.0048828125 0.005859375
1 0.642578125 0.4443359375 0.00390625 0.005859375
1 0.6025390625 0.443359375 0.00390625 0.005859375
1 0.8349609375 0.4404296875 0.00390625 0.0048828125
1 0.7783203125 0.439453125 0.0029296875 0.00390625
1 0.7333984375 0.4384765625 0.0029296875 0.00390625
1 0.7041015625 0.4384765625 0.001953125 0.00390625
1 0.65234375 0.4384765625 0.001953125 0.001953125
1 0.6123046875 0.4384765625 0.0029296875 0.0029296875
1 0.5810546875 0.4384765625 0.0029296875 0.00390625
1 0.5478515625 0.439453125 0.001953125 0.0029296875
1 0.5126953125 0.4404296875 0.001953125 0.00390625
1 0.4814453125 0.4404296875 0.0029296875 0.00390625
1 0.4609375 0.4423828125 0.00390625 0.0048828125
1 0.4560546875 0.44140625 0.00390625 0.0048828125
1 0.4833984375 0.4423828125 0.0029296875 0.0048828125
1 0.5205078125 0.443359375 0.0029296875 0.0048828125
1 0.564453125 0.443359375 0.00390625 0.005859375
2 0.708984375 0.439453125 0.0029296875 0.00390625
2 0.7275390625 0.439453125 0.0029296875 0.0048828125
2 0.748046875 0.4404296875 0.00390625 0.0048828125
2 0.775390625 0.44140625 0.0029296875 0.0048828125
2 0.802734375 0.44140625 0.00390625 0.0048828125
2 0.841796875 0.443359375 0.0048828125 0.0068359375
2 0.89453125 0.4443359375 0.0048828125 0.0068359375
2 0.9765625 0.447265625 0.0068359375 0.0087890625
2 0.6806640625 0.439453125 0.001953125 0.00390625
2 0.6396484375 0.439453125 0.0029296875 0.00390625
2 0.6005859375 0.439453125 0.001953125 0.00390625
2 0.55859375 0.4404296875 0.0029296875 0.00390625
2 0.5234375 0.4404296875 0.0029296875 0.00390625
2 0.50390625 0.44140625 0.0029296875 0.00390625
2 0.5078125 0.44140625 0.0029296875 0.00390625
2 0.5361328125 0.4423828125 0.0029296875 0.00390625
2 0.578125 0.44140625 0.0029296875 0.0048828125
2 0.6259765625 0.4423828125 0.00390625 0.0048828125
2 0.67578125 0.4423828125 0.00390625 0.0048828125
2 0.7158203125 0.443359375 0.0048828125 0.005859375
2 0.748046875 0.4453125 0.0048828125 0.0068359375
2 0.7763671875 0.447265625 0.0048828125 0.0078125
2 0.7802734375 0.4482421875 0.005859375 0.0078125
2 0.740234375 0.451171875 0.0078125 0.009765625
2 0.6923828125 0.453125 0.0078125 0.0107421875
2 0.626953125 0.4580078125 0.0087890625 0.01171875
2 0.59765625 0.4638671875 0.01171875 0.015625
2 0.626953125 0.4736328125 0.015625 0.0205078125
2 0.7060546875 0.4951171875 0.0263671875 0.0302734375
2 0.9892578125 0.5830078125 0.0205078125 0.06640625
0 0.8662109375 0.439453125 0.005859375 0.009765625
0 0.873046875 0.439453125 0.005859375 0.009765625
0 0.798828125 0.439453125 0.0048828125 0.0107421875
0 0.8046875 0.4404296875 0.0068359375 0.0107421875