2 0.9736328125 0.5849609375 0.0517578125 0.0751953125
2 0.76953125 0.498046875 0.0283203125 0.0322265625
2 0.6962890625 0.4697265625 0.015625 0.01953125
2 0.6669921875 0.4580078125 0.0107421875 0.013671875
2 0.6513671875 0.4521484375 0.0078125 0.0107421875
2 0.638671875 0.4482421875 0.005859375 0.0087890625
2 0.6298828125 0.4453125 0.0048828125 0.0068359375
2 0.6259765625 0.443359375 0.00390625 0.005859375
2 0.6337890625 0.44140625 0.00390625 0.005859375
2 0.6572265625 0.4404296875 0.00390625 0.0048828125
2 0.7080078125 0.439453125 0.00390625 0.005859375
2 0.765625 0.439453125 0.00390625 0.005859375
2 0.8310546875 0.439453125 0.00390625 0.005859375
2 0.8583984375 0.4404296875 0.005859375 0.0068359375
2 0.87109375 0.44140625 0.005859375 0.0068359375
2 0.8671875 0.4443359375 0.005859375 0.0087890625
2 0.8349609375 0.447265625 0.0068359375 0.009765625
2 0.8125 0.4501953125 0.0078125 0.0107421875
2 0.8017578125 0.455078125 0.0107421875 0.013671875
2 0.8388671875 0.4599609375 0.0126953125 0.0146484375
2 0.9248046875 0.466796875 0.017578125 0.0185546875
1 0.30078125 0.5341796875 0.0419921875 0.048828125
1 0.4375 0.484375 0.0205078125 0.0244140625
1 0.4853515625 0.4677734375 0.0126953125 0.017578125
1 0.5087890625 0.458984375 0.009765625 0.0126953125
1 0.5244140625 0.453125 0.0078125 0.0107421875
1 0.5341796875 0.4482421875 0.0068359375 0.0087890625
1 0.54296875 0.4462890625 0.0048828125 0.0078125
1 0.5498046875 0.4443359375 0.00390625 0.005859375
1 0.5546875 0.44140625 0.00390625 0.005859375
1 0.583984375 0.4404296875 0.00390625 0.00390625
1 0.6865234375 0.4384765625 0.0029296875 0.0048828125
1 0.7568359375 0.4384765625 0.00390625 0.0048828125
1 0.837890625 0.4384765625 0.00390625 0.0048828125
1 0.8955078125 0.4384765625 0.00390625 0.005859375
1 0.9482421875 0.439453125 0.005859375 0.0068359375
1 0.98828125 0.443359375 0.0078125 0.0087890625
1 0.9658203125 0.4462890625 0.0078125 0.0087890625
1 0.955078125 0.4501953125 0.009765625 0.01171875
1 0.9814453125 0.455078125 0.0126953125 0.013671875