2 0.8427734375 0.533203125 0.0478515625 0.05078125
2 0.6591796875 0.4853515625 0.021484375 0.0263671875
2 0.546875 0.4697265625 0.0146484375 0.0185546875
2 0.4169921875 0.4609375 0.01171875 0.0146484375
2 0.3046875 0.4580078125 0.0107421875 0.01171875
2 0.2001953125 0.4560546875 0.0087890625 0.0107421875
2 0.1015625 0.4541015625 0.0087890625 0.0107421875
2 0.0625 0.4521484375 0.0078125 0.009765625
2 0.060546875 0.447265625 0.005859375 0.0078125
2 0.06640625 0.447265625 0.0048828125 0.0068359375
2 0.0693359375 0.4453125 0.0048828125 0.005859375
2 0.0732421875 0.4423828125 0.00390625 0.005859375
2 0.0771484375 0.4404296875 0.00390625 0.0048828125
2 0.087890625 0.439453125 0.0029296875 0.00390625
2 0.109375 0.4384765625 0.0029296875 0.00390625
2 0.1484375 0.4384765625 0.0029296875 0.00390625
2 0.1865234375 0.4384765625 0.0029296875 0.00390625
2 0.2275390625 0.4384765625 0.0029296875 0.00390625
2 0.21484375 0.4384765625 0.0029296875 0.00390625
2 0.185546875 0.4404296875 0.0029296875 0.00390625
2 0.16015625 0.44140625 0.0029296875 0.0048828125
2 0.1416015625 0.4423828125 0.00390625 0.005859375
2 0.15625 0.4443359375 0.00390625 0.005859375
2 0.197265625 0.4443359375 0.0048828125 0.005859375
2 0.25390625 0.4443359375 0.0048828125 0.0068359375
2 0.3115234375 0.4453125 0.005859375 0.0078125
2 0.375 0.4462890625 0.005859375 0.0078125
2 0.4228515625 0.4482421875 0.0068359375 0.0087890625
2 0.4794921875 0.451171875 0.0078125 0.0107421875
2 0.560546875 0.455078125 0.0087890625 0.01171875
2 0.6728515625 0.4609375 0.0126953125 0.0146484375
2 0.8671875 0.4716796875 0.0185546875 0.0205078125
1 0.271484375 0.5595703125 0.0546875 0.0615234375
1 0.341796875 0.490234375 0.0234375 0.02734375
1 0.2734375 0.470703125 0.015625 0.017578125
1 0.19140625 0.46484375 0.0126953125 0.013671875
1 0.0419921875 0.4619140625 0.0126953125 0.013671875
1 0.0029296875 0.4423828125 0.00390625 0.0048828125
1 0.0107421875 0.44140625 0.0029296875 0.00390625
1 0.017578125 0.44140625 0.0029296875 0.00390625
1 0.0234375 0.4404296875 0.0029296875 0.00390625
1 0.0498046875 0.439453125 0.001953125 0.00390625
1 0.1376953125 0.4375 0.001953125 0.00390625
1 0.2353515625 0.4375 0.001953125 0.00390625
1 0.259765625 0.4375 0.001953125 0.0029296875
1 0.2744140625 0.4375 0.001953125 0.0029296875
1 0.28515625 0.4384765625 0.0029296875 0.0029296875
1 0.2685546875 0.4384765625 0.0029296875 0.00390625
1 0.24609375 0.439453125 0.0029296875 0.00390625
1 0.220703125 0.4404296875 0.0029296875 0.0048828125
1 0.212890625 0.44140625 0.00390625 0.0048828125
1 0.2177734375 0.4423828125 0.0029296875 0.0048828125
1 0.2509765625 0.443359375 0.00390625 0.005859375
1 0.37890625 0.443359375 0.0048828125 0.005859375
1 0.4443359375 0.4443359375 0.0048828125 0.0068359375
1 0.4931640625 0.4462890625 0.005859375 0.0078125
1 0.5595703125 0.44921875 0.005859375 0.0078125
1 0.6416015625 0.451171875 0.0087890625 0.0107421875
1 0.7705078125 0.45703125 0.0107421875 0.0126953125
1 0.9716796875 0.462890625 0.015625 0.0166015625