2 0.8779296875 0.4521484375 0.0234375 0.025390625
2 0.7275390625 0.4423828125 0.015625 0.0185546875
2 0.6376953125 0.435546875 0.0107421875 0.013671875
2 0.6259765625 0.4306640625 0.0087890625 0.0107421875
2 0.6494140625 0.4248046875 0.0068359375 0.0087890625
2 0.669921875 0.421875 0.005859375 0.0078125
2 0.6865234375 0.4189453125 0.0048828125 0.0068359375
2 0.7001953125 0.416015625 0.00390625 0.005859375
2 0.708984375 0.4140625 0.00390625 0.005859375
2 0.716796875 0.4130859375 0.0029296875 0.00390625
2 0.7236328125 0.412109375 0.0029296875 0.00390625
2 0.7294921875 0.41015625 0.001953125 0.00390625
2 0.7412109375 0.4091796875 0.001953125 0.00390625
2 0.763671875 0.408203125 0.0029296875 0.00390625
2 0.8037109375 0.40625 0.0029296875 0.0048828125
2 0.8466796875 0.4052734375 0.0029296875 0.00390625
2 0.88671875 0.4033203125 0.0029296875 0.00390625
2 0.89453125 0.4033203125 0.0029296875 0.0048828125
2 0.8896484375 0.4052734375 0.00390625 0.00390625
2 0.869140625 0.4052734375 0.0029296875 0.00390625
2 0.830078125 0.4091796875 0.00390625 0.005859375
2 0.796875 0.4111328125 0.00390625 0.005859375
2 0.76953125 0.4140625 0.0048828125 0.0068359375
2 0.77734375 0.4150390625 0.0048828125 0.0068359375
2 0.8193359375 0.416015625 0.005859375 0.0087890625
2 0.888671875 0.416015625 0.0078125 0.009765625
2 0.9794921875 0.416015625 0.0087890625 0.01171875
1 0.6337890625 0.517578125 0.0419921875 0.048828125
1 0.626953125 0.466796875 0.0224609375 0.025390625
1 0.5146484375 0.451171875 0.0146484375 0.017578125
1 0.4755859375 0.443359375 0.0107421875 0.0126953125
1 0.4794921875 0.4375 0.0078125 0.009765625
1 0.5224609375 0.431640625 0.0068359375 0.0087890625
1 0.5595703125 0.4267578125 0.005859375 0.0078125
1 0.58984375 0.4228515625 0.005859375 0.0068359375
1 0.61328125 0.419921875 0.00390625 0.0068359375
1 0.6298828125 0.41796875 0.00390625 0.005859375
1 0.6455078125 0.416015625 0.00390625 0.0048828125
1 0.658203125 0.4150390625 0.0029296875 0.0048828125
1 0.669921875 0.4130859375 0.0029296875 0.00390625
1 0.6796875 0.412109375 0.001953125 0.00390625
1 0.6884765625 0.4111328125 0.001953125 0.00390625
1 0.7138671875 0.41015625 0.001953125 0.0029296875
1 0.748046875 0.408203125 0.001953125 0.0029296875
1 0.7958984375 0.40625 0.001953125 0.00390625
1 0.8505859375 0.404296875 0.0029296875 0.00390625
1 0.9091796875 0.40234375 0.0029296875 0.0048828125
1 0.9599609375 0.40234375 0.0029296875 0.0029296875
1 0.97265625 0.40234375 0.00390625 0.00390625
1 0.9453125 0.404296875 0.0029296875 0.00390625
1 0.908203125 0.40625 0.00390625 0.005859375
1 0.869140625 0.4091796875 0.00390625 0.005859375
1 0.8564453125 0.4111328125 0.005859375 0.0068359375
1 0.8974609375 0.412109375 0.005859375 0.0078125
1 0.98828125 0.4111328125 0.0078125 0.0087890625