2 0.0732421875 0.4560546875 0.0087890625 0.01171875
2 0.08203125 0.453125 0.005859375 0.0087890625
2 0.05078125 0.4521484375 0.005859375 0.0087890625
2 0.0400390625 0.4501953125 0.005859375 0.0078125
2 0.1044921875 0.4453125 0.005859375 0.0078125
2 0.169921875 0.44140625 0.00390625 0.005859375
2 0.1962890625 0.4375 0.0029296875 0.0048828125
2 0.171875 0.4384765625 0.00390625 0.0048828125
2 0.16015625 0.4375 0.00390625 0.0048828125
2 0.1923828125 0.435546875 0.0029296875 0.00390625
2 0.2265625 0.4326171875 0.001953125 0.00390625
2 0.2451171875 0.431640625 0.001953125 0.00390625
2 0.2373046875 0.4306640625 0.001953125 0.00390625
2 0.2197265625 0.4306640625 0.001953125 0.0029296875
2 0.208984375 0.4306640625 0.001953125 0.0029296875
2 0.232421875 0.4296875 0.001953125 0.0029296875
2 0.25390625 0.427734375 0.001953125 0.0029296875
2 0.263671875 0.4267578125 0.001953125 0.0029296875
2 0.2578125 0.4267578125 0.001953125 0.0029296875
2 0.2705078125 0.42578125 0.0029296875 0.00390625
2 0.29296875 0.423828125 0.001953125 0.001953125
2 0.3447265625 0.421875 0.001953125 0.0029296875
2 0.3525390625 0.421875 0.001953125 0.0029296875
2 0.3662109375 0.42578125 0.001953125 0.0029296875
2 0.3505859375 0.427734375 0.001953125 0.00390625
2 0.3388671875 0.427734375 0.0029296875 0.00390625
2 0.3486328125 0.4287109375 0.0029296875 0.00390625
2 0.37109375 0.427734375 0.0029296875 0.0048828125
2 0.3818359375 0.427734375 0.00390625 0.0048828125
2 0.388671875 0.4296875 0.00390625 0.005859375
2 0.396484375 0.4296875 0.00390625 0.0068359375
2 0.40625 0.431640625 0.0048828125 0.0068359375
2 0.41796875 0.43359375 0.005859375 0.0078125
2 0.4345703125 0.4365234375 0.0078125 0.0107421875
2 0.4560546875 0.439453125 0.0087890625 0.0126953125
2 0.4833984375 0.4443359375 0.01171875 0.0146484375
2 0.53125 0.4521484375 0.0146484375 0.0185546875
2 0.603515625 0.46484375 0.0224609375 0.0263671875
2 0.85546875 0.5068359375 0.048828125 0.052734375
1 0.017578125 0.4697265625 0.013671875 0.015625
1 0.177734375 0.455078125 0.009765625 0.01171875
1 0.2333984375 0.447265625 0.0078125 0.0107421875
1 0.22265625 0.4443359375 0.0068359375 0.0087890625
1 0.1806640625 0.4453125 0.0048828125 0.0078125
1 0.162109375 0.4443359375 0.005859375 0.0068359375
1 0.203125 0.4404296875 0.00390625 0.005859375
1 0.2578125 0.4365234375 0.00390625 0.005859375
1 0.2783203125 0.4345703125 0.00390625 0.005859375
1 0.2705078125 0.4326171875 0.0029296875 0.00390625
1 0.23828125 0.4345703125 0.0029296875 0.00390625
1 0.228515625 0.4345703125 0.0029296875 0.00390625
1 0.2490234375 0.4326171875 0.0029296875 0.00390625
1 0.2841796875 0.4296875 0.001953125 0.00390625
1 0.2939453125 0.4287109375 0.001953125 0.00390625
1 0.2900390625 0.4287109375 0.001953125 0.0029296875
1 0.2666015625 0.4287109375 0.001953125 0.0029296875
1 0.2578125 0.4287109375 0.001953125 0.0029296875
1 0.2724609375 0.427734375 0.001953125 0.0029296875
1 0.294921875 0.42578125 0.001953125 0.00390625
1 0.302734375 0.42578125 0.001953125 0.0029296875
1 0.2978515625 0.42578125 0.0029296875 0.0029296875
1 0.28515625 0.4248046875 0.001953125 0.0029296875
1 0.3076171875 0.423828125 0.001953125 0.001953125
1 0.3212890625 0.4228515625 0.001953125 0.0029296875
1 0.328125 0.421875 0.001953125 0.0029296875
1 0.330078125 0.423828125 0.0029296875 0.0029296875
1 0.3310546875 0.42578125 0.0029296875 0.00390625
1 0.33203125 0.427734375 0.001953125 0.00390625
1 0.330078125 0.427734375 0.00390625 0.0048828125
1 0.3046875 0.4296875 0.001953125 0.0029296875
1 0.296875 0.4306640625 0.001953125 0.00390625
1 0.3017578125 0.4306640625 0.001953125 0.00390625
1 0.3154296875 0.4306640625 0.0029296875 0.00390625
1 0.3271484375 0.431640625 0.0029296875 0.0048828125
1 0.33203125 0.431640625 0.00390625 0.0048828125
1 0.3330078125 0.4375 0.00390625 0.0068359375
1 0.3359375 0.4404296875 0.005859375 0.0078125
1 0.3369140625 0.4453125 0.0068359375 0.009765625
1 0.337890625 0.4541015625 0.0087890625 0.0126953125
1 0.361328125 0.5341796875 0.0166015625 0.0234375
1 0.3486328125 0.4833984375 0.0224609375 0.029296875
1 0.3623046875 0.5517578125 0.0517578125 0.0615234375