2 0.6123046875 0.484375 0.0224609375 0.0244140625
1 0.337890625 0.5205078125 0.033203125 0.0390625
2 0.8251953125 0.51171875 0.0341796875 0.0380859375
2 0.4541015625 0.4755859375 0.015625 0.01953125
2 0.330078125 0.4697265625 0.013671875 0.0166015625
1 0.244140625 0.494140625 0.0224609375 0.0263671875
2 0.2060546875 0.4677734375 0.0126953125 0.0146484375
2 0.0576171875 0.46875 0.0126953125 0.013671875
2 0.7646484375 0.4658203125 0.013671875 0.0166015625
2 0.5908203125 0.4619140625 0.0107421875 0.0126953125
1 0.111328125 0.482421875 0.01953125 0.0205078125
2 0.404296875 0.45703125 0.0078125 0.0107421875
1 0.83984375 0.4580078125 0.01171875 0.0126953125
1 0.037109375 0.455078125 0.005859375 0.0068359375
2 0.3349609375 0.4560546875 0.0078125 0.0087890625
1 0.419921875 0.4521484375 0.005859375 0.0078125
1 0.3671875 0.4521484375 0.005859375 0.0078125
2 0.28515625 0.4541015625 0.005859375 0.0087890625
2 0.1845703125 0.453125 0.005859375 0.0078125
2 0.4775390625 0.458984375 0.0078125 0.01171875
2 0.2421875 0.453125 0.005859375 0.0078125
2 0.1005859375 0.455078125 0.005859375 0.0078125
1 0.22265625 0.451171875 0.00390625 0.005859375
1 0.2763671875 0.451171875 0.00390625 0.005859375
1 0.125 0.453125 0.0048828125 0.005859375
2 0.0068359375 0.45703125 0.005859375 0.0078125
1 0.6796875 0.453125 0.0068359375 0.0107421875
2 0.4853515625 0.455078125 0.005859375 0.0087890625
0 0.46875 0.4560546875 0.0087890625 0.0205078125
0 0.4853515625 0.455078125 0.01171875 0.0205078125