1 0.931640625 0.4765625 0.005859375 0.0087890625
2 0.9609375 0.48046875 0.0068359375 0.0087890625
1 0.814453125 0.4697265625 0.005859375 0.0078125
1 0.7060546875 0.4619140625 0.005859375 0.0078125
1 0.611328125 0.4560546875 0.005859375 0.0078125
1 0.5283203125 0.4501953125 0.0048828125 0.0068359375
1 0.4580078125 0.4462890625 0.0048828125 0.0068359375
1 0.39453125 0.44140625 0.00390625 0.005859375
1 0.333984375 0.4375 0.00390625 0.005859375
1 0.2744140625 0.43359375 0.00390625 0.005859375
1 0.21484375 0.4306640625 0.00390625 0.005859375
1 0.1630859375 0.4306640625 0.0048828125 0.005859375
1 0.130859375 0.431640625 0.0048828125 0.0068359375
1 0.1240234375 0.4345703125 0.005859375 0.0078125
1 0.1171875 0.44140625 0.0078125 0.009765625
1 0.1669921875 0.447265625 0.0107421875 0.0126953125
1 0.11328125 0.453125 0.0146484375 0.0166015625
1 0.0107421875 0.466796875 0.0205078125 0.025390625
2 0.5146484375 0.5693359375 0.0537109375 0.06640625
2 0.34375 0.4931640625 0.025390625 0.03125
2 0.2685546875 0.466796875 0.0166015625 0.021484375
2 0.29296875 0.4580078125 0.0126953125 0.0166015625
2 0.3271484375 0.4521484375 0.0107421875 0.0126953125
2 0.3134765625 0.447265625 0.0087890625 0.0107421875
2 0.2578125 0.4423828125 0.0078125 0.009765625
2 0.2333984375 0.4384765625 0.0068359375 0.0087890625
2 0.2158203125 0.4365234375 0.005859375 0.0078125
2 0.21875 0.43359375 0.0048828125 0.0068359375
2 0.2529296875 0.43359375 0.0048828125 0.0068359375
2 0.2919921875 0.4365234375 0.0048828125 0.0068359375
2 0.8232421875 0.4716796875 0.0078125 0.009765625
2 0.6923828125 0.462890625 0.0068359375 0.009765625
2 0.58203125 0.4560546875 0.0068359375 0.0087890625
2 0.4912109375 0.44921875 0.005859375 0.0078125
2 0.4091796875 0.4443359375 0.005859375 0.0078125
0 0.921875 0.4736328125 0.0107421875 0.0146484375
0 0.939453125 0.4736328125 0.0087890625 0.0166015625
0 0.951171875 0.4775390625 0.0107421875 0.0166015625
0 0.9716796875 0.478515625 0.0107421875 0.0166015625