1 0.4462890625 0.423828125 0.0029296875 0.0048828125
1 0.4873046875 0.4267578125 0.00390625 0.005859375
1 0.541015625 0.4306640625 0.00390625 0.005859375
1 0.6123046875 0.435546875 0.0048828125 0.0068359375
1 0.69140625 0.4404296875 0.005859375 0.0078125
1 0.783203125 0.4482421875 0.005859375 0.0078125
1 0.865234375 0.455078125 0.0087890625 0.0107421875
1 0.94921875 0.4638671875 0.01171875 0.0126953125
1 0.1064453125 0.4287109375 0.01171875 0.0126953125
1 0.2060546875 0.4267578125 0.0087890625 0.0107421875
1 0.265625 0.4248046875 0.0068359375 0.0087890625
1 0.2529296875 0.421875 0.005859375 0.0078125
1 0.2138671875 0.41796875 0.005859375 0.0068359375
1 0.16015625 0.4140625 0.005859375 0.0068359375
1 0.4140625 0.421875 0.00390625 0.0048828125
1 0.3115234375 0.4150390625 0.001953125 0.00390625
1 0.279296875 0.4130859375 0.001953125 0.00390625
1 0.2197265625 0.41015625 0.001953125 0.00390625
1 0.1689453125 0.408203125 0.0029296875 0.00390625
1 0.126953125 0.40625 0.00390625 0.0048828125
1 0.0791015625 0.4052734375 0.00390625 0.0048828125
1 0.0234375 0.4033203125 0.00390625 0.0048828125
1 0.0341796875 0.408203125 0.005859375 0.0068359375
1 0.103515625 0.4111328125 0.0048828125 0.0068359375
2 0.2861328125 0.4140625 0.0029296875 0.00390625
2 0.3076171875 0.416015625 0.00390625 0.0048828125
2 0.3310546875 0.41796875 0.00390625 0.0048828125
2 0.359375 0.419921875 0.00390625 0.005859375
2 0.3876953125 0.421875 0.00390625 0.005859375
2 0.4267578125 0.4248046875 0.0048828125 0.0068359375
2 0.4765625 0.4287109375 0.0048828125 0.0068359375
2 0.546875 0.43359375 0.005859375 0.0078125
2 0.6298828125 0.439453125 0.0068359375 0.0087890625
2 0.703125 0.4462890625 0.0078125 0.0107421875
2 0.7890625 0.4580078125 0.0107421875 0.013671875
2 0.978515625 0.4755859375 0.0166015625 0.017578125
2 0.2548828125 0.4130859375 0.0029296875 0.00390625
2 0.2060546875 0.41015625 0.0029296875 0.00390625
2 0.1552734375 0.408203125 0.00390625 0.0048828125
2 0.095703125 0.40625 0.00390625 0.0048828125
2 0.041015625 0.4052734375 0.00390625 0.0048828125
2 0.0087890625 0.404296875 0.00390625 0.005859375
2 0.015625 0.4052734375 0.0048828125 0.005859375
2 0.060546875 0.408203125 0.0048828125 0.005859375
2 0.1240234375 0.41015625 0.0048828125 0.005859375
2 0.1904296875 0.4140625 0.0048828125 0.005859375
2 0.25390625 0.416015625 0.0048828125 0.0068359375
2 0.3017578125 0.419921875 0.0048828125 0.0068359375
2 0.3388671875 0.423828125 0.005859375 0.0078125
2 0.3720703125 0.4267578125 0.005859375 0.0078125
2 0.3798828125 0.4296875 0.0068359375 0.0087890625
2 0.341796875 0.431640625 0.0087890625 0.0107421875
2 0.291015625 0.4345703125 0.0107421875 0.0126953125
2 0.208984375 0.439453125 0.0146484375 0.0166015625
2 0.1669921875 0.453125 0.0205078125 0.0244140625
2 0.2333984375 0.478515625 0.03125 0.0341796875
2 0.44921875 0.5517578125 0.056640625 0.064453125
0 0.3837890625 0.419921875 0.0048828125 0.0107421875
0 0.3896484375 0.419921875 0.005859375 0.0126953125
0 0.443359375 0.421875 0.00390625 0.0107421875
0 0.44921875 0.421875 0.005859375 0.0107421875