1 0.6171875 0.4482421875 0.0078125 0.009765625
1 0.73046875 0.4580078125 0.009765625 0.01171875
1 0.892578125 0.4716796875 0.0126953125 0.0146484375
1 0.0595703125 0.416015625 0.0068359375 0.0078125
1 0.1552734375 0.4189453125 0.005859375 0.0068359375
1 0.2294921875 0.421875 0.0048828125 0.005859375
1 0.3046875 0.4248046875 0.00390625 0.005859375
1 0.3671875 0.427734375 0.0048828125 0.005859375
1 0.419921875 0.431640625 0.0048828125 0.0068359375
1 0.4697265625 0.435546875 0.005859375 0.0078125
1 0.533203125 0.44140625 0.0068359375 0.0087890625
2 0.3408203125 0.4296875 0.005859375 0.0078125
2 0.384765625 0.43359375 0.0068359375 0.0087890625
2 0.44140625 0.439453125 0.0078125 0.0107421875
2 0.51953125 0.447265625 0.0087890625 0.0126953125
2 0.630859375 0.4580078125 0.0107421875 0.0146484375
2 0.8056640625 0.4755859375 0.013671875 0.017578125
2 0.5986328125 0.5927734375 0.056640625 0.060546875
2 0.2734375 0.4892578125 0.0322265625 0.037109375
2 0.177734375 0.455078125 0.0205078125 0.0244140625
2 0.12890625 0.4404296875 0.0146484375 0.017578125
2 0.1005859375 0.4306640625 0.01171875 0.013671875
2 0.08203125 0.4248046875 0.009765625 0.01171875
2 0.0703125 0.4208984375 0.0078125 0.009765625
2 0.1083984375 0.419921875 0.005859375 0.0087890625
2 0.1884765625 0.421875 0.005859375 0.0078125
2 0.271484375 0.4248046875 0.005859375 0.0078125