1 0.234375 0.5517578125 0.0498046875 0.0546875
1 0.36328125 0.4951171875 0.021484375 0.02734375
1 0.408203125 0.4775390625 0.0146484375 0.017578125
1 0.4306640625 0.4677734375 0.0107421875 0.013671875
1 0.4443359375 0.4619140625 0.0078125 0.009765625
1 0.453125 0.458984375 0.005859375 0.0078125
1 0.4599609375 0.4560546875 0.0048828125 0.0068359375
1 0.4638671875 0.4541015625 0.00390625 0.005859375
1 0.46875 0.4521484375 0.00390625 0.0048828125
1 0.47265625 0.4501953125 0.0029296875 0.00390625
1 0.4765625 0.44921875 0.0029296875 0.00390625
1 0.49609375 0.4482421875 0.001953125 0.00390625
1 0.52734375 0.4482421875 0.001953125 0.00390625
1 0.5625 0.447265625 0.001953125 0.00390625
1 0.59375 0.447265625 0.001953125 0.00390625
1 0.6298828125 0.4482421875 0.001953125 0.0029296875
1 0.697265625 0.44921875 0.001953125 0.00390625
1 0.7255859375 0.44921875 0.0029296875 0.00390625
1 0.74609375 0.4501953125 0.0029296875 0.0048828125
1 0.7705078125 0.451171875 0.00390625 0.0048828125
1 0.7998046875 0.453125 0.00390625 0.005859375
1 0.8369140625 0.4541015625 0.0048828125 0.0068359375
1 0.8828125 0.4560546875 0.005859375 0.0078125
1 0.9462890625 0.458984375 0.0068359375 0.0078125
2 0.93359375 0.5478515625 0.048828125 0.052734375
2 0.72265625 0.4951171875 0.0224609375 0.025390625
2 0.6513671875 0.4775390625 0.0146484375 0.0185546875
2 0.6142578125 0.4677734375 0.0107421875 0.013671875
2 0.591796875 0.4619140625 0.0078125 0.0107421875
2 0.5771484375 0.458984375 0.005859375 0.0087890625
2 0.5673828125 0.4560546875 0.005859375 0.0078125
2 0.5595703125 0.4541015625 0.00390625 0.0068359375
2 0.552734375 0.4521484375 0.00390625 0.005859375
2 0.5478515625 0.451171875 0.0029296875 0.0048828125
2 0.54296875 0.4501953125 0.0029296875 0.00390625
2 0.5390625 0.44921875 0.0029296875 0.00390625
2 0.5546875 0.44921875 0.0029296875 0.00390625
2 0.5908203125 0.4482421875 0.0029296875 0.00390625
2 0.6328125 0.44921875 0.0029296875 0.0048828125
2 0.6630859375 0.44921875 0.00390625 0.0048828125
2 0.67578125 0.4501953125 0.00390625 0.0048828125
2 0.6943359375 0.451171875 0.00390625 0.0048828125
2 0.7158203125 0.453125 0.0048828125 0.005859375
2 0.7431640625 0.4541015625 0.0048828125 0.0068359375
2 0.77734375 0.4560546875 0.005859375 0.0078125
2 0.822265625 0.458984375 0.0078125 0.0087890625
2 0.8857421875 0.462890625 0.0087890625 0.0107421875
2 0.9814453125 0.46875 0.01171875 0.013671875