2 0.43359375 0.5419921875 0.0537109375 0.060546875
2 0.22265625 0.4638671875 0.025390625 0.029296875
2 0.1552734375 0.4375 0.0166015625 0.0205078125
2 0.123046875 0.42578125 0.0126953125 0.015625
2 0.0986328125 0.41796875 0.009765625 0.0126953125
2 0.0830078125 0.4130859375 0.0078125 0.0107421875
2 0.07421875 0.408203125 0.0068359375 0.0087890625
2 0.0859375 0.40625 0.005859375 0.0087890625
2 0.119140625 0.40625 0.005859375 0.0068359375
2 0.1845703125 0.4072265625 0.0048828125 0.0068359375
2 0.2529296875 0.41015625 0.0048828125 0.005859375
2 0.36328125 0.41796875 0.0048828125 0.0078125
2 0.33984375 0.423828125 0.0068359375 0.009765625
2 0.3251953125 0.4296875 0.009765625 0.0146484375
2 0.37890625 0.443359375 0.0146484375 0.0185546875
2 0.4814453125 0.4560546875 0.0166015625 0.0205078125
2 0.7314453125 0.4755859375 0.0224609375 0.025390625
1 0.072265625 0.40234375 0.00390625 0.005859375
1 0.15625 0.4052734375 0.0048828125 0.005859375
1 0.240234375 0.408203125 0.00390625 0.005859375
1 0.322265625 0.4111328125 0.00390625 0.0048828125
1 0.375 0.4140625 0.00390625 0.005859375
1 0.4208984375 0.41796875 0.0048828125 0.005859375
1 0.46484375 0.4208984375 0.005859375 0.0068359375
1 0.4609375 0.4228515625 0.005859375 0.0078125
1 0.451171875 0.42578125 0.0068359375 0.0087890625
1 0.455078125 0.431640625 0.0087890625 0.0107421875
1 0.48828125 0.4375 0.0107421875 0.013671875
1 0.5703125 0.447265625 0.013671875 0.015625
1 0.7568359375 0.4619140625 0.0146484375 0.017578125
2 0.3251953125 0.435546875 0.0087890625 0.0146484375
2 0.3046875 0.412109375 0.0048828125 0.0078125