2 0.42578125 0.4228515625 0.0068359375 0.0087890625
2 0.4814453125 0.42578125 0.0068359375 0.0087890625
2 0.5361328125 0.431640625 0.0078125 0.0107421875
2 0.57421875 0.4384765625 0.009765625 0.0126953125
2 0.609375 0.4462890625 0.0126953125 0.015625
2 0.6572265625 0.4619140625 0.017578125 0.021484375
2 0.828125 0.4990234375 0.033203125 0.03515625
2 0.4013671875 0.54296875 0.0546875 0.0615234375
2 0.2158203125 0.4677734375 0.0263671875 0.033203125
2 0.14453125 0.44140625 0.0185546875 0.021484375
2 0.11328125 0.427734375 0.013671875 0.0166015625
2 0.1044921875 0.419921875 0.009765625 0.0126953125
2 0.154296875 0.416015625 0.0087890625 0.0107421875
2 0.2451171875 0.4169921875 0.0068359375 0.0087890625
2 0.337890625 0.4189453125 0.005859375 0.0078125
1 0.333984375 0.4169921875 0.00390625 0.005859375
1 0.4111328125 0.419921875 0.0048828125 0.0068359375
1 0.4951171875 0.423828125 0.0048828125 0.0078125
1 0.5771484375 0.4287109375 0.005859375 0.0078125
1 0.63671875 0.43359375 0.0078125 0.0087890625
1 0.681640625 0.439453125 0.009765625 0.01171875
1 0.744140625 0.4482421875 0.01171875 0.013671875
1 0.849609375 0.46484375 0.0185546875 0.0185546875
1 0.048828125 0.4111328125 0.0087890625 0.009765625
1 0.1552734375 0.41015625 0.005859375 0.0087890625
1 0.23828125 0.4140625 0.005859375 0.0078125