1 0.6650390625 0.47265625 0.0205078125 0.0263671875
2 0.9091796875 0.4482421875 0.01953125 0.0205078125
2 0.798828125 0.443359375 0.0126953125 0.0166015625
1 0.6328125 0.4560546875 0.0146484375 0.0185546875
1 0.6455078125 0.5341796875 0.048828125 0.056640625
2 0.7109375 0.4404296875 0.0107421875 0.013671875
2 0.6748046875 0.43359375 0.005859375 0.0087890625
1 0.6298828125 0.431640625 0.005859375 0.0078125
1 0.5546875 0.44921875 0.009765625 0.0126953125
1 0.56640625 0.4384765625 0.0068359375 0.0087890625
2 0.7265625 0.4287109375 0.005859375 0.0078125
2 0.7880859375 0.423828125 0.0048828125 0.0068359375
1 0.5537109375 0.4423828125 0.0068359375 0.0107421875
2 0.908203125 0.4140625 0.00390625 0.005859375
1 0.6923828125 0.427734375 0.0048828125 0.0068359375
2 0.97265625 0.4130859375 0.0048828125 0.005859375
2 0.6806640625 0.4375 0.0078125 0.009765625
2 0.8017578125 0.421875 0.0048828125 0.005859375
1 0.70703125 0.42578125 0.00390625 0.005859375
1 0.7109375 0.421875 0.0029296875 0.00390625
2 0.7705078125 0.4208984375 0.00390625 0.005859375
1 0.9453125 0.4111328125 0.00390625 0.0048828125
2 0.830078125 0.416015625 0.0029296875 0.00390625
2 0.8681640625 0.4150390625 0.0029296875 0.0048828125
2 0.76171875 0.419921875 0.0029296875 0.0048828125
1 0.8828125 0.4130859375 0.0029296875 0.00390625
2 0.787109375 0.41796875 0.0029296875 0.00390625
1 0.6826171875 0.4248046875 0.0029296875 0.0048828125
2 0.7529296875 0.4208984375 0.0029296875 0.0048828125
1 0.68359375 0.4228515625 0.0029296875 0.0048828125
1 0.8173828125 0.416015625 0.0029296875 0.0029296875
1 0.7509765625 0.4189453125 0.001953125 0.00390625
1 0.9873046875 0.41015625 0.0029296875 0.005859375