2 0.1298828125 0.4638671875 0.0224609375 0.0263671875
2 0.0859375 0.4453125 0.0166015625 0.0185546875
2 0.1064453125 0.4365234375 0.0126953125 0.0146484375
2 0.1455078125 0.431640625 0.009765625 0.0126953125
2 0.2080078125 0.4296875 0.0078125 0.009765625
2 0.2236328125 0.427734375 0.0068359375 0.0087890625
2 0.2109375 0.42578125 0.005859375 0.0078125
2 0.1748046875 0.421875 0.005859375 0.0078125
2 0.12890625 0.4189453125 0.0048828125 0.0068359375
2 0.0341796875 0.4130859375 0.0048828125 0.0068359375
2 0.00390625 0.4111328125 0.00390625 0.005859375
2 0.015625 0.41015625 0.00390625 0.005859375
2 0.0537109375 0.41015625 0.00390625 0.0048828125
2 0.0595703125 0.41015625 0.00390625 0.00390625
2 0.033203125 0.4091796875 0.0029296875 0.00390625
2 0.013671875 0.4072265625 0.0029296875 0.00390625
2 0.017578125 0.40625 0.0029296875 0.00390625
2 0.0390625 0.4072265625 0.0029296875 0.00390625
2 0.0732421875 0.4091796875 0.0029296875 0.00390625
2 0.1025390625 0.41015625 0.001953125 0.0029296875
2 0.1279296875 0.412109375 0.0029296875 0.00390625
2 0.1640625 0.4140625 0.001953125 0.0029296875
2 0.2109375 0.416015625 0.0029296875 0.0029296875
2 0.236328125 0.41796875 0.001953125 0.00390625
2 0.2470703125 0.4189453125 0.001953125 0.00390625
2 0.2607421875 0.419921875 0.0029296875 0.00390625
2 0.2724609375 0.421875 0.0029296875 0.0048828125
2 0.2890625 0.4228515625 0.00390625 0.0048828125
2 0.3271484375 0.42578125 0.00390625 0.0048828125
2 0.369140625 0.4287109375 0.00390625 0.005859375
2 0.4072265625 0.431640625 0.00390625 0.005859375
2 0.416015625 0.43359375 0.0048828125 0.0068359375
2 0.45703125 0.4404296875 0.005859375 0.0078125
2 0.5400390625 0.447265625 0.0087890625 0.0107421875
2 0.669921875 0.455078125 0.0078125 0.0107421875
2 0.7744140625 0.4638671875 0.0107421875 0.0146484375
2 0.8955078125 0.48046875 0.0166015625 0.0185546875
1 0.966796875 0.474609375 0.013671875 0.013671875
1 0.845703125 0.462890625 0.009765625 0.01171875
1 0.732421875 0.4541015625 0.0078125 0.009765625
1 0.607421875 0.447265625 0.0068359375 0.0087890625
1 0.5224609375 0.4404296875 0.005859375 0.0087890625
1 0.5078125 0.4375 0.0048828125 0.0068359375
1 0.498046875 0.4345703125 0.00390625 0.0048828125
1 0.4580078125 0.431640625 0.00390625 0.0048828125
1 0.4052734375 0.4287109375 0.0029296875 0.00390625
1 0.353515625 0.4248046875 0.0029296875 0.00390625
1 0.32421875 0.4228515625 0.001953125 0.0029296875
1 0.314453125 0.421875 0.0029296875 0.0029296875
1 0.2958984375 0.419921875 0.001953125 0.0029296875
1 0.2744140625 0.4189453125 0.001953125 0.0029296875
1 0.2451171875 0.41796875 0.0029296875 0.00390625
1 0.2080078125 0.4150390625 0.0029296875 0.0029296875
1 0.1728515625 0.4130859375 0.0029296875 0.0029296875
1 0.1494140625 0.412109375 0.0029296875 0.0029296875
1 0.109375 0.41015625 0.0029296875 0.0029296875
1 0.001953125 0.4052734375 0.001953125 0.00390625
1 0.017578125 0.4150390625 0.005859375 0.0078125
1 0.056640625 0.41796875 0.005859375 0.0078125
1 0.0849609375 0.4208984375 0.0078125 0.009765625
1 0.052734375 0.4228515625 0.0087890625 0.0107421875
0 0.216796875 0.5 0.0498046875 0.0810546875
0 0.248046875 0.5107421875 0.0537109375 0.0927734375
2 0.2294921875 0.517578125 0.044921875 0.0517578125