1 0.8935546875 0.4794921875 0.0126953125 0.013671875
1 0.7333984375 0.4736328125 0.0087890625 0.01171875
1 0.611328125 0.4697265625 0.0078125 0.009765625
1 0.509765625 0.4658203125 0.0078125 0.0087890625
1 0.4189453125 0.46484375 0.0068359375 0.0087890625
1 0.33984375 0.46875 0.0078125 0.009765625
1 0.28125 0.474609375 0.009765625 0.0126953125
1 0.248046875 0.4853515625 0.013671875 0.0166015625
1 0.1884765625 0.501953125 0.021484375 0.0244140625
1 0.0859375 0.5419921875 0.0400390625 0.0419921875
2 0.9150390625 0.5654296875 0.05859375 0.0634765625
2 0.552734375 0.51171875 0.02734375 0.0302734375
2 0.46484375 0.4912109375 0.0166015625 0.0205078125
2 0.4248046875 0.4794921875 0.0107421875 0.0146484375
2 0.42578125 0.4716796875 0.0078125 0.01171875
2 0.482421875 0.4697265625 0.0087890625 0.01171875
2 0.55078125 0.470703125 0.0087890625 0.01171875
2 0.8330078125 0.482421875 0.013671875 0.0166015625
2 0.65234375 0.4755859375 0.009765625 0.013671875