1 0.0087890625 0.478515625 0.017578125 0.0380859375
1 0.234375 0.4501953125 0.0185546875 0.0205078125
1 0.3828125 0.4453125 0.013671875 0.015625
1 0.513671875 0.443359375 0.009765625 0.0126953125
1 0.6376953125 0.4462890625 0.0087890625 0.01171875
1 0.744140625 0.4443359375 0.00390625 0.005859375
1 0.88671875 0.4521484375 0.0078125 0.009765625
1 0.970703125 0.4541015625 0.0087890625 0.009765625
2 0.5732421875 0.57421875 0.0576171875 0.0703125
2 0.443359375 0.48828125 0.0283203125 0.03515625
2 0.51171875 0.4638671875 0.0166015625 0.0224609375
2 0.9951171875 0.462890625 0.009765625 0.0126953125
2 0.861328125 0.4599609375 0.0107421875 0.013671875
2 0.7431640625 0.458984375 0.0107421875 0.013671875
2 0.6162109375 0.4580078125 0.0146484375 0.017578125