1 0.984375 0.4951171875 0.015625 0.0166015625
1 0.9111328125 0.4833984375 0.0107421875 0.0126953125
1 0.86328125 0.4755859375 0.0087890625 0.0107421875
1 0.8056640625 0.46875 0.0068359375 0.0087890625
1 0.759765625 0.4638671875 0.0048828125 0.0078125
1 0.7265625 0.458984375 0.0048828125 0.0068359375
1 0.6787109375 0.455078125 0.00390625 0.0068359375
1 0.5712890625 0.447265625 0.00390625 0.005859375
1 0.51953125 0.4462890625 0.00390625 0.0048828125
1 0.4423828125 0.4453125 0.0048828125 0.0068359375
1 0.404296875 0.4453125 0.0048828125 0.0068359375
1 0.34375 0.443359375 0.00390625 0.005859375
1 0.234375 0.4365234375 0.0048828125 0.0068359375
1 0.1767578125 0.4326171875 0.0048828125 0.0068359375
1 0.02734375 0.4267578125 0.00390625 0.005859375
2 0.0302734375 0.43359375 0.0068359375 0.0087890625
2 0.01953125 0.4306640625 0.005859375 0.0087890625
2 0.0380859375 0.4296875 0.005859375 0.0078125
2 0.107421875 0.4306640625 0.005859375 0.0078125
2 0.173828125 0.4345703125 0.005859375 0.0078125
2 0.2236328125 0.4375 0.0048828125 0.0078125
2 0.28515625 0.44140625 0.005859375 0.0078125
2 0.3466796875 0.4453125 0.0048828125 0.0078125
2 0.4248046875 0.447265625 0.005859375 0.0078125
2 0.474609375 0.4482421875 0.005859375 0.0078125
2 0.50390625 0.4482421875 0.005859375 0.0078125
2 0.533203125 0.4482421875 0.0048828125 0.0068359375
2 0.5810546875 0.44921875 0.0048828125 0.005859375
2 0.6279296875 0.451171875 0.0048828125 0.0078125
2 0.65625 0.455078125 0.005859375 0.0068359375
2 0.67578125 0.4580078125 0.005859375 0.0078125
2 0.705078125 0.4619140625 0.0068359375 0.009765625
2 0.7548828125 0.4677734375 0.0078125 0.0107421875
2 0.76953125 0.47265625 0.0078125 0.0107421875
2 0.7646484375 0.4765625 0.0107421875 0.013671875
2 0.830078125 0.48828125 0.015625 0.017578125
2 0.1044921875 0.4453125 0.009765625 0.0126953125
2 0.1533203125 0.453125 0.013671875 0.015625
2 0.2041015625 0.4677734375 0.017578125 0.021484375
2 0.2880859375 0.494140625 0.0283203125 0.0322265625
2 0.556640625 0.580078125 0.0595703125 0.064453125
0 0.07421875 0.435546875 0.0107421875 0.0185546875
0 0.078125 0.4365234375 0.0107421875 0.0185546875