2 0.9208984375 0.435546875 0.0029296875 0.0048828125
2 0.9462890625 0.435546875 0.00390625 0.0048828125
2 0.9501953125 0.4365234375 0.00390625 0.005859375
2 0.9248046875 0.4375 0.00390625 0.005859375
2 0.8916015625 0.439453125 0.0048828125 0.005859375
2 0.84765625 0.4404296875 0.005859375 0.0068359375
2 0.80859375 0.4423828125 0.005859375 0.0078125
2 0.7890625 0.4443359375 0.005859375 0.0078125
2 0.80078125 0.447265625 0.0078125 0.009765625
2 0.86328125 0.4521484375 0.0087890625 0.01171875
2 0.982421875 0.45703125 0.0126953125 0.0146484375
2 0.7431640625 0.5322265625 0.0400390625 0.0517578125
2 0.59375 0.48828125 0.0224609375 0.02734375
2 0.568359375 0.4677734375 0.0146484375 0.0185546875
2 0.5986328125 0.4599609375 0.0107421875 0.013671875
2 0.638671875 0.453125 0.0087890625 0.0107421875
2 0.666015625 0.4482421875 0.0068359375 0.0087890625
2 0.6875 0.4453125 0.005859375 0.0087890625
2 0.7021484375 0.4423828125 0.0048828125 0.0068359375
2 0.7138671875 0.4404296875 0.00390625 0.005859375
2 0.72265625 0.439453125 0.00390625 0.005859375
2 0.73046875 0.4375 0.0029296875 0.0048828125
2 0.7431640625 0.4375 0.0029296875 0.0048828125
2 0.7724609375 0.435546875 0.0029296875 0.0048828125
2 0.8203125 0.435546875 0.0029296875 0.00390625
2 0.873046875 0.435546875 0.0029296875 0.00390625
1 0.8916015625 0.4345703125 0.0029296875 0.00390625
1 0.9384765625 0.435546875 0.0029296875 0.00390625
1 0.978515625 0.4384765625 0.0048828125 0.005859375
1 0.9375 0.4404296875 0.005859375 0.0068359375
1 0.9052734375 0.443359375 0.005859375 0.0078125
1 0.9169921875 0.4462890625 0.0068359375 0.0087890625
1 0.974609375 0.44921875 0.0087890625 0.0107421875
1 0.20703125 0.5439453125 0.0478515625 0.0537109375
1 0.2890625 0.48828125 0.0234375 0.025390625
1 0.3779296875 0.466796875 0.013671875 0.0166015625
1 0.4658203125 0.458984375 0.0107421875 0.0126953125
1 0.53125 0.4521484375 0.0087890625 0.0107421875
1 0.5712890625 0.4482421875 0.0068359375 0.0078125
1 0.6044921875 0.4453125 0.0048828125 0.0068359375
1 0.626953125 0.4423828125 0.0048828125 0.005859375
1 0.6484375 0.4404296875 0.00390625 0.005859375
1 0.6591796875 0.4384765625 0.00390625 0.0048828125
1 0.6708984375 0.4375 0.00390625 0.0048828125
1 0.6826171875 0.4375 0.0029296875 0.00390625
1 0.703125 0.4365234375 0.001953125 0.00390625
1 0.7392578125 0.435546875 0.001953125 0.00390625
1 0.7880859375 0.4345703125 0.001953125 0.00390625
1 0.833984375 0.4345703125 0.0029296875 0.00390625