1 0.025390625 0.4140625 0.0087890625 0.009765625
1 0.01953125 0.412109375 0.0087890625 0.009765625
1 0.0078125 0.40234375 0.00390625 0.005859375
1 0.0458984375 0.4033203125 0.0048828125 0.0048828125
1 0.0849609375 0.4052734375 0.00390625 0.0048828125
1 0.1357421875 0.40625 0.00390625 0.0048828125
1 0.18359375 0.408203125 0.00390625 0.00390625
1 0.244140625 0.41015625 0.0029296875 0.0048828125
1 0.2880859375 0.4130859375 0.0029296875 0.00390625
1 0.36328125 0.4169921875 0.0029296875 0.0029296875
1 0.3896484375 0.41796875 0.0029296875 0.00390625
1 0.4375 0.421875 0.00390625 0.0048828125
1 0.4775390625 0.4248046875 0.00390625 0.005859375
1 0.5419921875 0.4296875 0.00390625 0.005859375
1 0.6015625 0.4345703125 0.0048828125 0.0068359375
1 0.62890625 0.4375 0.005859375 0.0078125
1 0.638671875 0.44140625 0.0068359375 0.0087890625
1 0.6474609375 0.4462890625 0.0087890625 0.01171875
1 0.6689453125 0.455078125 0.0126953125 0.015625
1 0.8046875 0.4697265625 0.0166015625 0.01953125
2 0.33984375 0.5263671875 0.0478515625 0.056640625
2 0.16796875 0.4658203125 0.02734375 0.029296875
2 0.095703125 0.439453125 0.0166015625 0.01953125
2 0.0634765625 0.4267578125 0.0126953125 0.015625
2 0.076171875 0.421875 0.009765625 0.0126953125
2 0.1484375 0.41796875 0.0087890625 0.01171875
2 0.087890625 0.412109375 0.0068359375 0.0087890625
2 0.0087890625 0.408203125 0.005859375 0.0078125
2 0.025390625 0.404296875 0.0048828125 0.005859375
2 0.0810546875 0.4052734375 0.00390625 0.0048828125
2 0.130859375 0.4072265625 0.00390625 0.0048828125
2 0.185546875 0.4091796875 0.00390625 0.00390625
2 0.2392578125 0.4111328125 0.00390625 0.00390625
2 0.6943359375 0.48046875 0.0234375 0.0263671875
2 0.5234375 0.4580078125 0.015625 0.01953125
2 0.4716796875 0.4462890625 0.01171875 0.015625
2 0.4990234375 0.4404296875 0.009765625 0.0126953125
2 0.5146484375 0.4375 0.0078125 0.009765625
2 0.5205078125 0.43359375 0.005859375 0.0078125
2 0.4912109375 0.4287109375 0.005859375 0.0078125
2 0.4482421875 0.42578125 0.0048828125 0.0068359375
2 0.40625 0.4228515625 0.00390625 0.005859375
2 0.3671875 0.419921875 0.00390625 0.005859375
2 0.33203125 0.4169921875 0.00390625 0.0048828125
2 0.3076171875 0.4150390625 0.00390625 0.0048828125
2 0.275390625 0.4130859375 0.0029296875 0.0048828125