1 0.9970703125 0.4765625 0.005859375 0.013671875
1 0.837890625 0.470703125 0.0107421875 0.0126953125
1 0.693359375 0.4658203125 0.0087890625 0.01171875
1 0.5361328125 0.4599609375 0.009765625 0.0126953125
1 0.365234375 0.4541015625 0.0107421875 0.013671875
1 0.1708984375 0.44921875 0.0126953125 0.0146484375
2 0.4423828125 0.5537109375 0.0498046875 0.0615234375
2 0.1220703125 0.5087890625 0.04296875 0.046875
2 0.0498046875 0.458984375 0.0244140625 0.025390625
2 0.236328125 0.4560546875 0.015625 0.0185546875
2 0.3857421875 0.458984375 0.0146484375 0.017578125
2 0.568359375 0.4658203125 0.0126953125 0.017578125
2 0.7548828125 0.4716796875 0.0126953125 0.0166015625
2 0.9267578125 0.4765625 0.0126953125 0.0166015625