2 0.8154296875 0.5341796875 0.0458984375 0.05078125
2 0.763671875 0.48828125 0.0234375 0.02734375
2 0.8095703125 0.46875 0.0166015625 0.01953125
2 0.841796875 0.4599609375 0.0126953125 0.0146484375
2 0.86328125 0.4521484375 0.0087890625 0.01171875
2 0.8779296875 0.4482421875 0.0078125 0.0087890625
2 0.8876953125 0.4462890625 0.005859375 0.0078125
2 0.89453125 0.443359375 0.0048828125 0.0068359375
2 0.900390625 0.44140625 0.00390625 0.005859375
2 0.90625 0.439453125 0.00390625 0.0048828125
2 0.9208984375 0.4384765625 0.00390625 0.0048828125
2 0.953125 0.4375 0.00390625 0.005859375
1 0.2548828125 0.5361328125 0.0439453125 0.0478515625
1 0.396484375 0.4951171875 0.0224609375 0.025390625
1 0.5458984375 0.4736328125 0.0146484375 0.0185546875
1 0.6337890625 0.462890625 0.0107421875 0.013671875
1 0.6943359375 0.4560546875 0.009765625 0.01171875
1 0.7333984375 0.451171875 0.0087890625 0.0107421875
1 0.7607421875 0.4482421875 0.0068359375 0.0087890625
1 0.7841796875 0.4453125 0.005859375 0.0078125
1 0.8017578125 0.443359375 0.0048828125 0.0068359375
1 0.818359375 0.44140625 0.00390625 0.005859375
1 0.8310546875 0.4404296875 0.00390625 0.0048828125
1 0.841796875 0.439453125 0.0029296875 0.00390625
1 0.8759765625 0.4375 0.0029296875 0.00390625
1 0.92578125 0.4365234375 0.0029296875 0.00390625
1 0.998046875 0.435546875 0.00390625 0.0048828125