1 0.3486328125 0.50390625 0.02734375 0.033203125
2 0.7275390625 0.4990234375 0.029296875 0.033203125
1 0.4140625 0.474609375 0.015625 0.0205078125
2 0.6455078125 0.4716796875 0.015625 0.0205078125
2 0.638671875 0.4599609375 0.01171875 0.0146484375
2 0.775390625 0.4501953125 0.009765625 0.01171875
1 0.4423828125 0.4609375 0.0107421875 0.0146484375
1 0.595703125 0.44921875 0.0078125 0.009765625
2 0.6767578125 0.453125 0.009765625 0.0126953125
1 0.7060546875 0.4462890625 0.0078125 0.0087890625
2 0.90625 0.4501953125 0.009765625 0.01171875
1 0.51171875 0.453125 0.0078125 0.0107421875
1 0.84375 0.4453125 0.0087890625 0.009765625