1 0.048828125 0.40625 0.0029296875 0.00390625
1 0.091796875 0.408203125 0.0029296875 0.0029296875
1 0.1279296875 0.4091796875 0.001953125 0.00390625
1 0.2001953125 0.412109375 0.001953125 0.00390625
1 0.2294921875 0.4140625 0.001953125 0.0029296875
1 0.2529296875 0.4150390625 0.001953125 0.00390625
1 0.267578125 0.416015625 0.001953125 0.00390625
1 0.283203125 0.4169921875 0.0029296875 0.00390625
1 0.2998046875 0.4189453125 0.0029296875 0.00390625
1 0.3212890625 0.4208984375 0.0029296875 0.00390625
1 0.34375 0.421875 0.00390625 0.0048828125
1 0.3720703125 0.423828125 0.00390625 0.005859375
1 0.4052734375 0.427734375 0.00390625 0.005859375
1 0.4453125 0.4306640625 0.005859375 0.0068359375
1 0.4951171875 0.4345703125 0.005859375 0.0078125
1 0.55859375 0.4404296875 0.0068359375 0.0078125
1 0.642578125 0.447265625 0.0068359375 0.0087890625
1 0.755859375 0.4560546875 0.009765625 0.0126953125
1 0.923828125 0.470703125 0.0126953125 0.0146484375
2 0.60546875 0.580078125 0.0595703125 0.0732421875
2 0.30859375 0.4853515625 0.0283203125 0.03515625
2 0.2119140625 0.4541015625 0.0185546875 0.0224609375
2 0.1669921875 0.439453125 0.013671875 0.0166015625
2 0.138671875 0.431640625 0.0107421875 0.013671875
2 0.119140625 0.4248046875 0.0087890625 0.0107421875
2 0.10546875 0.4208984375 0.0068359375 0.009765625
2 0.0966796875 0.41796875 0.005859375 0.0078125
2 0.087890625 0.416015625 0.0048828125 0.0068359375
2 0.08203125 0.4140625 0.00390625 0.005859375
2 0.0771484375 0.4130859375 0.0029296875 0.0048828125
2 0.072265625 0.4111328125 0.0029296875 0.0048828125
2 0.0693359375 0.41015625 0.0029296875 0.00390625
2 0.0654296875 0.4091796875 0.001953125 0.00390625
2 0.0615234375 0.408203125 0.0029296875 0.00390625
2 0.0810546875 0.4091796875 0.001953125 0.00390625
2 0.123046875 0.4091796875 0.0029296875 0.00390625
2 0.1669921875 0.412109375 0.0029296875 0.0029296875
2 0.1953125 0.4130859375 0.0029296875 0.00390625
2 0.205078125 0.4140625 0.0029296875 0.00390625
2 0.21875 0.4150390625 0.0029296875 0.0048828125
2 0.232421875 0.416015625 0.0029296875 0.0048828125
2 0.2490234375 0.41796875 0.00390625 0.005859375
2 0.26953125 0.419921875 0.00390625 0.005859375
2 0.2919921875 0.421875 0.00390625 0.005859375
2 0.3193359375 0.4248046875 0.0048828125 0.0068359375
2 0.3544921875 0.427734375 0.005859375 0.0078125
2 0.3974609375 0.431640625 0.0068359375 0.0087890625
2 0.455078125 0.4375 0.0078125 0.0107421875
2 0.5322265625 0.4453125 0.009765625 0.01171875
2 0.642578125 0.4560546875 0.0107421875 0.013671875
2 0.810546875 0.4716796875 0.0166015625 0.0185546875