2 0.953125 0.4443359375 0.0068359375 0.0087890625
2 0.93359375 0.4462890625 0.0078125 0.009765625
2 0.958984375 0.451171875 0.0087890625 0.0107421875
2 0.751953125 0.5185546875 0.0390625 0.0419921875
2 0.6865234375 0.478515625 0.01953125 0.0234375
2 0.7158203125 0.46484375 0.013671875 0.0166015625
2 0.7578125 0.45703125 0.0107421875 0.013671875
2 0.7861328125 0.4501953125 0.0078125 0.0107421875
2 0.806640625 0.4462890625 0.0068359375 0.0087890625
2 0.8203125 0.443359375 0.005859375 0.0078125
2 0.8310546875 0.44140625 0.0048828125 0.0068359375
2 0.83984375 0.439453125 0.0048828125 0.005859375
2 0.84765625 0.4384765625 0.00390625 0.0048828125
2 0.8603515625 0.4375 0.0029296875 0.0048828125
2 0.8935546875 0.4365234375 0.00390625 0.0048828125
2 0.9521484375 0.435546875 0.00390625 0.00390625
1 0.0126953125 0.5927734375 0.0224609375 0.0615234375
1 0.3154296875 0.5078125 0.03125 0.0361328125
1 0.4462890625 0.474609375 0.0166015625 0.01953125
1 0.5517578125 0.462890625 0.0126953125 0.0146484375
1 0.626953125 0.455078125 0.009765625 0.01171875
1 0.6708984375 0.4501953125 0.0087890625 0.009765625
1 0.70703125 0.4462890625 0.005859375 0.0078125
1 0.7314453125 0.443359375 0.005859375 0.0068359375
1 0.7529296875 0.44140625 0.00390625 0.005859375
1 0.7646484375 0.439453125 0.00390625 0.005859375
1 0.7763671875 0.4384765625 0.00390625 0.0048828125
1 0.7890625 0.4375 0.0029296875 0.0048828125
1 0.8115234375 0.4365234375 0.0029296875 0.00390625
1 0.8525390625 0.435546875 0.0029296875 0.00390625
1 0.9111328125 0.435546875 0.0029296875 0.00390625
1 0.9658203125 0.4345703125 0.00390625 0.00390625