2 0.1015625 0.4599609375 0.0126953125 0.013671875
2 0.1337890625 0.455078125 0.009765625 0.01171875
2 0.1201171875 0.451171875 0.0078125 0.009765625
2 0.193359375 0.4482421875 0.005859375 0.0078125
2 0.2626953125 0.4462890625 0.0048828125 0.0078125
2 0.3017578125 0.4462890625 0.00390625 0.005859375
2 0.2978515625 0.4443359375 0.00390625 0.005859375
2 0.27734375 0.443359375 0.0029296875 0.0048828125
2 0.26953125 0.4423828125 0.00390625 0.0048828125
2 0.3017578125 0.44140625 0.0029296875 0.00390625
2 0.3388671875 0.4404296875 0.0029296875 0.00390625
2 0.3583984375 0.4384765625 0.001953125 0.0029296875
2 0.3515625 0.4384765625 0.001953125 0.00390625
2 0.3369140625 0.4384765625 0.001953125 0.00390625
2 0.3271484375 0.4375 0.001953125 0.00390625
2 0.373046875 0.4375 0.001953125 0.0029296875
2 0.3837890625 0.4365234375 0.001953125 0.0029296875
2 0.3779296875 0.435546875 0.001953125 0.0029296875
2 0.3916015625 0.4345703125 0.001953125 0.0029296875
2 0.46484375 0.435546875 0.001953125 0.001953125
2 0.47265625 0.4365234375 0.001953125 0.00390625
2 0.474609375 0.4384765625 0.001953125 0.0029296875
2 0.478515625 0.439453125 0.0029296875 0.00390625
2 0.4619140625 0.44140625 0.001953125 0.00390625
2 0.4482421875 0.4423828125 0.001953125 0.00390625
2 0.45703125 0.4423828125 0.0029296875 0.00390625
2 0.4794921875 0.443359375 0.0029296875 0.0048828125
2 0.4892578125 0.4443359375 0.00390625 0.005859375
2 0.4931640625 0.4462890625 0.00390625 0.005859375
2 0.4990234375 0.4482421875 0.0048828125 0.0078125
2 0.505859375 0.4501953125 0.005859375 0.0078125
2 0.5146484375 0.4541015625 0.0078125 0.0107421875
2 0.529296875 0.4599609375 0.009765625 0.013671875
2 0.548828125 0.4677734375 0.0126953125 0.0166015625
2 0.578125 0.48046875 0.017578125 0.0224609375
2 0.646484375 0.5078125 0.03125 0.0361328125
2 0.8310546875 0.5869140625 0.0634765625 0.068359375
1 0.1923828125 0.466796875 0.0126953125 0.015625
1 0.28125 0.4599609375 0.0087890625 0.01171875
1 0.28515625 0.455078125 0.0068359375 0.0087890625
1 0.251953125 0.451171875 0.0068359375 0.0087890625
1 0.2421875 0.4501953125 0.005859375 0.0078125
1 0.2919921875 0.4482421875 0.0048828125 0.0068359375
1 0.353515625 0.4462890625 0.0048828125 0.005859375
1 0.37890625 0.4453125 0.00390625 0.005859375
1 0.375 0.4443359375 0.00390625 0.0048828125
1 0.34375 0.443359375 0.0029296875 0.0048828125
1 0.3359375 0.4423828125 0.0029296875 0.00390625
1 0.3583984375 0.44140625 0.0029296875 0.00390625
1 0.39453125 0.4404296875 0.001953125 0.00390625
1 0.4072265625 0.4404296875 0.001953125 0.00390625
1 0.404296875 0.4384765625 0.001953125 0.00390625
1 0.3818359375 0.439453125 0.001953125 0.0029296875
1 0.388671875 0.4384765625 0.001953125 0.0029296875
1 0.4130859375 0.4375 0.001953125 0.0029296875
1 0.419921875 0.4375 0.0029296875 0.0029296875
1 0.41796875 0.4365234375 0.001953125 0.0029296875
1 0.408203125 0.4365234375 0.001953125 0.0029296875
1 0.4052734375 0.435546875 0.0029296875 0.0029296875
1 0.4130859375 0.4345703125 0.001953125 0.0029296875
1 0.4404296875 0.435546875 0.001953125 0.0029296875
1 0.4482421875 0.4375 0.001953125 0.0029296875
1 0.4453125 0.4404296875 0.001953125 0.00390625
1 0.4404296875 0.4404296875 0.001953125 0.00390625
1 0.4140625 0.4423828125 0.001953125 0.00390625
1 0.404296875 0.4423828125 0.0029296875 0.00390625
1 0.408203125 0.443359375 0.0029296875 0.00390625
1 0.419921875 0.443359375 0.0029296875 0.00390625
1 0.4296875 0.4443359375 0.0029296875 0.0048828125
1 0.431640625 0.4462890625 0.0029296875 0.005859375
1 0.427734375 0.4482421875 0.0048828125 0.0068359375
1 0.4208984375 0.4521484375 0.0048828125 0.0078125
1 0.4140625 0.455078125 0.0068359375 0.009765625
1 0.40234375 0.4599609375 0.0087890625 0.0126953125
1 0.388671875 0.4677734375 0.0126953125 0.015625
1 0.3603515625 0.48046875 0.0185546875 0.0224609375
1 0.298828125 0.51171875 0.0302734375 0.037109375
1 0.107421875 0.5947265625 0.0537109375 0.056640625