2 0.25390625 0.490234375 0.03125 0.0380859375
2 0.181640625 0.45703125 0.01953125 0.0234375
2 0.1962890625 0.443359375 0.0146484375 0.017578125
2 0.234375 0.4375 0.0107421875 0.013671875
2 0.294921875 0.4326171875 0.0078125 0.0107421875
2 0.3076171875 0.4296875 0.0078125 0.009765625
2 0.2919921875 0.4267578125 0.0068359375 0.0087890625
2 0.2529296875 0.423828125 0.005859375 0.0078125
2 0.2060546875 0.419921875 0.005859375 0.0068359375
2 0.162109375 0.41796875 0.005859375 0.0078125
2 0.111328125 0.4150390625 0.0048828125 0.0068359375
2 0.08203125 0.4130859375 0.00390625 0.005859375
2 0.06640625 0.412109375 0.00390625 0.005859375
2 0.0927734375 0.412109375 0.0029296875 0.0048828125
2 0.1298828125 0.412109375 0.00390625 0.0048828125
2 0.134765625 0.4111328125 0.0029296875 0.00390625
2 0.109375 0.41015625 0.0029296875 0.00390625
2 0.0908203125 0.4091796875 0.001953125 0.00390625
2 0.0947265625 0.408203125 0.001953125 0.00390625
2 0.1142578125 0.4091796875 0.001953125 0.00390625
2 0.1474609375 0.41015625 0.0029296875 0.00390625
2 0.1748046875 0.4111328125 0.001953125 0.00390625
2 0.2001953125 0.412109375 0.0029296875 0.00390625
2 0.234375 0.4140625 0.0029296875 0.00390625
2 0.28125 0.416015625 0.001953125 0.0029296875
2 0.306640625 0.4169921875 0.001953125 0.00390625
2 0.318359375 0.4189453125 0.0029296875 0.00390625
2 0.3330078125 0.419921875 0.0029296875 0.0048828125
2 0.345703125 0.421875 0.0029296875 0.0048828125
2 0.365234375 0.423828125 0.00390625 0.0048828125
2 0.4052734375 0.42578125 0.00390625 0.005859375
2 0.4501953125 0.4287109375 0.0048828125 0.005859375
2 0.4951171875 0.431640625 0.005859375 0.0068359375
2 0.5087890625 0.4345703125 0.005859375 0.0078125
2 0.564453125 0.44140625 0.0078125 0.009765625
2 0.6728515625 0.451171875 0.009765625 0.0126953125
2 0.83984375 0.4609375 0.0107421875 0.0126953125
2 0.9970703125 0.4736328125 0.005859375 0.0166015625
1 0.8974609375 0.4580078125 0.009765625 0.01171875
1 0.7412109375 0.4501953125 0.0087890625 0.0107421875
1 0.6328125 0.44140625 0.0078125 0.0087890625
1 0.6083984375 0.4384765625 0.005859375 0.0078125
1 0.544921875 0.431640625 0.0048828125 0.005859375
1 0.4853515625 0.427734375 0.0029296875 0.00390625
1 0.4296875 0.4248046875 0.00390625 0.00390625
1 0.3984375 0.421875 0.001953125 0.0029296875
1 0.3857421875 0.421875 0.001953125 0.00390625
1 0.3662109375 0.419921875 0.0029296875 0.00390625
1 0.3134765625 0.4169921875 0.001953125 0.0029296875
1 0.27734375 0.4150390625 0.001953125 0.0029296875
1 0.2421875 0.4140625 0.0029296875 0.0029296875
1 0.2197265625 0.4130859375 0.0029296875 0.0029296875
1 0.181640625 0.4111328125 0.001953125 0.0029296875
1 0.0791015625 0.4072265625 0.001953125 0.00390625
1 0.0458984375 0.4072265625 0.001953125 0.00390625
1 0.025390625 0.40625 0.001953125 0.00390625
1 0.0322265625 0.4072265625 0.00390625 0.0048828125
1 0.060546875 0.4091796875 0.0029296875 0.00390625
1 0.0546875 0.4091796875 0.0029296875 0.0048828125
1 0.0087890625 0.408203125 0.00390625 0.005859375
1 0.0224609375 0.4140625 0.005859375 0.0068359375
1 0.095703125 0.4169921875 0.005859375 0.0078125
1 0.134765625 0.419921875 0.0068359375 0.0087890625
1 0.1640625 0.423828125 0.0087890625 0.009765625
1 0.1328125 0.4267578125 0.0087890625 0.0107421875
1 0.0419921875 0.4296875 0.0126953125 0.0146484375
0 0.5390625 0.572265625 0.0673828125 0.1015625
0 0.68359375 0.59375 0.0673828125 0.0595703125