2 0.7666015625 0.5126953125 0.0361328125 0.0400390625
2 0.6376953125 0.478515625 0.01953125 0.0224609375
2 0.54296875 0.4658203125 0.0126953125 0.017578125
2 0.4248046875 0.4599609375 0.009765625 0.0126953125
2 0.3193359375 0.45703125 0.0087890625 0.01171875
2 0.2216796875 0.4560546875 0.0078125 0.0107421875
2 0.12890625 0.4560546875 0.0078125 0.009765625
2 0.08984375 0.4541015625 0.0068359375 0.0087890625
2 0.0859375 0.451171875 0.005859375 0.0078125
2 0.08984375 0.447265625 0.0048828125 0.005859375
2 0.0927734375 0.4443359375 0.00390625 0.005859375
2 0.0947265625 0.4423828125 0.0029296875 0.00390625
2 0.10546875 0.44140625 0.0029296875 0.00390625
2 0.1259765625 0.44140625 0.0029296875 0.00390625
2 0.1630859375 0.4404296875 0.001953125 0.00390625
2 0.201171875 0.439453125 0.001953125 0.0029296875
2 0.2353515625 0.439453125 0.001953125 0.0029296875
2 0.2421875 0.4404296875 0.0029296875 0.00390625
2 0.240234375 0.4404296875 0.001953125 0.0029296875
2 0.2001953125 0.4423828125 0.0029296875 0.0048828125
2 0.1767578125 0.4423828125 0.0029296875 0.00390625
2 0.1591796875 0.4443359375 0.00390625 0.0048828125
2 0.1611328125 0.4443359375 0.00390625 0.005859375
2 0.1748046875 0.4453125 0.00390625 0.005859375
2 0.2138671875 0.4453125 0.00390625 0.005859375
2 0.2685546875 0.4462890625 0.00390625 0.005859375
2 0.32421875 0.4462890625 0.0048828125 0.0068359375
2 0.384765625 0.4462890625 0.005859375 0.0078125
2 0.4306640625 0.4482421875 0.005859375 0.0078125
2 0.484375 0.4501953125 0.0078125 0.009765625
2 0.5595703125 0.4541015625 0.0087890625 0.01171875
2 0.6630859375 0.4580078125 0.01171875 0.0146484375
2 0.8349609375 0.4658203125 0.0166015625 0.0185546875
1 0.310546875 0.5302734375 0.0419921875 0.0458984375
1 0.3583984375 0.4833984375 0.0205078125 0.0234375
1 0.2939453125 0.4697265625 0.0146484375 0.0166015625
1 0.216796875 0.4638671875 0.0107421875 0.013671875
1 0.0791015625 0.4619140625 0.0107421875 0.013671875
1 0.0029296875 0.44921875 0.00390625 0.005859375
1 0.0107421875 0.447265625 0.00390625 0.0048828125
1 0.01953125 0.4462890625 0.00390625 0.0048828125
1 0.025390625 0.4453125 0.0029296875 0.00390625
1 0.0322265625 0.4443359375 0.0029296875 0.00390625
1 0.0380859375 0.443359375 0.0029296875 0.0029296875
1 0.04296875 0.443359375 0.001953125 0.0029296875
1 0.068359375 0.44140625 0.001953125 0.0029296875
1 0.15234375 0.4404296875 0.001953125 0.0029296875
1 0.248046875 0.4384765625 0.001953125 0.0029296875
1 0.271484375 0.4384765625 0.001953125 0.0029296875
1 0.2861328125 0.4384765625 0.001953125 0.0029296875
1 0.2958984375 0.439453125 0.001953125 0.00390625
1 0.2802734375 0.4404296875 0.0029296875 0.00390625
1 0.2587890625 0.44140625 0.0029296875 0.00390625
1 0.234375 0.4423828125 0.0029296875 0.00390625
1 0.2275390625 0.4423828125 0.00390625 0.0048828125
1 0.232421875 0.4443359375 0.0029296875 0.00390625
1 0.2646484375 0.4443359375 0.00390625 0.0048828125
1 0.3212890625 0.4443359375 0.00390625 0.005859375
1 0.3876953125 0.443359375 0.00390625 0.005859375
1 0.451171875 0.4443359375 0.0048828125 0.0068359375
1 0.498046875 0.4462890625 0.005859375 0.0078125
1 0.5615234375 0.4482421875 0.005859375 0.0078125
1 0.6376953125 0.4501953125 0.0087890625 0.0107421875
1 0.7568359375 0.453125 0.009765625 0.0126953125
1 0.9384765625 0.458984375 0.013671875 0.015625