2 0.19140625 0.4736328125 0.0234375 0.025390625
2 0.3623046875 0.44921875 0.0146484375 0.0185546875
2 0.41015625 0.4375 0.01171875 0.013671875
2 0.4560546875 0.4287109375 0.009765625 0.01171875
2 0.5595703125 0.423828125 0.0068359375 0.0107421875
2 0.6650390625 0.4189453125 0.0068359375 0.0087890625
2 0.7314453125 0.4140625 0.005859375 0.0087890625
2 0.84765625 0.3994140625 0.00390625 0.005859375
2 0.923828125 0.3935546875 0.0029296875 0.0048828125
2 0.978515625 0.392578125 0.0029296875 0.00390625
2 0.974609375 0.4287109375 0.017578125 0.01953125
1 0.412109375 0.490234375 0.0322265625 0.03515625
1 0.5693359375 0.453125 0.0185546875 0.021484375
1 0.552734375 0.439453125 0.0126953125 0.015625
1 0.5908203125 0.4306640625 0.0107421875 0.0126953125
1 0.68359375 0.423828125 0.0087890625 0.01171875
1 0.8037109375 0.4169921875 0.0087890625 0.0107421875
1 0.853515625 0.412109375 0.0068359375 0.0087890625
1 0.8623046875 0.4072265625 0.0068359375 0.0087890625
1 0.8125 0.40625 0.0048828125 0.0068359375
1 0.8046875 0.4052734375 0.0048828125 0.0068359375
1 0.84375 0.40234375 0.0048828125 0.0068359375
1 0.8984375 0.3955078125 0.0029296875 0.0048828125
1 0.9501953125 0.3935546875 0.001953125 0.00390625
1 0.9814453125 0.3935546875 0.001953125 0.00390625
1 0.99609375 0.3974609375 0.00390625 0.005859375
1 0.990234375 0.3974609375 0.00390625 0.005859375
1 0.9921875 0.4013671875 0.00390625 0.005859375
1 0.9853515625 0.404296875 0.0048828125 0.005859375
1 0.98046875 0.40625 0.0068359375 0.0087890625
1 0.974609375 0.4091796875 0.0087890625 0.0107421875
1 0.9521484375 0.4140625 0.0126953125 0.0126953125
1 0.8466796875 0.4228515625 0.0107421875 0.013671875
1 0.7900390625 0.4296875 0.0126953125 0.0166015625
1 0.767578125 0.439453125 0.013671875 0.0185546875
1 0.7724609375 0.4560546875 0.0234375 0.03125
1 0.734375 0.5048828125 0.0439453125 0.0478515625