1 0.6376953125 0.5224609375 0.046875 0.0546875
1 0.5146484375 0.4814453125 0.0283203125 0.0322265625
1 0.4306640625 0.4619140625 0.0166015625 0.0205078125
1 0.43359375 0.4501953125 0.01171875 0.0166015625
1 0.4853515625 0.4384765625 0.009765625 0.0126953125
1 0.521484375 0.4306640625 0.0087890625 0.0107421875
1 0.5439453125 0.4267578125 0.0078125 0.0087890625
1 0.5791015625 0.4228515625 0.0068359375 0.0087890625
1 0.63671875 0.4189453125 0.0068359375 0.0078125
1 0.744140625 0.4150390625 0.005859375 0.0078125
2 0.904296875 0.462890625 0.033203125 0.0322265625
2 0.6640625 0.4462890625 0.0166015625 0.0205078125
2 0.6572265625 0.431640625 0.0107421875 0.0146484375
2 0.6611328125 0.423828125 0.0087890625 0.0107421875
2 0.7138671875 0.4189453125 0.0078125 0.009765625
2 0.7998046875 0.4150390625 0.0078125 0.009765625
2 0.8857421875 0.412109375 0.0087890625 0.009765625
2 0.9970703125 0.4091796875 0.0048828125 0.009765625