2 0.7900390625 0.521484375 0.0419921875 0.046875
2 0.6640625 0.478515625 0.017578125 0.0244140625
2 0.630859375 0.462890625 0.0126953125 0.0166015625
2 0.671875 0.4541015625 0.009765625 0.0126953125
2 0.771484375 0.451171875 0.009765625 0.01171875
2 0.9052734375 0.4501953125 0.009765625 0.01171875
1 0.87890625 0.4462890625 0.0078125 0.009765625
1 0.2958984375 0.5224609375 0.037109375 0.0419921875
1 0.3876953125 0.478515625 0.017578125 0.0224609375
1 0.4287109375 0.46484375 0.0126953125 0.0166015625
1 0.4794921875 0.4560546875 0.009765625 0.0126953125
1 0.5595703125 0.451171875 0.0087890625 0.0107421875
1 0.66015625 0.4482421875 0.0068359375 0.0087890625
1 0.7490234375 0.447265625 0.0078125 0.0087890625