2 0.5078125 0.4423828125 0.01171875 0.0146484375
2 0.12109375 0.4931640625 0.0400390625 0.0419921875
2 0.150390625 0.4375 0.013671875 0.0166015625
2 0.6591796875 0.447265625 0.01171875 0.0146484375
2 0.5966796875 0.548828125 0.0546875 0.0634765625
1 0.1318359375 0.4296875 0.0107421875 0.0126953125
2 0.8828125 0.4580078125 0.015625 0.0166015625
1 0.990234375 0.4560546875 0.013671875 0.0146484375
1 0.6357421875 0.439453125 0.0087890625 0.0107421875
1 0.796875 0.4453125 0.009765625 0.0126953125
1 0.318359375 0.431640625 0.0078125 0.0107421875
2 0.32421875 0.439453125 0.0107421875 0.013671875
1 0.4755859375 0.4345703125 0.0087890625 0.0107421875