2 0.1943359375 0.48046875 0.033203125 0.03515625
2 0.5322265625 0.5537109375 0.0537109375 0.05859375
2 0.90234375 0.4677734375 0.0126953125 0.015625
2 0.453125 0.4384765625 0.0087890625 0.0107421875
2 0.5849609375 0.4462890625 0.0087890625 0.01171875
2 0.734375 0.45703125 0.0107421875 0.013671875
1 0.41015625 0.4306640625 0.0068359375 0.0087890625
1 0.6591796875 0.4453125 0.0078125 0.0107421875
2 0.1708984375 0.4208984375 0.0068359375 0.0087890625
2 0.333984375 0.4306640625 0.0078125 0.009765625
2 0.0849609375 0.41796875 0.0068359375 0.0087890625
2 0.2578125 0.42578125 0.0078125 0.0087890625
1 0.072265625 0.4140625 0.0068359375 0.0078125
1 0.849609375 0.45703125 0.0107421875 0.01171875
1 0.166015625 0.41796875 0.005859375 0.0068359375
1 0.3369140625 0.42578125 0.0048828125 0.0068359375
1 0.5439453125 0.4384765625 0.0068359375 0.0087890625