2 0.751953125 0.509765625 0.0322265625 0.037109375
2 0.6416015625 0.4755859375 0.0185546875 0.0224609375
2 0.5966796875 0.4619140625 0.0107421875 0.0146484375
2 0.578125 0.4541015625 0.0078125 0.01171875
2 0.583984375 0.4501953125 0.0068359375 0.009765625
2 0.615234375 0.447265625 0.0068359375 0.0087890625
2 0.685546875 0.4462890625 0.005859375 0.0078125
2 0.7724609375 0.4453125 0.0068359375 0.0078125
2 0.8828125 0.4462890625 0.0078125 0.0087890625
2 0.951171875 0.44921875 0.009765625 0.01171875
1 0.3173828125 0.5126953125 0.0341796875 0.0380859375
1 0.3935546875 0.4775390625 0.0166015625 0.021484375
1 0.4287109375 0.462890625 0.01171875 0.0146484375
1 0.4462890625 0.455078125 0.0087890625 0.01171875
1 0.45703125 0.4501953125 0.0068359375 0.0087890625
1 0.5029296875 0.447265625 0.005859375 0.0078125
1 0.564453125 0.4453125 0.005859375 0.0068359375
1 0.6474609375 0.443359375 0.0048828125 0.0068359375
1 0.74609375 0.443359375 0.005859375 0.0078125
1 0.8642578125 0.443359375 0.0068359375 0.0078125
1 0.966796875 0.4443359375 0.0078125 0.0087890625