1 0.216796875 0.5185546875 0.0458984375 0.0517578125
1 0.30078125 0.4619140625 0.021484375 0.0244140625
1 0.3310546875 0.443359375 0.0126953125 0.0166015625
1 0.349609375 0.43359375 0.009765625 0.0126953125
1 0.369140625 0.4306640625 0.0078125 0.009765625
1 0.4248046875 0.4296875 0.005859375 0.0087890625
1 0.458984375 0.4287109375 0.0048828125 0.0078125
1 0.4541015625 0.427734375 0.0048828125 0.0068359375
1 0.421875 0.4248046875 0.00390625 0.0068359375
1 0.3818359375 0.421875 0.0048828125 0.0068359375
1 0.3681640625 0.419921875 0.00390625 0.005859375
1 0.3720703125 0.41796875 0.00390625 0.0048828125
1 0.384765625 0.41796875 0.0029296875 0.00390625
1 0.41015625 0.41796875 0.0029296875 0.00390625
1 0.4375 0.4189453125 0.001953125 0.00390625
1 0.4619140625 0.419921875 0.0029296875 0.00390625
1 0.5244140625 0.4228515625 0.0029296875 0.00390625
1 0.5615234375 0.4248046875 0.0029296875 0.00390625
1 0.61328125 0.4267578125 0.001953125 0.00390625
1 0.6533203125 0.4296875 0.001953125 0.00390625
1 0.7275390625 0.43359375 0.0029296875 0.00390625
1 0.7578125 0.435546875 0.0029296875 0.0048828125
1 0.8115234375 0.4404296875 0.00390625 0.0048828125
1 0.861328125 0.4443359375 0.0048828125 0.0068359375
1 0.9462890625 0.451171875 0.005859375 0.0078125
2 0.77734375 0.5283203125 0.04296875 0.0478515625
2 0.5986328125 0.47265625 0.01953125 0.0244140625
2 0.52734375 0.4501953125 0.0126953125 0.0166015625
2 0.4951171875 0.439453125 0.0087890625 0.0126953125
2 0.5458984375 0.4345703125 0.005859375 0.0087890625
2 0.54296875 0.431640625 0.005859375 0.0078125
2 0.4970703125 0.427734375 0.0048828125 0.0068359375
2 0.443359375 0.423828125 0.0048828125 0.005859375
2 0.43359375 0.421875 0.00390625 0.0048828125
2 0.4287109375 0.4208984375 0.0029296875 0.00390625
2 0.4501953125 0.4208984375 0.0029296875 0.00390625
2 0.486328125 0.421875 0.00390625 0.0048828125
2 0.5224609375 0.423828125 0.00390625 0.00390625
2 0.564453125 0.42578125 0.00390625 0.0048828125
2 0.609375 0.427734375 0.0029296875 0.00390625
2 0.9345703125 0.482421875 0.0205078125 0.021484375
2 0.8662109375 0.466796875 0.0146484375 0.0166015625
2 0.8955078125 0.462890625 0.01171875 0.013671875
2 0.9130859375 0.458984375 0.009765625 0.01171875
2 0.919921875 0.455078125 0.0078125 0.0087890625
2 0.8798828125 0.44921875 0.0068359375 0.0078125
2 0.826171875 0.4443359375 0.005859375 0.0078125
2 0.77734375 0.4404296875 0.005859375 0.005859375
2 0.7333984375 0.4375 0.0048828125 0.005859375
2 0.6962890625 0.43359375 0.00390625 0.0048828125
2 0.6728515625 0.431640625 0.00390625 0.005859375
2 0.6416015625 0.4296875 0.0029296875 0.0048828125