2 0.7412109375 0.501953125 0.0283203125 0.0341796875
2 0.6416015625 0.47265625 0.015625 0.0205078125
2 0.599609375 0.4599609375 0.0107421875 0.013671875
2 0.580078125 0.453125 0.0078125 0.0107421875
2 0.5859375 0.44921875 0.0068359375 0.009765625
2 0.6162109375 0.447265625 0.005859375 0.0078125
2 0.685546875 0.4453125 0.0068359375 0.0078125
2 0.7705078125 0.4453125 0.0068359375 0.0078125
2 0.849609375 0.4453125 0.0068359375 0.0087890625
2 0.9228515625 0.447265625 0.0087890625 0.0107421875
2 0.994140625 0.4521484375 0.0107421875 0.0126953125
1 0.09765625 0.6015625 0.0478515625 0.0419921875
1 0.3505859375 0.50390625 0.029296875 0.033203125
1 0.408203125 0.4736328125 0.015625 0.01953125
1 0.4375 0.4609375 0.0107421875 0.0146484375
1 0.453125 0.4541015625 0.0078125 0.0107421875
1 0.462890625 0.44921875 0.0068359375 0.0087890625
1 0.5078125 0.4462890625 0.005859375 0.0078125
1 0.56640625 0.4443359375 0.005859375 0.0068359375
1 0.6474609375 0.443359375 0.005859375 0.005859375
1 0.744140625 0.443359375 0.005859375 0.0068359375
1 0.859375 0.443359375 0.005859375 0.0078125
1 0.9580078125 0.4443359375 0.005859375 0.0078125