1 0.2607421875 0.4169921875 0.0029296875 0.00390625
1 0.279296875 0.4189453125 0.00390625 0.0048828125
1 0.2998046875 0.419921875 0.00390625 0.0048828125
1 0.32421875 0.4228515625 0.00390625 0.005859375
1 0.3525390625 0.4248046875 0.00390625 0.005859375
1 0.3876953125 0.427734375 0.00390625 0.005859375
1 0.4287109375 0.4306640625 0.005859375 0.0068359375
1 0.4794921875 0.435546875 0.005859375 0.0068359375
1 0.5419921875 0.4404296875 0.005859375 0.0087890625
1 0.625 0.4482421875 0.0078125 0.009765625
1 0.73828125 0.4580078125 0.0087890625 0.0107421875
1 0.900390625 0.47265625 0.013671875 0.0146484375
1 0.083984375 0.40625 0.0029296875 0.00390625
1 0.125 0.408203125 0.001953125 0.00390625
1 0.1669921875 0.41015625 0.001953125 0.0029296875
1 0.1982421875 0.412109375 0.001953125 0.0029296875
1 0.23046875 0.4140625 0.001953125 0.0029296875
1 0.244140625 0.4150390625 0.0029296875 0.00390625
2 0.1708984375 0.4111328125 0.001953125 0.00390625
2 0.1796875 0.412109375 0.001953125 0.00390625
2 0.1904296875 0.4130859375 0.0029296875 0.00390625
2 0.203125 0.4150390625 0.0029296875 0.00390625
2 0.2177734375 0.416015625 0.00390625 0.0048828125
2 0.2353515625 0.41796875 0.00390625 0.0048828125
2 0.2548828125 0.419921875 0.00390625 0.005859375
2 0.2783203125 0.421875 0.0048828125 0.0068359375
2 0.306640625 0.4248046875 0.005859375 0.0078125
2 0.33984375 0.4287109375 0.005859375 0.0078125
2 0.3837890625 0.4326171875 0.0068359375 0.0087890625
2 0.44140625 0.4384765625 0.0078125 0.0107421875
2 0.5205078125 0.4462890625 0.0087890625 0.0126953125
2 0.630859375 0.4580078125 0.0107421875 0.0146484375
2 0.8037109375 0.4755859375 0.0146484375 0.0185546875
2 0.61328125 0.5888671875 0.0595703125 0.0693359375
2 0.2998046875 0.48828125 0.03125 0.03515625
2 0.1982421875 0.455078125 0.0205078125 0.0234375
2 0.146484375 0.439453125 0.0146484375 0.017578125
2 0.1171875 0.4306640625 0.01171875 0.013671875
2 0.09765625 0.4248046875 0.0087890625 0.01171875
2 0.083984375 0.419921875 0.0078125 0.009765625
2 0.072265625 0.4169921875 0.0068359375 0.0078125
2 0.064453125 0.4140625 0.005859375 0.0078125
2 0.0576171875 0.412109375 0.0048828125 0.005859375
2 0.052734375 0.41015625 0.00390625 0.005859375
2 0.0478515625 0.408203125 0.0029296875 0.0048828125
2 0.0439453125 0.4072265625 0.0029296875 0.00390625
2 0.0390625 0.4072265625 0.001953125 0.00390625
2 0.0546875 0.4052734375 0.001953125 0.00390625
2 0.09765625 0.4072265625 0.0029296875 0.00390625
2 0.140625 0.4091796875 0.0029296875 0.0029296875