1 0.353515625 0.5458984375 0.044921875 0.052734375
1 0.4873046875 0.4990234375 0.025390625 0.03125
1 0.4521484375 0.4873046875 0.021484375 0.0244140625
1 0.3466796875 0.4794921875 0.017578125 0.0205078125
1 0.2412109375 0.4736328125 0.0146484375 0.0166015625
1 0.2138671875 0.46875 0.0126953125 0.0146484375
1 0.232421875 0.462890625 0.009765625 0.01171875
1 0.24609375 0.4580078125 0.0078125 0.009765625
1 0.2578125 0.455078125 0.0068359375 0.0087890625
1 0.2841796875 0.453125 0.0068359375 0.0078125
1 0.33203125 0.4501953125 0.005859375 0.0068359375
2 0.9091796875 0.51171875 0.0341796875 0.0390625
2 0.72265625 0.478515625 0.01953125 0.0224609375
2 0.5478515625 0.4697265625 0.0146484375 0.017578125
2 0.400390625 0.46484375 0.009765625 0.0146484375
2 0.375 0.4580078125 0.0078125 0.0107421875
2 0.3642578125 0.4541015625 0.0068359375 0.0087890625
2 0.4013671875 0.451171875 0.005859375 0.0078125
2 0.462890625 0.44921875 0.0048828125 0.0068359375
2 0.7255859375 0.447265625 0.0068359375 0.0078125
2 0.873046875 0.4501953125 0.0078125 0.009765625
1 0.41796875 0.4482421875 0.00390625 0.005859375
1 0.517578125 0.4462890625 0.00390625 0.005859375
1 0.57421875 0.4462890625 0.00390625 0.005859375
1 0.6552734375 0.4443359375 0.00390625 0.005859375
1 0.802734375 0.4453125 0.00390625 0.005859375
1 0.8828125 0.4462890625 0.005859375 0.0068359375
1 0.9677734375 0.4482421875 0.0068359375 0.0087890625
2 0.587890625 0.447265625 0.0048828125 0.0068359375
2 0.6630859375 0.447265625 0.005859375 0.005859375
2 0.7998046875 0.4482421875 0.005859375 0.0078125