1 0.6357421875 0.533203125 0.0458984375 0.0546875
2 0.3056640625 0.453125 0.0146484375 0.017578125
2 0.169921875 0.4755859375 0.0224609375 0.0234375
2 0.396484375 0.4384765625 0.01171875 0.0146484375
1 0.6748046875 0.43359375 0.009765625 0.0126953125
2 0.7587890625 0.4189453125 0.0078125 0.0107421875
2 0.76953125 0.4130859375 0.0068359375 0.0087890625
2 0.533203125 0.4326171875 0.0087890625 0.013671875
2 0.8193359375 0.404296875 0.0048828125 0.0068359375
2 0.9208984375 0.400390625 0.00390625 0.005859375
2 0.9189453125 0.3955078125 0.00390625 0.0048828125
1 0.3603515625 0.498046875 0.033203125 0.0380859375
1 0.4462890625 0.4599609375 0.017578125 0.021484375
1 0.5400390625 0.443359375 0.0126953125 0.015625
1 0.8408203125 0.4248046875 0.0126953125 0.013671875
1 0.9140625 0.416015625 0.0107421875 0.0126953125
1 0.9296875 0.41015625 0.0087890625 0.0107421875
1 0.8701171875 0.408203125 0.0068359375 0.0087890625
1 0.8623046875 0.40625 0.005859375 0.0078125
1 0.9921875 0.3955078125 0.00390625 0.005859375
1 0.8876953125 0.435546875 0.017578125 0.0185546875
1 0.791015625 0.447265625 0.021484375 0.0234375
1 0.72265625 0.4716796875 0.02734375 0.03125