1 0.5185546875 0.515625 0.041015625 0.048828125
1 0.478515625 0.4658203125 0.021484375 0.0263671875
1 0.4033203125 0.4521484375 0.0146484375 0.0185546875
1 0.923828125 0.4140625 0.0087890625 0.0107421875
1 0.8056640625 0.4130859375 0.005859375 0.0068359375
1 0.74609375 0.4140625 0.00390625 0.005859375
1 0.65234375 0.416015625 0.00390625 0.0048828125
1 0.5810546875 0.41796875 0.00390625 0.005859375
1 0.5244140625 0.419921875 0.00390625 0.005859375
1 0.462890625 0.4228515625 0.0048828125 0.005859375
1 0.330078125 0.4287109375 0.00390625 0.0068359375
1 0.2685546875 0.4326171875 0.005859375 0.0078125
1 0.232421875 0.4365234375 0.0068359375 0.0078125
1 0.20703125 0.439453125 0.0068359375 0.0087890625
1 0.216796875 0.4423828125 0.0078125 0.0107421875
1 0.267578125 0.4443359375 0.009765625 0.0126953125
1 0.337890625 0.4462890625 0.0107421875 0.0146484375
2 0.7568359375 0.4169921875 0.0068359375 0.0087890625
2 0.80078125 0.4189453125 0.0078125 0.009765625
2 0.86328125 0.421875 0.009765625 0.01171875
2 0.9716796875 0.42578125 0.0146484375 0.015625
2 0.7001953125 0.416015625 0.005859375 0.0078125
2 0.6240234375 0.41796875 0.005859375 0.0078125
2 0.55078125 0.4208984375 0.0048828125 0.0068359375
2 0.4697265625 0.4248046875 0.0048828125 0.0068359375
2 0.3955078125 0.427734375 0.005859375 0.0078125
2 0.33984375 0.431640625 0.005859375 0.0078125
2 0.326171875 0.43359375 0.0068359375 0.009765625
2 0.359375 0.435546875 0.0078125 0.0107421875
2 0.431640625 0.435546875 0.0087890625 0.01171875
2 0.525390625 0.4375 0.01171875 0.0146484375
2 0.6513671875 0.44140625 0.0146484375 0.0185546875
2 0.796875 0.453125 0.0224609375 0.0263671875