2 0.986328125 0.4072265625 0.0048828125 0.005859375
2 0.9423828125 0.41015625 0.005859375 0.0068359375
2 0.9189453125 0.4130859375 0.005859375 0.0068359375
2 0.92578125 0.416015625 0.0068359375 0.0087890625
2 0.9775390625 0.4169921875 0.0078125 0.0107421875
2 0.99609375 0.4912109375 0.0068359375 0.0380859375
2 0.8173828125 0.4541015625 0.01953125 0.0234375
2 0.73828125 0.443359375 0.013671875 0.0166015625
2 0.7177734375 0.4345703125 0.009765625 0.0126953125
2 0.740234375 0.4296875 0.0078125 0.0107421875
2 0.7734375 0.423828125 0.0078125 0.0087890625
2 0.7998046875 0.419921875 0.005859375 0.0078125
2 0.8212890625 0.4169921875 0.0048828125 0.0078125
2 0.8369140625 0.4140625 0.0048828125 0.005859375
2 0.849609375 0.412109375 0.00390625 0.005859375
2 0.8603515625 0.41015625 0.00390625 0.005859375
2 0.8701171875 0.4091796875 0.00390625 0.0048828125
2 0.8837890625 0.408203125 0.0029296875 0.0048828125
2 0.916015625 0.4052734375 0.00390625 0.0048828125
2 0.9697265625 0.4033203125 0.0029296875 0.00390625
1 0.603515625 0.4970703125 0.033203125 0.037109375
1 0.5634765625 0.4638671875 0.0166015625 0.021484375
1 0.5458984375 0.4482421875 0.01171875 0.0146484375
1 0.578125 0.4384765625 0.0087890625 0.01171875
1 0.6328125 0.4326171875 0.0078125 0.009765625
1 0.6806640625 0.4267578125 0.0068359375 0.0087890625
1 0.7138671875 0.4228515625 0.005859375 0.0068359375
1 0.7431640625 0.4189453125 0.0048828125 0.005859375
1 0.7646484375 0.4169921875 0.00390625 0.005859375
1 0.7861328125 0.4140625 0.00390625 0.0048828125
1 0.796875 0.4130859375 0.0029296875 0.00390625
1 0.80859375 0.4111328125 0.00390625 0.0048828125
1 0.822265625 0.41015625 0.0029296875 0.0048828125
1 0.84375 0.408203125 0.0029296875 0.00390625
1 0.9345703125 0.404296875 0.0029296875 0.00390625
1 0.986328125 0.40234375 0.00390625 0.00390625