2 0.6826171875 0.41015625 0.001953125 0.0029296875
2 0.69921875 0.41015625 0.001953125 0.00390625
2 0.685546875 0.4111328125 0.001953125 0.00390625
2 0.6669921875 0.4130859375 0.0029296875 0.00390625
2 0.642578125 0.4140625 0.0029296875 0.00390625
2 0.6220703125 0.416015625 0.0029296875 0.00390625
2 0.61328125 0.4169921875 0.0029296875 0.0048828125
2 0.6240234375 0.41796875 0.00390625 0.005859375
2 0.6591796875 0.41796875 0.0048828125 0.0068359375
2 0.7109375 0.4169921875 0.0048828125 0.0068359375
2 0.779296875 0.416015625 0.0048828125 0.0068359375
2 0.8359375 0.416015625 0.0068359375 0.0087890625
2 0.896484375 0.4169921875 0.0087890625 0.0107421875
2 0.9638671875 0.419921875 0.0107421875 0.0126953125
2 0.8935546875 0.4345703125 0.015625 0.0185546875
2 0.755859375 0.4306640625 0.0107421875 0.013671875
2 0.65234375 0.4296875 0.0087890625 0.01171875
2 0.5859375 0.4287109375 0.0068359375 0.009765625
2 0.544921875 0.427734375 0.005859375 0.0078125
2 0.5390625 0.42578125 0.005859375 0.0078125
2 0.544921875 0.4228515625 0.00390625 0.005859375
2 0.5498046875 0.4208984375 0.00390625 0.005859375
2 0.5537109375 0.419921875 0.0029296875 0.0048828125
2 0.5576171875 0.41796875 0.0029296875 0.0048828125
2 0.560546875 0.4169921875 0.0029296875 0.0048828125
2 0.564453125 0.416015625 0.0029296875 0.00390625
2 0.5703125 0.4150390625 0.001953125 0.00390625
2 0.587890625 0.4140625 0.001953125 0.00390625
2 0.6201171875 0.412109375 0.001953125 0.0029296875
2 0.6533203125 0.4111328125 0.001953125 0.0029296875
1 0.6640625 0.41015625 0.001953125 0.0029296875
1 0.6923828125 0.41015625 0.001953125 0.0029296875
1 0.72265625 0.4091796875 0.001953125 0.001953125
1 0.7470703125 0.408203125 0.0029296875 0.00390625
1 0.7314453125 0.41015625 0.0029296875 0.00390625
1 0.7138671875 0.4111328125 0.001953125 0.0029296875
1 0.6923828125 0.4130859375 0.0029296875 0.00390625
1 0.67578125 0.4140625 0.0029296875 0.0048828125
1 0.6826171875 0.4150390625 0.00390625 0.005859375
1 0.7080078125 0.4150390625 0.0029296875 0.0048828125
1 0.7763671875 0.4130859375 0.00390625 0.005859375
1 0.84375 0.412109375 0.005859375 0.0078125
1 0.90625 0.4111328125 0.0068359375 0.0078125
1 0.9765625 0.412109375 0.0078125 0.0087890625
1 0.7529296875 0.4970703125 0.0341796875 0.04296875
1 0.7685546875 0.4619140625 0.0244140625 0.02734375
1 0.7275390625 0.4462890625 0.0166015625 0.01953125
1 0.63671875 0.4384765625 0.01171875 0.0146484375
1 0.541015625 0.435546875 0.0087890625 0.01171875
1 0.4736328125 0.43359375 0.0078125 0.009765625
1 0.4521484375 0.4306640625 0.005859375 0.0078125
1 0.4658203125 0.427734375 0.0048828125 0.0068359375
1 0.48046875 0.4248046875 0.00390625 0.005859375
1 0.4912109375 0.423828125 0.00390625 0.0048828125
1 0.5009765625 0.421875 0.0029296875 0.00390625
1 0.5078125 0.419921875 0.0029296875 0.00390625
1 0.5146484375 0.4189453125 0.001953125 0.00390625
1 0.517578125 0.41796875 0.001953125 0.00390625
1 0.5224609375 0.4169921875 0.001953125 0.0029296875
1 0.5283203125 0.416015625 0.001953125 0.0029296875
1 0.5400390625 0.416015625 0.001953125 0.0029296875
1 0.5966796875 0.4130859375 0.001953125 0.0029296875
1 0.626953125 0.412109375 0.001953125 0.0029296875