2 0.76171875 0.5087890625 0.0361328125 0.0400390625
2 0.6435546875 0.4775390625 0.01953125 0.0224609375
2 0.552734375 0.4658203125 0.0126953125 0.0166015625
2 0.4375 0.458984375 0.009765625 0.0126953125
2 0.3349609375 0.45703125 0.0087890625 0.01171875
2 0.240234375 0.4560546875 0.0078125 0.0107421875
2 0.1494140625 0.455078125 0.0078125 0.009765625
2 0.1123046875 0.453125 0.0068359375 0.0087890625
2 0.1083984375 0.44921875 0.0048828125 0.0068359375
2 0.1142578125 0.4453125 0.00390625 0.005859375
2 0.115234375 0.4423828125 0.0029296875 0.00390625
2 0.1240234375 0.44140625 0.0029296875 0.00390625
2 0.14453125 0.4404296875 0.0029296875 0.00390625
2 0.1806640625 0.4404296875 0.001953125 0.0029296875
2 0.2177734375 0.4423828125 0.0029296875 0.00390625
2 0.2509765625 0.439453125 0.001953125 0.0029296875
2 0.2578125 0.439453125 0.001953125 0.00390625
2 0.1943359375 0.4423828125 0.0029296875 0.00390625
2 0.177734375 0.4443359375 0.00390625 0.0048828125
2 0.1796875 0.4443359375 0.00390625 0.005859375
2 0.1923828125 0.4453125 0.00390625 0.005859375
2 0.2314453125 0.4453125 0.0048828125 0.005859375
2 0.2841796875 0.4453125 0.00390625 0.005859375
2 0.3984375 0.4462890625 0.005859375 0.0078125
2 0.4443359375 0.4482421875 0.0068359375 0.0087890625
2 0.4970703125 0.4501953125 0.0078125 0.009765625
2 0.5703125 0.453125 0.0087890625 0.0107421875
2 0.671875 0.4580078125 0.01171875 0.0146484375
2 0.83984375 0.46484375 0.0166015625 0.0185546875
1 0.3291015625 0.5244140625 0.0400390625 0.0439453125
1 0.373046875 0.4814453125 0.01953125 0.0224609375
1 0.310546875 0.4677734375 0.013671875 0.0166015625
1 0.2353515625 0.462890625 0.0107421875 0.013671875
1 0.1025390625 0.4609375 0.0107421875 0.0126953125
1 0.0146484375 0.458984375 0.0107421875 0.01171875
1 0.013671875 0.4501953125 0.005859375 0.0068359375
1 0.025390625 0.4482421875 0.0048828125 0.005859375
1 0.0341796875 0.447265625 0.00390625 0.005859375
1 0.0419921875 0.4453125 0.00390625 0.0048828125
1 0.0478515625 0.4453125 0.00390625 0.00390625
1 0.0546875 0.4443359375 0.0029296875 0.00390625
1 0.0595703125 0.443359375 0.001953125 0.0029296875
1 0.064453125 0.4423828125 0.001953125 0.0029296875
1 0.0888671875 0.44140625 0.001953125 0.0029296875
1 0.169921875 0.4404296875 0.001953125 0.0029296875
1 0.263671875 0.4384765625 0.001953125 0.0029296875
1 0.287109375 0.4384765625 0.001953125 0.0029296875
1 0.30078125 0.439453125 0.001953125 0.0029296875
1 0.3115234375 0.439453125 0.001953125 0.00390625
1 0.294921875 0.4404296875 0.0029296875 0.00390625
1 0.2744140625 0.44140625 0.0029296875 0.00390625
1 0.2509765625 0.44140625 0.0029296875 0.00390625
1 0.2431640625 0.4423828125 0.00390625 0.005859375
1 0.2490234375 0.443359375 0.00390625 0.0048828125
1 0.28125 0.4443359375 0.0029296875 0.0048828125
1 0.3359375 0.4443359375 0.0048828125 0.005859375
1 0.40234375 0.443359375 0.0048828125 0.005859375
1 0.4638671875 0.4443359375 0.005859375 0.0068359375
1 0.509765625 0.4453125 0.005859375 0.0078125
1 0.572265625 0.4482421875 0.005859375 0.0078125
1 0.6484375 0.4501953125 0.0078125 0.009765625
1 0.765625 0.453125 0.009765625 0.01171875
1 0.9443359375 0.458984375 0.013671875 0.015625