1 0.921875 0.455078125 0.0078125 0.0087890625
1 0.7744140625 0.4482421875 0.009765625 0.0107421875
1 0.6708984375 0.4453125 0.0087890625 0.01171875
1 0.560546875 0.44140625 0.009765625 0.01171875
1 0.4296875 0.4375 0.0087890625 0.01171875
1 0.2978515625 0.435546875 0.01171875 0.0146484375
1 0.1435546875 0.4365234375 0.015625 0.017578125
1 0.0048828125 0.447265625 0.0087890625 0.0185546875
2 0.919921875 0.462890625 0.0126953125 0.0146484375
2 0.7578125 0.455078125 0.01171875 0.0146484375
2 0.591796875 0.4501953125 0.01171875 0.015625
2 0.4345703125 0.447265625 0.013671875 0.017578125
2 0.30078125 0.4501953125 0.0185546875 0.021484375
2 0.2353515625 0.46484375 0.0263671875 0.0283203125
2 0.3115234375 0.5048828125 0.0390625 0.044921875