1 0.0224609375 0.4130859375 0.0068359375 0.0078125
1 0.0654296875 0.4130859375 0.005859375 0.0078125
1 0.0615234375 0.412109375 0.0048828125 0.0068359375
1 0.0263671875 0.4111328125 0.0048828125 0.0068359375
1 0.0234375 0.4052734375 0.00390625 0.00390625
1 0.0595703125 0.40625 0.0029296875 0.00390625
1 0.0908203125 0.4072265625 0.00390625 0.00390625
1 0.123046875 0.408203125 0.00390625 0.00390625
1 0.1650390625 0.4091796875 0.0029296875 0.00390625
1 0.2578125 0.4130859375 0.0029296875 0.00390625
1 0.294921875 0.4140625 0.001953125 0.00390625
1 0.330078125 0.4150390625 0.001953125 0.00390625
1 0.35546875 0.4169921875 0.0029296875 0.00390625
1 0.3759765625 0.41796875 0.0029296875 0.00390625
1 0.4111328125 0.4208984375 0.0029296875 0.00390625
1 0.4404296875 0.4228515625 0.0029296875 0.0048828125
1 0.4853515625 0.42578125 0.00390625 0.005859375
1 0.5234375 0.4287109375 0.00390625 0.005859375
1 0.5341796875 0.4306640625 0.0048828125 0.0068359375
1 0.525390625 0.4326171875 0.005859375 0.0078125
1 0.5068359375 0.4345703125 0.0078125 0.0087890625
1 0.4873046875 0.4384765625 0.0087890625 0.0107421875
1 0.5390625 0.4443359375 0.0087890625 0.01171875
1 0.6640625 0.4541015625 0.01171875 0.0146484375
1 0.84765625 0.46484375 0.015625 0.0166015625
2 0.3251953125 0.513671875 0.0419921875 0.0498046875
2 0.2138671875 0.46875 0.0263671875 0.0302734375
2 0.150390625 0.447265625 0.017578125 0.021484375
2 0.1171875 0.4345703125 0.0126953125 0.0166015625
2 0.095703125 0.42578125 0.0087890625 0.0126953125
2 0.0830078125 0.419921875 0.0078125 0.0107421875
2 0.0966796875 0.41796875 0.0078125 0.009765625
2 0.1552734375 0.4169921875 0.005859375 0.0078125
2 0.16015625 0.4150390625 0.005859375 0.0078125
2 0.1162109375 0.4130859375 0.0048828125 0.0068359375
2 0.056640625 0.41015625 0.00390625 0.005859375
2 0.048828125 0.408203125 0.00390625 0.005859375
2 0.044921875 0.4072265625 0.0029296875 0.0048828125
2 0.0732421875 0.4072265625 0.00390625 0.0048828125
2 0.1181640625 0.4091796875 0.0029296875 0.00390625
2 0.16015625 0.41015625 0.0029296875 0.0048828125
2 0.2060546875 0.4111328125 0.00390625 0.0048828125
2 0.251953125 0.4130859375 0.0029296875 0.00390625
2 0.73046875 0.47265625 0.0185546875 0.0224609375
2 0.5244140625 0.4560546875 0.0146484375 0.01953125
2 0.4130859375 0.4443359375 0.01171875 0.015625
2 0.3564453125 0.4365234375 0.009765625 0.013671875
2 0.3955078125 0.4306640625 0.0068359375 0.0087890625
2 0.4248046875 0.4287109375 0.005859375 0.0078125
2 0.4462890625 0.427734375 0.0048828125 0.0068359375
2 0.4345703125 0.4248046875 0.00390625 0.005859375
2 0.40625 0.4228515625 0.00390625 0.005859375
2 0.3779296875 0.4208984375 0.00390625 0.0048828125
2 0.3505859375 0.4189453125 0.00390625 0.0048828125
2 0.32421875 0.4169921875 0.0029296875 0.00390625
2 0.306640625 0.416015625 0.0029296875 0.0048828125
2 0.28125 0.4140625 0.0029296875 0.0048828125