2 0.22265625 0.5029296875 0.0419921875 0.046875
2 0.8984375 0.4765625 0.01953125 0.0234375
2 0.0458984375 0.42578125 0.01171875 0.013671875
2 0.7373046875 0.45703125 0.0126953125 0.0166015625
2 0.5498046875 0.4375 0.0087890625 0.0107421875
2 0.0087890625 0.462890625 0.017578125 0.03125
1 0.06640625 0.4208984375 0.009765625 0.01171875
2 0.6416015625 0.4462890625 0.009765625 0.013671875
1 0.2939453125 0.42578125 0.0068359375 0.0087890625
1 0.890625 0.4609375 0.01171875 0.0146484375
2 0.3330078125 0.4296875 0.0078125 0.0107421875
1 0.3779296875 0.427734375 0.0068359375 0.0078125
2 0.1953125 0.4267578125 0.009765625 0.0126953125
1 0.5986328125 0.435546875 0.0068359375 0.0087890625
2 0.44140625 0.4326171875 0.0078125 0.009765625
1 0.6806640625 0.44140625 0.0078125 0.0087890625
1 0.474609375 0.4306640625 0.005859375 0.0087890625
1 0.7626953125 0.4482421875 0.0087890625 0.01171875
2 0.00390625 0.4482421875 0.0078125 0.021484375