2 0.298828125 0.4541015625 0.0166015625 0.0205078125
2 0.2744140625 0.4755859375 0.0244140625 0.0302734375
2 0.4228515625 0.451171875 0.0126953125 0.0166015625
2 0.7587890625 0.4677734375 0.0146484375 0.0166015625
1 0.3671875 0.439453125 0.0107421875 0.0126953125
1 0.263671875 0.4375 0.0126953125 0.013671875
2 0.4990234375 0.5439453125 0.048828125 0.0595703125
2 0.5849609375 0.4560546875 0.01171875 0.0166015625
1 0.8759765625 0.466796875 0.0126953125 0.013671875
1 0.4765625 0.443359375 0.0087890625 0.01171875
1 0.7099609375 0.455078125 0.0087890625 0.01171875
1 0.119140625 0.4384765625 0.015625 0.0166015625
1 0.583984375 0.4482421875 0.0078125 0.0107421875