1 0.38671875 0.4892578125 0.0107421875 0.0234375
1 0.4189453125 0.4716796875 0.0126953125 0.017578125
1 0.4404296875 0.4609375 0.009765625 0.0126953125
1 0.453125 0.455078125 0.0078125 0.009765625
1 0.46484375 0.451171875 0.005859375 0.0078125
1 0.478515625 0.44921875 0.005859375 0.0078125
1 0.521484375 0.4462890625 0.0048828125 0.0068359375
1 0.5478515625 0.4453125 0.00390625 0.005859375
1 0.4912109375 0.4443359375 0.00390625 0.005859375
1 0.4814453125 0.443359375 0.0029296875 0.0048828125
1 0.4853515625 0.44140625 0.0029296875 0.0048828125
1 0.4951171875 0.44140625 0.001953125 0.00390625
1 0.5166015625 0.4404296875 0.001953125 0.00390625
1 0.5625 0.439453125 0.001953125 0.0029296875
1 0.5859375 0.439453125 0.001953125 0.00390625
1 0.619140625 0.439453125 0.0029296875 0.00390625
1 0.7001953125 0.4384765625 0.0029296875 0.0029296875
1 0.736328125 0.4384765625 0.001953125 0.0029296875
1 0.7734375 0.4384765625 0.001953125 0.00390625
1 0.8017578125 0.4384765625 0.0029296875 0.00390625
1 0.8681640625 0.4404296875 0.0029296875 0.00390625
1 0.9052734375 0.44140625 0.00390625 0.0048828125
1 0.96875 0.4423828125 0.0048828125 0.0068359375
1 0.9970703125 0.4521484375 0.0048828125 0.009765625
1 0.9716796875 0.455078125 0.0107421875 0.01171875
1 0.291015625 0.5283203125 0.0400390625 0.0458984375
2 0.791015625 0.5185546875 0.0400390625 0.0439453125
2 0.6240234375 0.46875 0.0146484375 0.0185546875
2 0.5947265625 0.4599609375 0.0107421875 0.013671875
2 0.5751953125 0.4541015625 0.0078125 0.0107421875
2 0.564453125 0.4501953125 0.005859375 0.0087890625
2 0.5712890625 0.4482421875 0.005859375 0.0078125
2 0.6162109375 0.4443359375 0.0068359375 0.0087890625
2 0.583984375 0.443359375 0.00390625 0.005859375
2 0.5400390625 0.443359375 0.0029296875 0.0048828125
2 0.53515625 0.4423828125 0.0029296875 0.00390625
2 0.53125 0.44140625 0.0029296875 0.00390625
2 0.55078125 0.4404296875 0.0029296875 0.00390625
2 0.5830078125 0.4404296875 0.0029296875 0.00390625
2 0.615234375 0.4404296875 0.00390625 0.005859375
2 0.65234375 0.439453125 0.0029296875 0.0048828125
2 0.693359375 0.439453125 0.0029296875 0.00390625
2 0.873046875 0.4638671875 0.0146484375 0.015625
2 0.8056640625 0.45703125 0.0107421875 0.0146484375
2 0.8486328125 0.451171875 0.0078125 0.009765625
2 0.884765625 0.4482421875 0.0068359375 0.0087890625
2 0.912109375 0.4453125 0.005859375 0.0078125
2 0.896484375 0.443359375 0.0048828125 0.005859375
2 0.861328125 0.4423828125 0.0048828125 0.005859375
2 0.826171875 0.44140625 0.0048828125 0.005859375
2 0.7939453125 0.4404296875 0.00390625 0.0048828125
2 0.7666015625 0.439453125 0.0029296875 0.00390625
2 0.7470703125 0.439453125 0.0029296875 0.00390625
2 0.7216796875 0.439453125 0.0029296875 0.00390625
1 0.125 0.4814453125 0.01953125 0.025390625
1 0.2685546875 0.462890625 0.0107421875 0.017578125
2 0.681640625 0.484375 0.015625 0.0244140625
0 0.37109375 0.482421875 0.0234375 0.04296875
0 0.3876953125 0.478515625 0.0234375 0.0380859375
0 0.677734375 0.4755859375 0.0224609375 0.0400390625
0 0.693359375 0.478515625 0.0244140625 0.0419921875