2 0.3447265625 0.455078125 0.0185546875 0.0224609375
2 0.6318359375 0.4736328125 0.0205078125 0.025390625
1 0.0390625 0.423828125 0.01171875 0.0126953125
2 0.0556640625 0.5048828125 0.05078125 0.052734375
2 0.533203125 0.5673828125 0.060546875 0.0732421875
2 0.1376953125 0.4423828125 0.0146484375 0.0185546875
1 0.6669921875 0.45703125 0.013671875 0.0166015625
1 0.1591796875 0.4296875 0.0087890625 0.0126953125
1 0.9521484375 0.4599609375 0.005859375 0.0078125
0 0.12109375 0.435546875 0.0185546875 0.033203125
0 0.1552734375 0.4375 0.0224609375 0.033203125