1 0.4326171875 0.4677734375 0.021484375 0.025390625
1 0.275390625 0.50390625 0.0400390625 0.044921875
2 0.767578125 0.4873046875 0.025390625 0.0283203125
2 0.8623046875 0.544921875 0.048828125 0.0537109375
2 0.73046875 0.4619140625 0.013671875 0.0166015625
2 0.7119140625 0.451171875 0.0087890625 0.0126953125
1 0.759765625 0.4375 0.0048828125 0.0068359375
2 0.7353515625 0.4404296875 0.005859375 0.0078125
2 0.7958984375 0.44140625 0.005859375 0.0078125
1 0.61328125 0.435546875 0.005859375 0.0078125
2 0.8876953125 0.4423828125 0.0048828125 0.0068359375
1 0.7216796875 0.4306640625 0.0029296875 0.00390625
2 0.703125 0.4453125 0.0078125 0.0107421875
2 0.896484375 0.44140625 0.00390625 0.005859375
2 0.85546875 0.4375 0.0029296875 0.0048828125
2 0.87890625 0.439453125 0.00390625 0.005859375
2 0.84375 0.44140625 0.0048828125 0.0068359375
1 0.650390625 0.435546875 0.005859375 0.0078125
1 0.7861328125 0.4345703125 0.0029296875 0.0048828125
2 0.822265625 0.435546875 0.0029296875 0.0048828125
2 0.7666015625 0.4296875 0.0029296875 0.00390625
1 0.5263671875 0.44921875 0.0126953125 0.015625
2 0.7255859375 0.4287109375 0.001953125 0.00390625
1 0.58203125 0.4375 0.0078125 0.009765625
2 0.7783203125 0.4326171875 0.0029296875 0.0048828125
2 0.7373046875 0.4306640625 0.0029296875 0.00390625
1 0.556640625 0.4423828125 0.009765625 0.0126953125
2 0.7001953125 0.4296875 0.0029296875 0.00390625
1 0.75390625 0.4326171875 0.0029296875 0.00390625
2 0.6767578125 0.427734375 0.001953125 0.00390625
2 0.69140625 0.427734375 0.001953125 0.00390625
1 0.806640625 0.4375 0.00390625 0.005859375
1 0.716796875 0.427734375 0.001953125 0.00390625
1 0.634765625 0.4267578125 0.0029296875 0.0048828125
2 0.88671875 0.435546875 0.001953125 0.00390625
2 0.673828125 0.4267578125 0.0029296875 0.00390625
1 0.68359375 0.427734375 0.001953125 0.00390625
1 0.6845703125 0.4287109375 0.0029296875 0.00390625
2 0.87109375 0.4345703125 0.001953125 0.00390625
1 0.6533203125 0.427734375 0.0029296875 0.00390625
1 0.6318359375 0.42578125 0.0029296875 0.00390625
1 0.7001953125 0.4365234375 0.00390625 0.0068359375
1 0.7490234375 0.4287109375 0.001953125 0.0029296875
2 0.8056640625 0.431640625 0.001953125 0.00390625
1 0.7802734375 0.4306640625 0.001953125 0.0029296875
1 0.6552734375 0.42578125 0.0029296875 0.00390625
2 0.9248046875 0.435546875 0.0029296875 0.00390625
0 0.94140625 0.4384765625 0.0048828125 0.0078125
0 0.9462890625 0.4384765625 0.005859375 0.0087890625