2 0.3916015625 0.4404296875 0.005859375 0.0078125
2 0.3173828125 0.4306640625 0.00390625 0.0068359375
2 0.474609375 0.4482421875 0.0078125 0.0107421875
2 0.55078125 0.45703125 0.0087890625 0.01171875
2 0.623046875 0.466796875 0.01171875 0.013671875
2 0.720703125 0.484375 0.0166015625 0.0185546875
2 0.9248046875 0.515625 0.0224609375 0.025390625
2 0.4658203125 0.5810546875 0.060546875 0.068359375
2 0.2080078125 0.474609375 0.0283203125 0.0302734375
2 0.0703125 0.443359375 0.0185546875 0.0205078125
2 0.2470703125 0.42578125 0.005859375 0.0078125
1 0.384765625 0.4345703125 0.00390625 0.0068359375
1 0.5 0.4423828125 0.0048828125 0.0078125
1 0.5703125 0.453125 0.0068359375 0.0087890625
1 0.6865234375 0.4638671875 0.0078125 0.0107421875
1 0.2626953125 0.423828125 0.0048828125 0.0068359375
1 0.2099609375 0.419921875 0.00390625 0.005859375
1 0.138671875 0.4140625 0.0048828125 0.005859375
1 0.0341796875 0.40234375 0.001953125 0.0029296875
1 0.90625 0.4921875 0.013671875 0.015625
1 0.7724609375 0.474609375 0.009765625 0.01171875
0 0.3115234375 0.4287109375 0.005859375 0.0126953125
0 0.3203125 0.4296875 0.0087890625 0.0126953125
0 0.3798828125 0.4326171875 0.005859375 0.0126953125
0 0.388671875 0.43359375 0.0068359375 0.013671875