2 0.5009765625 0.5673828125 0.0625 0.0703125
2 0.3408203125 0.478515625 0.029296875 0.033203125
2 0.3388671875 0.453125 0.0185546875 0.0224609375
2 0.3818359375 0.439453125 0.01171875 0.015625
2 0.37109375 0.4326171875 0.009765625 0.0126953125
2 0.3330078125 0.42578125 0.0087890625 0.0107421875
2 0.2724609375 0.419921875 0.0078125 0.009765625
2 0.203125 0.4140625 0.0078125 0.0087890625
2 0.1435546875 0.4091796875 0.0068359375 0.0087890625
2 0.0751953125 0.404296875 0.0068359375 0.0078125
2 0.0341796875 0.400390625 0.005859375 0.0078125
2 0.01171875 0.3984375 0.005859375 0.0078125
2 0.0439453125 0.3984375 0.00390625 0.005859375
2 0.0869140625 0.3994140625 0.00390625 0.005859375
2 0.091796875 0.3984375 0.00390625 0.0048828125
2 0.05859375 0.3955078125 0.0029296875 0.0048828125
2 0.0361328125 0.3935546875 0.0029296875 0.00390625
2 0.0400390625 0.3935546875 0.0029296875 0.00390625
2 0.0634765625 0.39453125 0.001953125 0.00390625
2 0.1025390625 0.396484375 0.001953125 0.00390625
2 0.134765625 0.3984375 0.0029296875 0.00390625
2 0.1669921875 0.400390625 0.0029296875 0.00390625
2 0.208984375 0.4033203125 0.0029296875 0.00390625
2 0.2646484375 0.4072265625 0.0029296875 0.0048828125
2 0.296875 0.4091796875 0.0029296875 0.00390625
2 0.3154296875 0.4111328125 0.0029296875 0.0048828125
2 0.3369140625 0.4140625 0.0029296875 0.0048828125
2 0.3564453125 0.416015625 0.00390625 0.005859375
2 0.384765625 0.4189453125 0.0048828125 0.005859375
2 0.439453125 0.4228515625 0.0048828125 0.0068359375
2 0.50390625 0.4287109375 0.005859375 0.0078125
2 0.5732421875 0.4345703125 0.0068359375 0.0087890625
2 0.6103515625 0.44140625 0.0078125 0.009765625
2 0.728515625 0.4560546875 0.009765625 0.0126953125
2 0.9501953125 0.4775390625 0.015625 0.017578125
1 0.982421875 0.47265625 0.013671875 0.0146484375
1 0.79296875 0.455078125 0.009765625 0.01171875
1 0.7265625 0.4462890625 0.0048828125 0.0078125
1 0.68359375 0.4404296875 0.005859375 0.0078125
1 0.611328125 0.43359375 0.00390625 0.005859375
1 0.529296875 0.427734375 0.00390625 0.005859375
1 0.45703125 0.421875 0.00390625 0.0048828125
1 0.4140625 0.41796875 0.00390625 0.0048828125
1 0.3955078125 0.416015625 0.0029296875 0.0048828125
1 0.3671875 0.4130859375 0.0029296875 0.00390625
1 0.30078125 0.408203125 0.001953125 0.00390625
1 0.2568359375 0.4052734375 0.0029296875 0.00390625
1 0.21484375 0.4033203125 0.00390625 0.0029296875
1 0.1875 0.4013671875 0.0029296875 0.00390625
1 0.142578125 0.3984375 0.0029296875 0.0029296875
1 0.01953125 0.3916015625 0.0029296875 0.00390625
1 0.001953125 0.3935546875 0.0029296875 0.0048828125
1 0.0595703125 0.4072265625 0.0087890625 0.0107421875
1 0.119140625 0.4130859375 0.009765625 0.01171875
1 0.1708984375 0.4208984375 0.0107421875 0.013671875
1 0.140625 0.4267578125 0.0146484375 0.0166015625
1 0.01171875 0.435546875 0.021484375 0.0234375