1 0.2919921875 0.423828125 0.005859375 0.0078125
1 0.375 0.4287109375 0.0068359375 0.0087890625
1 0.4794921875 0.43359375 0.0078125 0.0087890625
1 0.75 0.4482421875 0.0078125 0.009765625
1 0.9111328125 0.45703125 0.0078125 0.0107421875
1 0.0146484375 0.4697265625 0.029296875 0.033203125
1 0.1005859375 0.4462890625 0.0185546875 0.0205078125
1 0.0185546875 0.4345703125 0.0166015625 0.0185546875
1 0.2255859375 0.419921875 0.005859375 0.0078125
1 0.1611328125 0.4169921875 0.005859375 0.0068359375
1 0.10546875 0.4140625 0.005859375 0.0068359375
1 0.001953125 0.408203125 0.0029296875 0.0068359375
2 0.0146484375 0.412109375 0.0078125 0.0078125
2 0.0732421875 0.4150390625 0.0068359375 0.0087890625
2 0.14453125 0.4189453125 0.0068359375 0.0087890625
2 0.212890625 0.423828125 0.0078125 0.009765625
2 0.302734375 0.4287109375 0.0078125 0.0107421875
2 0.4150390625 0.435546875 0.0087890625 0.0107421875
2 0.5703125 0.4443359375 0.009765625 0.0126953125
2 0.744140625 0.453125 0.0107421875 0.013671875
2 0.9189453125 0.46484375 0.0126953125 0.015625
2 0.076171875 0.4248046875 0.0107421875 0.0126953125
2 0.18359375 0.431640625 0.01171875 0.013671875
2 0.2890625 0.439453125 0.0126953125 0.015625
2 0.373046875 0.451171875 0.015625 0.0185546875
2 0.39453125 0.466796875 0.0205078125 0.025390625
2 0.4501953125 0.501953125 0.0361328125 0.0400390625
1 0.6103515625 0.4404296875 0.0087890625 0.0107421875
0 0.2822265625 0.4140625 0.005859375 0.0107421875
1 0.048828125 0.4111328125 0.0048828125 0.0068359375