1 0.02734375 0.4423828125 0.01953125 0.021484375
1 0.1162109375 0.435546875 0.0146484375 0.0166015625
1 0.1015625 0.431640625 0.013671875 0.015625
1 0.0234375 0.4267578125 0.01171875 0.0146484375
1 0.0078125 0.41015625 0.0068359375 0.0068359375
1 0.060546875 0.4111328125 0.005859375 0.0068359375
1 0.1064453125 0.412109375 0.005859375 0.005859375
1 0.2626953125 0.416015625 0.00390625 0.0048828125
1 0.3876953125 0.4208984375 0.0029296875 0.0048828125
1 0.48828125 0.4267578125 0.00390625 0.0048828125
1 0.5302734375 0.4296875 0.00390625 0.0048828125
1 0.6103515625 0.4345703125 0.0048828125 0.0068359375
1 0.681640625 0.4404296875 0.00390625 0.0068359375
1 0.8046875 0.447265625 0.0068359375 0.0087890625
1 0.947265625 0.4580078125 0.009765625 0.0107421875
2 0.2939453125 0.4951171875 0.0361328125 0.0419921875
2 0.2470703125 0.4609375 0.0224609375 0.0263671875
2 0.31640625 0.4443359375 0.0126953125 0.0166015625
2 0.2861328125 0.4345703125 0.0107421875 0.013671875
2 0.189453125 0.427734375 0.009765625 0.01171875
2 0.0751953125 0.421875 0.0087890625 0.0107421875
2 0.0546875 0.4169921875 0.0078125 0.0087890625
2 0.044921875 0.4140625 0.005859375 0.0078125
2 0.0849609375 0.4140625 0.005859375 0.0068359375
2 0.150390625 0.4150390625 0.005859375 0.0068359375
2 0.2080078125 0.416015625 0.0048828125 0.005859375
2 0.271484375 0.41796875 0.00390625 0.005859375
2 0.3349609375 0.419921875 0.00390625 0.005859375
2 0.986328125 0.4775390625 0.017578125 0.0185546875
2 0.8798828125 0.4619140625 0.0107421875 0.0126953125
2 0.76953125 0.4501953125 0.0087890625 0.0107421875
2 0.677734375 0.443359375 0.0068359375 0.0087890625
2 0.5966796875 0.4375 0.005859375 0.0078125
2 0.5263671875 0.4326171875 0.0048828125 0.0068359375
2 0.4658203125 0.427734375 0.0048828125 0.0068359375
2 0.4267578125 0.42578125 0.00390625 0.005859375
2 0.380859375 0.4228515625 0.00390625 0.005859375