1 0.361328125 0.4248046875 0.0078125 0.009765625
1 0.47265625 0.4296875 0.0078125 0.0087890625
1 0.591796875 0.435546875 0.0078125 0.009765625
1 0.6943359375 0.443359375 0.0087890625 0.0107421875
1 0.7900390625 0.451171875 0.0107421875 0.0126953125
1 0.923828125 0.46484375 0.0146484375 0.015625
1 0.01953125 0.4267578125 0.0185546875 0.017578125
1 0.1337890625 0.421875 0.0126953125 0.0146484375
1 0.236328125 0.421875 0.0107421875 0.0126953125
2 0.4990234375 0.435546875 0.0087890625 0.01171875
2 0.6123046875 0.4423828125 0.009765625 0.0126953125
2 0.712890625 0.451171875 0.01171875 0.0146484375
2 0.810546875 0.46484375 0.0166015625 0.0185546875
2 0.40234375 0.5185546875 0.0458984375 0.052734375
2 0.2529296875 0.4599609375 0.0234375 0.02734375
2 0.20703125 0.4404296875 0.0185546875 0.0205078125
2 0.2763671875 0.4326171875 0.013671875 0.015625
2 0.3779296875 0.431640625 0.0107421875 0.0126953125