1 0.857421875 0.4423828125 0.0185546875 0.021484375
1 0.7978515625 0.466796875 0.0224609375 0.0322265625
1 0.89453125 0.4287109375 0.0126953125 0.015625
1 0.91796875 0.4189453125 0.009765625 0.0126953125
1 0.9375 0.4140625 0.0087890625 0.0107421875
1 0.96875 0.4013671875 0.00390625 0.0048828125
0 0.7783203125 0.458984375 0.037109375 0.0546875
0 0.7998046875 0.4541015625 0.0390625 0.0498046875
1 0.642578125 0.51953125 0.044921875 0.056640625
1 0.958984375 0.41015625 0.0078125 0.0087890625
1 0.9814453125 0.4033203125 0.005859375 0.0068359375