1 0.0498046875 0.4228515625 0.0126953125 0.013671875
1 0.1123046875 0.4208984375 0.0087890625 0.0107421875
1 0.1044921875 0.4189453125 0.0087890625 0.0107421875
1 0.052734375 0.416015625 0.0087890625 0.0107421875
1 0.001953125 0.4052734375 0.00390625 0.0068359375
1 0.0439453125 0.40625 0.005859375 0.005859375
1 0.0869140625 0.4072265625 0.00390625 0.005859375
1 0.125 0.408203125 0.0048828125 0.005859375
1 0.1630859375 0.4091796875 0.00390625 0.0048828125
1 0.212890625 0.4111328125 0.00390625 0.0048828125
1 0.259765625 0.412109375 0.0029296875 0.00390625
1 0.322265625 0.4150390625 0.0029296875 0.00390625
1 0.3671875 0.4169921875 0.0029296875 0.00390625
1 0.4130859375 0.4189453125 0.001953125 0.00390625
1 0.44921875 0.4208984375 0.0029296875 0.00390625
1 0.4814453125 0.4228515625 0.0029296875 0.0048828125
1 0.5380859375 0.427734375 0.00390625 0.0048828125
1 0.587890625 0.4306640625 0.0048828125 0.005859375
1 0.7548828125 0.4423828125 0.0068359375 0.0087890625
1 0.802734375 0.4482421875 0.0078125 0.0107421875
1 0.8369140625 0.4541015625 0.009765625 0.01171875
1 0.8896484375 0.4638671875 0.013671875 0.015625
1 0.9912109375 0.482421875 0.017578125 0.021484375
2 0.435546875 0.54296875 0.048828125 0.060546875
2 0.23046875 0.46484375 0.0234375 0.0283203125
2 0.169921875 0.44140625 0.0166015625 0.01953125
2 0.17578125 0.431640625 0.01171875 0.015625
2 0.248046875 0.427734375 0.0087890625 0.0107421875
2 0.2421875 0.4228515625 0.0078125 0.0087890625
2 0.17578125 0.41796875 0.0078125 0.0087890625
2 0.091796875 0.4140625 0.0068359375 0.0087890625
2 0.0791015625 0.4111328125 0.005859375 0.0068359375
2 0.072265625 0.4091796875 0.0048828125 0.0068359375
2 0.1064453125 0.4091796875 0.0048828125 0.005859375
2 0.1611328125 0.41015625 0.0048828125 0.0048828125
2 0.2099609375 0.412109375 0.00390625 0.0048828125
2 0.2646484375 0.4140625 0.00390625 0.0048828125
2 0.3193359375 0.4150390625 0.00390625 0.00390625
2 0.8681640625 0.4970703125 0.029296875 0.03125
2 0.7041015625 0.46875 0.017578125 0.0205078125
2 0.6953125 0.45703125 0.0126953125 0.015625
2 0.6865234375 0.44921875 0.0087890625 0.0126953125
2 0.6708984375 0.443359375 0.0078125 0.0107421875
2 0.62109375 0.4365234375 0.0068359375 0.0087890625
2 0.564453125 0.4326171875 0.005859375 0.0078125
2 0.51171875 0.4287109375 0.0048828125 0.0068359375
2 0.4638671875 0.4248046875 0.00390625 0.005859375
2 0.4208984375 0.421875 0.00390625 0.0048828125
2 0.392578125 0.419921875 0.00390625 0.0048828125
2 0.3564453125 0.4169921875 0.00390625 0.0048828125