2 0.1806640625 0.4033203125 0.001953125 0.0029296875
2 0.19921875 0.4033203125 0.001953125 0.0029296875
2 0.1865234375 0.4033203125 0.001953125 0.00390625
2 0.1689453125 0.4033203125 0.001953125 0.00390625
2 0.1455078125 0.4033203125 0.0029296875 0.00390625
2 0.1259765625 0.4033203125 0.0029296875 0.00390625
2 0.1201171875 0.4033203125 0.00390625 0.0048828125
2 0.1357421875 0.4052734375 0.00390625 0.0048828125
2 0.1728515625 0.4072265625 0.00390625 0.005859375
2 0.220703125 0.41015625 0.00390625 0.0048828125
2 0.2763671875 0.412109375 0.00390625 0.005859375
2 0.314453125 0.4150390625 0.0048828125 0.005859375
2 0.3505859375 0.41796875 0.0048828125 0.0068359375
2 0.3828125 0.4208984375 0.0048828125 0.0078125
2 0.43359375 0.4248046875 0.005859375 0.0078125
2 0.498046875 0.431640625 0.0068359375 0.0087890625
2 0.5791015625 0.4384765625 0.0087890625 0.0107421875
2 0.708984375 0.451171875 0.0107421875 0.013671875
2 0.927734375 0.470703125 0.0166015625 0.017578125
2 0.4970703125 0.5361328125 0.05078125 0.056640625
2 0.43359375 0.4716796875 0.0205078125 0.0283203125
2 0.4580078125 0.4501953125 0.013671875 0.0185546875
2 0.447265625 0.4384765625 0.009765625 0.013671875
2 0.4287109375 0.4326171875 0.0078125 0.0107421875
2 0.3896484375 0.427734375 0.0078125 0.0107421875
2 0.34375 0.423828125 0.0078125 0.009765625
2 0.2685546875 0.4189453125 0.0068359375 0.0087890625
2 0.1904296875 0.4150390625 0.0068359375 0.0087890625
2 0.1259765625 0.4111328125 0.005859375 0.0078125
2 0.0751953125 0.4072265625 0.005859375 0.0078125
2 0.05859375 0.40625 0.00390625 0.005859375
2 0.0546875 0.404296875 0.00390625 0.005859375
2 0.0498046875 0.3994140625 0.0029296875 0.00390625
2 0.0537109375 0.3984375 0.0029296875 0.00390625
2 0.07421875 0.3984375 0.001953125 0.0029296875
2 0.1123046875 0.3994140625 0.001953125 0.0029296875
2 0.150390625 0.400390625 0.001953125 0.0029296875
1 0.1591796875 0.4013671875 0.001953125 0.0029296875
1 0.2431640625 0.4052734375 0.001953125 0.0029296875
1 0.23046875 0.4052734375 0.001953125 0.00390625
1 0.2138671875 0.4052734375 0.001953125 0.0029296875
1 0.1953125 0.4052734375 0.001953125 0.00390625
1 0.181640625 0.4052734375 0.001953125 0.00390625
1 0.1904296875 0.40625 0.0029296875 0.00390625
1 0.2158203125 0.408203125 0.0029296875 0.00390625
1 0.2724609375 0.4111328125 0.00390625 0.0048828125
1 0.3203125 0.4130859375 0.00390625 0.0048828125
1 0.3583984375 0.4150390625 0.00390625 0.005859375
1 0.3955078125 0.41796875 0.00390625 0.005859375
1 0.4306640625 0.4208984375 0.00390625 0.005859375
1 0.4736328125 0.423828125 0.005859375 0.0068359375
1 0.5234375 0.427734375 0.005859375 0.0078125
1 0.5849609375 0.4326171875 0.005859375 0.0078125
1 0.6708984375 0.4404296875 0.0078125 0.0087890625
1 0.80078125 0.4501953125 0.009765625 0.0107421875
1 0.025390625 0.4697265625 0.0380859375 0.0361328125
1 0.2138671875 0.4482421875 0.0185546875 0.0224609375
1 0.287109375 0.4287109375 0.0087890625 0.01171875
1 0.2587890625 0.423828125 0.0087890625 0.0107421875
1 0.1923828125 0.4189453125 0.0068359375 0.0087890625
1 0.1015625 0.4130859375 0.0078125 0.009765625
1 0.015625 0.408203125 0.0078125 0.0087890625
1 0.0107421875 0.396484375 0.001953125 0.00390625
1 0.041015625 0.3974609375 0.001953125 0.0029296875
1 0.0830078125 0.3974609375 0.001953125 0.0029296875
1 0.1181640625 0.3994140625 0.001953125 0.0029296875
1 0.2890625 0.4345703125 0.0107421875 0.0146484375