1 0.9306640625 0.439453125 0.00390625 0.0048828125
1 0.9755859375 0.4404296875 0.00390625 0.005859375
1 0.1552734375 0.59765625 0.0517578125 0.0517578125
1 0.431640625 0.4892578125 0.0224609375 0.0263671875
1 0.4716796875 0.470703125 0.0146484375 0.017578125
1 0.4990234375 0.4599609375 0.009765625 0.0126953125
1 0.5322265625 0.4541015625 0.0078125 0.009765625
1 0.5732421875 0.451171875 0.0068359375 0.0087890625
1 0.62890625 0.44921875 0.0068359375 0.0078125
1 0.689453125 0.447265625 0.005859375 0.0078125
1 0.736328125 0.4453125 0.00390625 0.005859375
1 0.7314453125 0.4443359375 0.00390625 0.005859375
1 0.7060546875 0.443359375 0.00390625 0.005859375
1 0.669921875 0.4423828125 0.0029296875 0.0048828125
1 0.8994140625 0.4365234375 0.0029296875 0.00390625
1 0.87109375 0.4384765625 0.0029296875 0.0048828125
1 0.845703125 0.4384765625 0.001953125 0.00390625
1 0.8037109375 0.4384765625 0.0029296875 0.00390625
1 0.6826171875 0.4384765625 0.001953125 0.00390625
1 0.65234375 0.4384765625 0.001953125 0.00390625
1 0.62109375 0.4384765625 0.001953125 0.00390625
1 0.5869140625 0.439453125 0.001953125 0.00390625
1 0.5576171875 0.439453125 0.0029296875 0.00390625
1 0.5380859375 0.4404296875 0.00390625 0.0048828125
1 0.5341796875 0.4404296875 0.00390625 0.0048828125
1 0.5595703125 0.44140625 0.0029296875 0.00390625
1 0.5927734375 0.44140625 0.0029296875 0.0048828125
1 0.6337890625 0.44140625 0.00390625 0.0048828125
2 0.7763671875 0.439453125 0.0029296875 0.00390625
2 0.7939453125 0.4384765625 0.0029296875 0.00390625
2 0.8134765625 0.439453125 0.0029296875 0.0048828125
2 0.8388671875 0.4404296875 0.0029296875 0.0048828125
2 0.86328125 0.4404296875 0.00390625 0.0048828125
2 0.8984375 0.4423828125 0.00390625 0.005859375
2 0.9453125 0.443359375 0.0048828125 0.0068359375
2 0.75 0.4384765625 0.001953125 0.0029296875
2 0.7099609375 0.4384765625 0.0029296875 0.00390625
2 0.671875 0.4384765625 0.0029296875 0.00390625
2 0.5966796875 0.439453125 0.0029296875 0.00390625
2 0.578125 0.4404296875 0.0029296875 0.00390625
2 0.58203125 0.4404296875 0.0029296875 0.00390625
2 0.6083984375 0.4404296875 0.0029296875 0.00390625
2 0.6474609375 0.4404296875 0.0029296875 0.00390625
2 0.6923828125 0.44140625 0.00390625 0.0048828125
2 0.7392578125 0.44140625 0.0029296875 0.0048828125
2 0.7763671875 0.4423828125 0.00390625 0.005859375
2 0.8046875 0.443359375 0.0048828125 0.005859375
2 0.828125 0.4462890625 0.005859375 0.0078125
2 0.7861328125 0.4482421875 0.005859375 0.0078125
2 0.7392578125 0.4501953125 0.005859375 0.0078125
2 0.6787109375 0.453125 0.0078125 0.009765625
2 0.6484375 0.45703125 0.0087890625 0.0126953125
2 0.6640625 0.462890625 0.0107421875 0.0146484375
2 0.703125 0.47265625 0.015625 0.0205078125
2 0.7958984375 0.4970703125 0.02734375 0.03125
0 0.8603515625 0.4384765625 0.0048828125 0.0087890625
0 0.8662109375 0.4384765625 0.005859375 0.009765625
0 0.9296875 0.4384765625 0.005859375 0.0107421875
0 0.935546875 0.4384765625 0.005859375 0.0107421875