1 0.3505859375 0.5078125 0.029296875 0.033203125
2 0.7333984375 0.5009765625 0.029296875 0.033203125
2 0.6123046875 0.466796875 0.0126953125 0.0166015625
2 0.953125 0.470703125 0.0185546875 0.0185546875
2 0.833984375 0.462890625 0.01171875 0.0146484375
1 0.14453125 0.595703125 0.056640625 0.0546875
1 0.9296875 0.455078125 0.009765625 0.0107421875
2 0.779296875 0.45703125 0.009765625 0.013671875
2 0.5859375 0.4599609375 0.0087890625 0.01171875
2 0.568359375 0.4541015625 0.0068359375 0.0087890625
1 0.4658203125 0.451171875 0.005859375 0.0078125
2 0.8232421875 0.451171875 0.0068359375 0.0087890625
1 0.9599609375 0.4521484375 0.0078125 0.0087890625
1 0.4560546875 0.455078125 0.0068359375 0.0087890625
1 0.4775390625 0.4501953125 0.00390625 0.005859375
1 0.517578125 0.4482421875 0.00390625 0.005859375
2 0.55859375 0.4501953125 0.005859375 0.0078125
1 0.48828125 0.4453125 0.00390625 0.0048828125
2 0.8583984375 0.44921875 0.005859375 0.0078125
2 0.56640625 0.44921875 0.0048828125 0.0078125
2 0.8408203125 0.4443359375 0.00390625 0.005859375
1 0.990234375 0.458984375 0.0126953125 0.013671875
2 0.5771484375 0.4453125 0.00390625 0.0048828125
2 0.80859375 0.443359375 0.00390625 0.005859375
1 0.54296875 0.447265625 0.0048828125 0.005859375
2 0.8857421875 0.447265625 0.005859375 0.0078125
2 0.6064453125 0.447265625 0.0048828125 0.0068359375
1 0.4775390625 0.4453125 0.0029296875 0.0048828125
1 0.4462890625 0.4619140625 0.009765625 0.0146484375
2 0.7109375 0.4404296875 0.0029296875 0.0048828125
2 0.75390625 0.44140625 0.00390625 0.00390625
2 0.544921875 0.4423828125 0.001953125 0.00390625
2 0.5302734375 0.443359375 0.0029296875 0.00390625
1 0.556640625 0.44140625 0.001953125 0.00390625
1 0.4912109375 0.4423828125 0.001953125 0.00390625
2 0.8740234375 0.4453125 0.0048828125 0.0068359375
1 0.4814453125 0.443359375 0.0029296875 0.00390625
2 0.5361328125 0.4453125 0.00390625 0.0048828125
1 0.5791015625 0.44140625 0.001953125 0.00390625
2 0.7353515625 0.44140625 0.0029296875 0.0048828125
2 0.68359375 0.4404296875 0.0029296875 0.00390625
1 0.5126953125 0.4423828125 0.001953125 0.0029296875
1 0.517578125 0.443359375 0.0029296875 0.00390625
2 0.5263671875 0.443359375 0.001953125 0.00390625
1 0.6904296875 0.4404296875 0.001953125 0.00390625
2 0.64453125 0.4404296875 0.00390625 0.0048828125
2 0.609375 0.4453125 0.0048828125 0.0068359375
2 0.7802734375 0.4423828125 0.00390625 0.0048828125
2 0.576171875 0.44140625 0.0029296875 0.00390625
1 0.990234375 0.44921875 0.0068359375 0.0078125
1 0.6123046875 0.44140625 0.001953125 0.00390625
1 0.53515625 0.4404296875 0.001953125 0.0029296875
1 0.849609375 0.44140625 0.0029296875 0.00390625
1 0.8837890625 0.4423828125 0.00390625 0.0048828125
2 0.6083984375 0.44140625 0.00390625 0.00390625
1 0.7255859375 0.4404296875 0.001953125 0.00390625
2 0.6572265625 0.4775390625 0.0078125 0.017578125
1 0.478515625 0.4423828125 0.0029296875 0.00390625
1 0.810546875 0.4404296875 0.0029296875 0.00390625
0 0.65625 0.470703125 0.0166015625 0.03515625
0 0.6669921875 0.47265625 0.0224609375 0.037109375