1 0.2490234375 0.556640625 0.0478515625 0.05859375
1 0.0791015625 0.525390625 0.0400390625 0.041015625
1 0.0126953125 0.478515625 0.017578125 0.0185546875
1 0.0625 0.46875 0.013671875 0.013671875
1 0.0927734375 0.4638671875 0.0107421875 0.01171875
1 0.1396484375 0.4599609375 0.0078125 0.009765625
1 0.208984375 0.45703125 0.0078125 0.0087890625
1 0.26953125 0.455078125 0.0068359375 0.0078125
1 0.3212890625 0.453125 0.0068359375 0.0078125
1 0.4404296875 0.44921875 0.0048828125 0.0068359375
1 0.5048828125 0.44921875 0.005859375 0.0078125
1 0.5966796875 0.4482421875 0.005859375 0.0068359375
1 0.673828125 0.4482421875 0.0048828125 0.005859375
1 0.7626953125 0.4482421875 0.005859375 0.0078125
1 0.85546875 0.44921875 0.005859375 0.0078125
1 0.9599609375 0.451171875 0.0087890625 0.0107421875
2 0.7880859375 0.51953125 0.0400390625 0.0439453125
2 0.46875 0.4931640625 0.0234375 0.02734375
2 0.2509765625 0.482421875 0.017578125 0.0205078125
2 0.23828125 0.46875 0.0107421875 0.0166015625
2 0.2939453125 0.45703125 0.0078125 0.0107421875
2 0.3720703125 0.4541015625 0.0068359375 0.0087890625
2 0.4423828125 0.453125 0.0068359375 0.0078125
2 0.521484375 0.451171875 0.0068359375 0.0078125
2 0.6083984375 0.4501953125 0.005859375 0.0078125
2 0.767578125 0.4521484375 0.0087890625 0.0087890625
2 0.6796875 0.451171875 0.0068359375 0.0087890625
2 0.8603515625 0.455078125 0.009765625 0.01171875