1 0.3203125 0.421875 0.0068359375 0.0087890625
1 0.4267578125 0.4267578125 0.0068359375 0.0087890625
1 0.5361328125 0.4326171875 0.0078125 0.0087890625
1 0.6259765625 0.439453125 0.0068359375 0.0087890625
1 0.70703125 0.4462890625 0.0087890625 0.01171875
1 0.8115234375 0.4560546875 0.01171875 0.013671875
1 0.958984375 0.4736328125 0.0166015625 0.0185546875
1 0.1005859375 0.4189453125 0.01171875 0.0126953125
1 0.19921875 0.4189453125 0.009765625 0.0107421875
2 0.4443359375 0.431640625 0.0087890625 0.0107421875
2 0.546875 0.4375 0.0087890625 0.01171875
2 0.630859375 0.4453125 0.009765625 0.0126953125
2 0.701171875 0.455078125 0.0126953125 0.015625
2 0.888671875 0.48046875 0.0205078125 0.0234375
2 0.546875 0.5849609375 0.0703125 0.076171875
2 0.28125 0.4833984375 0.03515625 0.0390625
2 0.193359375 0.447265625 0.01953125 0.0224609375
2 0.162109375 0.43359375 0.0166015625 0.0185546875
2 0.232421875 0.427734375 0.0126953125 0.0146484375
2 0.3310546875 0.427734375 0.0087890625 0.01171875