2 0.720703125 0.51171875 0.0263671875 0.0322265625
2 0.701171875 0.48828125 0.0166015625 0.021484375
2 0.7265625 0.478515625 0.013671875 0.0166015625
2 0.783203125 0.47265625 0.009765625 0.0126953125
2 0.7880859375 0.4697265625 0.0078125 0.0107421875
2 0.76171875 0.46484375 0.0068359375 0.009765625
2 0.712890625 0.4609375 0.005859375 0.0087890625
2 0.662109375 0.4580078125 0.005859375 0.0078125
2 0.619140625 0.4560546875 0.0048828125 0.005859375
2 0.5751953125 0.453125 0.00390625 0.005859375
2 0.5498046875 0.4521484375 0.00390625 0.005859375
2 0.537109375 0.4501953125 0.00390625 0.005859375
2 0.556640625 0.4501953125 0.0029296875 0.0048828125
2 0.5849609375 0.4501953125 0.001953125 0.00390625
2 0.587890625 0.44921875 0.001953125 0.00390625
2 0.56640625 0.4482421875 0.001953125 0.0029296875
2 0.552734375 0.447265625 0.001953125 0.00390625
2 0.5556640625 0.447265625 0.001953125 0.00390625
2 0.5693359375 0.447265625 0.00390625 0.00390625
2 0.5966796875 0.447265625 0.001953125 0.0029296875
2 0.619140625 0.4482421875 0.001953125 0.00390625
2 0.642578125 0.44921875 0.0029296875 0.00390625
2 0.67578125 0.4501953125 0.0029296875 0.00390625
2 0.7236328125 0.4521484375 0.0029296875 0.00390625
2 0.7529296875 0.4541015625 0.0029296875 0.00390625
2 0.7685546875 0.455078125 0.0029296875 0.0048828125
2 0.7880859375 0.45703125 0.00390625 0.0048828125
2 0.8056640625 0.4580078125 0.00390625 0.005859375
2 0.8330078125 0.4599609375 0.00390625 0.005859375
2 0.890625 0.462890625 0.0048828125 0.0068359375
2 0.96484375 0.466796875 0.0068359375 0.0087890625
1 0.150390625 0.5703125 0.0615234375 0.072265625
1 0.3603515625 0.494140625 0.0234375 0.0283203125
1 0.4248046875 0.474609375 0.013671875 0.017578125
1 0.9208984375 0.4619140625 0.00390625 0.0048828125
1 0.873046875 0.458984375 0.0029296875 0.00390625
1 0.8544921875 0.4580078125 0.0029296875 0.00390625
1 0.826171875 0.4560546875 0.0029296875 0.0029296875
1 0.796875 0.4541015625 0.001953125 0.00390625
1 0.759765625 0.453125 0.001953125 0.0029296875
1 0.71875 0.451171875 0.001953125 0.0029296875
1 0.68359375 0.4501953125 0.001953125 0.00390625
1 0.6611328125 0.44921875 0.0029296875 0.0029296875
1 0.6259765625 0.4482421875 0.001953125 0.0029296875
1 0.54296875 0.4462890625 0.001953125 0.0029296875
1 0.51953125 0.4462890625 0.001953125 0.0029296875
1 0.505859375 0.4462890625 0.001953125 0.00390625
1 0.509765625 0.447265625 0.0029296875 0.00390625
1 0.53125 0.4482421875 0.001953125 0.00390625
1 0.5283203125 0.4482421875 0.0029296875 0.00390625
1 0.4951171875 0.4482421875 0.0029296875 0.00390625
1 0.4736328125 0.44921875 0.00390625 0.0048828125
1 0.4833984375 0.451171875 0.00390625 0.005859375
1 0.5078125 0.453125 0.0048828125 0.005859375
1 0.5654296875 0.4560546875 0.0048828125 0.0068359375
1 0.6005859375 0.4580078125 0.005859375 0.0078125
1 0.6318359375 0.4619140625 0.0078125 0.009765625
1 0.6083984375 0.46484375 0.0078125 0.01171875
1 0.53515625 0.46875 0.0107421875 0.0146484375