1 0.64453125 0.4462890625 0.001953125 0.0029296875
1 0.6572265625 0.447265625 0.0029296875 0.0029296875
1 0.6728515625 0.447265625 0.0029296875 0.00390625
1 0.6904296875 0.4482421875 0.0029296875 0.00390625
1 0.7119140625 0.4482421875 0.00390625 0.0048828125
1 0.73828125 0.4501953125 0.00390625 0.0048828125
1 0.7685546875 0.451171875 0.0048828125 0.005859375
1 0.8076171875 0.453125 0.00390625 0.005859375
1 0.8564453125 0.455078125 0.005859375 0.0078125
1 0.923828125 0.4580078125 0.0078125 0.0087890625
1 0.0126953125 0.5986328125 0.025390625 0.0498046875
1 0.291015625 0.5078125 0.029296875 0.033203125
1 0.357421875 0.48046875 0.017578125 0.0205078125
1 0.388671875 0.46875 0.0126953125 0.015625
1 0.4052734375 0.4619140625 0.0087890625 0.01171875
1 0.41796875 0.4580078125 0.0068359375 0.0087890625
1 0.42578125 0.4541015625 0.0048828125 0.0078125
1 0.431640625 0.4521484375 0.0048828125 0.0068359375
1 0.435546875 0.451171875 0.00390625 0.005859375
1 0.4638671875 0.443359375 0.001953125 0.0029296875
1 0.54296875 0.443359375 0.001953125 0.0029296875
1 0.61328125 0.4453125 0.001953125 0.0029296875
1 0.6220703125 0.4453125 0.001953125 0.0029296875
2 0.5712890625 0.4443359375 0.001953125 0.0029296875
2 0.5771484375 0.4443359375 0.001953125 0.0029296875
2 0.583984375 0.4443359375 0.001953125 0.0029296875
2 0.5908203125 0.4453125 0.001953125 0.0029296875
2 0.599609375 0.4462890625 0.001953125 0.00390625
2 0.609375 0.4462890625 0.001953125 0.00390625
2 0.6201171875 0.447265625 0.0029296875 0.00390625
2 0.6328125 0.4482421875 0.0029296875 0.00390625
2 0.6484375 0.44921875 0.0029296875 0.00390625
2 0.666015625 0.4501953125 0.00390625 0.0048828125
2 0.689453125 0.451171875 0.00390625 0.005859375
2 0.7177734375 0.453125 0.0048828125 0.0068359375
2 0.7548828125 0.4560546875 0.005859375 0.0078125
2 0.8046875 0.458984375 0.0068359375 0.0087890625
2 0.875 0.462890625 0.0087890625 0.0107421875
2 0.982421875 0.4697265625 0.01171875 0.0146484375
2 0.7509765625 0.5087890625 0.02734375 0.033203125
2 0.6416015625 0.4814453125 0.015625 0.0205078125
2 0.5927734375 0.4697265625 0.0107421875 0.0146484375
2 0.5654296875 0.462890625 0.0078125 0.01171875
2 0.5478515625 0.4580078125 0.0068359375 0.009765625
2 0.53515625 0.455078125 0.005859375 0.0078125
2 0.5263671875 0.453125 0.0048828125 0.0068359375
2 0.5185546875 0.451171875 0.00390625 0.005859375
2 0.5126953125 0.4501953125 0.00390625 0.0048828125
2 0.5078125 0.4482421875 0.0029296875 0.00390625
2 0.5048828125 0.4482421875 0.0029296875 0.00390625
2 0.5009765625 0.447265625 0.0029296875 0.00390625
2 0.5244140625 0.443359375 0.001953125 0.001953125
2 0.5517578125 0.443359375 0.001953125 0.0029296875