2 0.0927734375 0.44921875 0.013671875 0.0146484375
2 0.271484375 0.447265625 0.0107421875 0.0126953125
2 0.4072265625 0.44921875 0.0087890625 0.0107421875
2 0.5390625 0.455078125 0.009765625 0.0126953125
2 0.6025390625 0.466796875 0.013671875 0.0185546875
2 0.650390625 0.486328125 0.0224609375 0.02734375
2 0.7490234375 0.52734375 0.041015625 0.0458984375
1 0.03515625 0.46484375 0.0205078125 0.021484375
1 0.17578125 0.45703125 0.0146484375 0.017578125
1 0.3095703125 0.4541015625 0.0126953125 0.013671875
1 0.390625 0.4580078125 0.01171875 0.015625
1 0.42578125 0.4658203125 0.0146484375 0.017578125
1 0.3994140625 0.482421875 0.01953125 0.025390625
1 0.337890625 0.5234375 0.037109375 0.0439453125