2 0.7919921875 0.4560546875 0.015625 0.0185546875
2 0.0361328125 0.4638671875 0.0322265625 0.033203125
2 0.6640625 0.443359375 0.01171875 0.0146484375
2 0.33203125 0.5439453125 0.05859375 0.0625
2 0.5498046875 0.43359375 0.009765625 0.0126953125
2 0.439453125 0.4267578125 0.0087890625 0.0107421875
1 0.9619140625 0.4560546875 0.0146484375 0.015625
2 0.00390625 0.4033203125 0.005859375 0.0078125
1 0.5283203125 0.4267578125 0.0078125 0.009765625
1 0.8115234375 0.443359375 0.009765625 0.01171875
2 0.09375 0.40625 0.005859375 0.0078125
2 0.2548828125 0.4140625 0.0068359375 0.0087890625
1 0.654296875 0.43359375 0.0078125 0.0107421875
2 0.1826171875 0.41015625 0.005859375 0.0078125
1 0.416015625 0.4189453125 0.0048828125 0.0068359375
2 0.341796875 0.41796875 0.0048828125 0.0078125
0 0.3349609375 0.416015625 0.0078125 0.0166015625
0 0.3466796875 0.4169921875 0.009765625 0.0166015625
0 0.41015625 0.4169921875 0.0068359375 0.0146484375
0 0.4208984375 0.4169921875 0.0087890625 0.015625
1 0.0185546875 0.4013671875 0.005859375 0.0068359375
1 0.1240234375 0.4052734375 0.005859375 0.0068359375
1 0.2060546875 0.408203125 0.0048828125 0.005859375
1 0.2666015625 0.4111328125 0.00390625 0.0068359375