2 0.5087890625 0.4169921875 0.0029296875 0.00390625
2 0.52734375 0.41796875 0.0029296875 0.00390625
2 0.53125 0.4189453125 0.0029296875 0.00390625
2 0.513671875 0.4189453125 0.00390625 0.0048828125
2 0.4892578125 0.4189453125 0.00390625 0.0048828125
2 0.455078125 0.4189453125 0.00390625 0.005859375
2 0.4228515625 0.419921875 0.0048828125 0.0068359375
2 0.40625 0.4208984375 0.005859375 0.0087890625
2 0.4189453125 0.42578125 0.0068359375 0.0087890625
2 0.4755859375 0.431640625 0.0078125 0.0107421875
2 0.5703125 0.439453125 0.009765625 0.0126953125
2 0.7099609375 0.4501953125 0.0126953125 0.015625
2 0.8642578125 0.4658203125 0.0185546875 0.0205078125
2 0.412109375 0.55859375 0.0537109375 0.072265625
2 0.193359375 0.4794921875 0.0322265625 0.037109375
2 0.1611328125 0.4462890625 0.0205078125 0.0234375
2 0.2041015625 0.43359375 0.013671875 0.0166015625
2 0.2529296875 0.42578125 0.009765625 0.0126953125
2 0.2841796875 0.4208984375 0.0078125 0.009765625
2 0.306640625 0.41796875 0.005859375 0.0078125
2 0.3212890625 0.416015625 0.0048828125 0.0078125
2 0.3330078125 0.4140625 0.00390625 0.005859375
2 0.3408203125 0.4130859375 0.00390625 0.005859375
2 0.349609375 0.412109375 0.0029296875 0.0048828125
2 0.3603515625 0.4111328125 0.0029296875 0.00390625
2 0.3876953125 0.4111328125 0.0029296875 0.00390625
2 0.4296875 0.4130859375 0.0029296875 0.00390625
2 0.47265625 0.4150390625 0.001953125 0.00390625
1 0.4853515625 0.4150390625 0.001953125 0.0029296875
1 0.5205078125 0.416015625 0.001953125 0.0029296875
1 0.556640625 0.41796875 0.001953125 0.00390625
1 0.5859375 0.419921875 0.001953125 0.00390625
1 0.58984375 0.4208984375 0.0029296875 0.0048828125
1 0.5732421875 0.421875 0.00390625 0.0048828125
1 0.552734375 0.421875 0.00390625 0.0048828125
1 0.5244140625 0.421875 0.00390625 0.005859375
1 0.501953125 0.4228515625 0.0048828125 0.0068359375
1 0.513671875 0.4267578125 0.005859375 0.0078125
1 0.55859375 0.4326171875 0.0078125 0.009765625
1 0.67578125 0.439453125 0.009765625 0.0107421875
1 0.802734375 0.4482421875 0.0107421875 0.0126953125
1 0.943359375 0.4599609375 0.013671875 0.0146484375
1 0.0068359375 0.427734375 0.013671875 0.017578125
1 0.1123046875 0.4208984375 0.01171875 0.0126953125
1 0.1689453125 0.4169921875 0.0087890625 0.009765625
1 0.2109375 0.4140625 0.0068359375 0.0087890625
1 0.2392578125 0.412109375 0.005859375 0.0068359375
1 0.2626953125 0.4111328125 0.00390625 0.005859375
1 0.2744140625 0.41015625 0.00390625 0.005859375
1 0.287109375 0.4091796875 0.00390625 0.0048828125
1 0.2998046875 0.4091796875 0.0029296875 0.00390625
1 0.3203125 0.4091796875 0.0029296875 0.00390625
1 0.35546875 0.41015625 0.001953125 0.00390625
1 0.400390625 0.4111328125 0.001953125 0.00390625
1 0.439453125 0.4130859375 0.0029296875 0.0029296875