1 0.0576171875 0.4765625 0.0390625 0.0400390625
1 0.3056640625 0.462890625 0.0234375 0.02734375
1 0.5068359375 0.4599609375 0.0166015625 0.0205078125
1 0.630859375 0.458984375 0.013671875 0.0166015625
1 0.6943359375 0.45703125 0.0107421875 0.0146484375
1 0.7578125 0.4560546875 0.0107421875 0.0126953125
1 0.8134765625 0.455078125 0.009765625 0.0107421875
1 0.8564453125 0.4541015625 0.0087890625 0.009765625
1 0.88671875 0.4541015625 0.0068359375 0.0078125
1 0.916015625 0.453125 0.005859375 0.0078125
1 0.9375 0.453125 0.005859375 0.0078125
1 0.9560546875 0.4521484375 0.0048828125 0.0068359375
1 0.970703125 0.4521484375 0.0048828125 0.005859375
1 0.982421875 0.4521484375 0.00390625 0.005859375
1 0.9931640625 0.451171875 0.00390625 0.0048828125
2 0.6611328125 0.5263671875 0.0419921875 0.046875
2 0.7099609375 0.4912109375 0.025390625 0.029296875
2 0.81640625 0.4814453125 0.0185546875 0.0224609375
2 0.8818359375 0.4755859375 0.0146484375 0.0185546875
2 0.9267578125 0.4716796875 0.0126953125 0.015625
2 0.9619140625 0.466796875 0.0107421875 0.0126953125
2 0.9912109375 0.46484375 0.0087890625 0.0107421875