1 0.7265625 0.4970703125 0.0419921875 0.0458984375
1 0.5927734375 0.4677734375 0.0244140625 0.029296875
1 0.498046875 0.4521484375 0.0146484375 0.0185546875
1 0.490234375 0.443359375 0.0107421875 0.015625
1 0.53125 0.43359375 0.009765625 0.0126953125
1 0.560546875 0.4267578125 0.0087890625 0.0107421875
1 0.580078125 0.4228515625 0.0078125 0.0087890625
1 0.6123046875 0.4189453125 0.0068359375 0.0087890625
1 0.6669921875 0.416015625 0.005859375 0.0078125
2 0.9453125 0.453125 0.0283203125 0.029296875
2 0.7119140625 0.439453125 0.015625 0.01953125
2 0.6962890625 0.427734375 0.009765625 0.0126953125
2 0.6953125 0.419921875 0.0078125 0.009765625
2 0.74609375 0.416015625 0.0078125 0.009765625
2 0.8291015625 0.4111328125 0.0087890625 0.0107421875
2 0.9150390625 0.4091796875 0.0087890625 0.009765625
1 0.7529296875 0.552734375 0.0673828125 0.0712890625