1 0.013671875 0.4150390625 0.0068359375 0.0087890625
1 0.0576171875 0.4150390625 0.005859375 0.0078125
1 0.0185546875 0.412109375 0.0048828125 0.0068359375
1 0.0146484375 0.40625 0.00390625 0.0048828125
1 0.05078125 0.4072265625 0.0029296875 0.00390625
1 0.0830078125 0.408203125 0.00390625 0.00390625
1 0.1162109375 0.4091796875 0.00390625 0.00390625
1 0.1591796875 0.41015625 0.00390625 0.00390625
1 0.2529296875 0.4140625 0.00390625 0.00390625
1 0.291015625 0.416015625 0.001953125 0.0029296875
1 0.3271484375 0.4169921875 0.001953125 0.00390625
1 0.353515625 0.41796875 0.001953125 0.00390625
1 0.3759765625 0.419921875 0.0029296875 0.00390625
1 0.4111328125 0.4228515625 0.0029296875 0.00390625
1 0.4404296875 0.423828125 0.0029296875 0.00390625
1 0.4873046875 0.427734375 0.00390625 0.0048828125
1 0.52734375 0.431640625 0.00390625 0.005859375
1 0.5390625 0.4326171875 0.0048828125 0.0068359375
1 0.5322265625 0.4345703125 0.0048828125 0.0078125
1 0.5146484375 0.4375 0.0068359375 0.0087890625
1 0.498046875 0.4404296875 0.0087890625 0.0107421875
1 0.5546875 0.447265625 0.0087890625 0.0126953125
1 0.6904296875 0.4580078125 0.0126953125 0.015625
1 0.88671875 0.470703125 0.015625 0.017578125
2 0.3779296875 0.53515625 0.048828125 0.056640625
2 0.1552734375 0.451171875 0.0185546875 0.0224609375
2 0.1171875 0.4375 0.013671875 0.0166015625
2 0.091796875 0.427734375 0.0107421875 0.013671875
2 0.078125 0.4208984375 0.0078125 0.0107421875
2 0.0908203125 0.4189453125 0.0078125 0.009765625
2 0.1513671875 0.41796875 0.005859375 0.0078125
2 0.1552734375 0.416015625 0.005859375 0.0078125
2 0.1103515625 0.4140625 0.0048828125 0.0068359375
2 0.048828125 0.4111328125 0.00390625 0.005859375
2 0.0400390625 0.4091796875 0.00390625 0.005859375
2 0.0361328125 0.408203125 0.0029296875 0.0048828125
2 0.0654296875 0.408203125 0.00390625 0.0048828125
2 0.111328125 0.41015625 0.00390625 0.0048828125
2 0.154296875 0.412109375 0.0048828125 0.0068359375
2 0.201171875 0.412109375 0.00390625 0.00390625
2 0.2470703125 0.4140625 0.0029296875 0.00390625
2 0.7783203125 0.48046875 0.0205078125 0.0234375
2 0.55078125 0.4619140625 0.0166015625 0.0205078125
2 0.427734375 0.4482421875 0.0126953125 0.0166015625
2 0.365234375 0.4404296875 0.0087890625 0.0126953125
2 0.3603515625 0.4345703125 0.0068359375 0.0107421875
2 0.400390625 0.4326171875 0.0078125 0.009765625
2 0.4287109375 0.431640625 0.005859375 0.0078125
2 0.44921875 0.4296875 0.0048828125 0.0068359375
2 0.4365234375 0.4267578125 0.00390625 0.005859375
2 0.4072265625 0.4248046875 0.00390625 0.005859375
2 0.376953125 0.4228515625 0.0029296875 0.0048828125
2 0.3486328125 0.4208984375 0.0029296875 0.0048828125
2 0.322265625 0.41796875 0.0029296875 0.00390625
2 0.3037109375 0.4169921875 0.0029296875 0.0048828125
2 0.27734375 0.416015625 0.0029296875 0.0048828125
0 0.2255859375 0.46484375 0.029296875 0.0546875
0 0.2451171875 0.4697265625 0.0361328125 0.056640625
2 0.2314453125 0.4775390625 0.0224609375 0.03125