2 0.896484375 0.4453125 0.021484375 0.0224609375
2 0.740234375 0.4365234375 0.013671875 0.0166015625
2 0.6318359375 0.43359375 0.009765625 0.0126953125
2 0.5517578125 0.431640625 0.0078125 0.0107421875
2 0.53125 0.4287109375 0.0068359375 0.0087890625
2 0.5400390625 0.4248046875 0.005859375 0.0078125
2 0.5498046875 0.4228515625 0.0048828125 0.0068359375
2 0.55859375 0.4208984375 0.00390625 0.005859375
2 0.5654296875 0.4189453125 0.0029296875 0.0048828125
2 0.5703125 0.4169921875 0.0029296875 0.00390625
2 0.57421875 0.416015625 0.0029296875 0.00390625
2 0.5771484375 0.4150390625 0.001953125 0.00390625
2 0.5810546875 0.4150390625 0.001953125 0.00390625
2 0.58984375 0.4140625 0.001953125 0.0029296875
2 0.6083984375 0.412109375 0.001953125 0.0029296875
2 0.6396484375 0.4111328125 0.001953125 0.00390625
2 0.673828125 0.41015625 0.001953125 0.0029296875
2 0.705078125 0.4091796875 0.001953125 0.0029296875
2 0.7119140625 0.4091796875 0.001953125 0.00390625
2 0.708984375 0.41015625 0.001953125 0.00390625
2 0.6943359375 0.4111328125 0.0029296875 0.00390625
2 0.666015625 0.4130859375 0.0029296875 0.0048828125
2 0.6416015625 0.4150390625 0.00390625 0.0048828125
2 0.6220703125 0.416015625 0.00390625 0.005859375
2 0.6318359375 0.4169921875 0.00390625 0.005859375
2 0.666015625 0.4169921875 0.0048828125 0.0068359375
2 0.71875 0.4169921875 0.005859375 0.0068359375
2 0.7822265625 0.4169921875 0.0068359375 0.0078125
2 0.8623046875 0.4169921875 0.0087890625 0.0107421875
2 0.931640625 0.4189453125 0.0107421875 0.0126953125
1 0.6640625 0.51953125 0.0400390625 0.0517578125
1 0.6552734375 0.4619140625 0.0185546875 0.0234375
1 0.5947265625 0.447265625 0.013671875 0.0166015625
1 0.4814453125 0.44140625 0.0107421875 0.013671875
1 0.4267578125 0.4375 0.0087890625 0.01171875
1 0.4130859375 0.435546875 0.0078125 0.0087890625
1 0.435546875 0.4306640625 0.005859375 0.0078125
1 0.458984375 0.427734375 0.0048828125 0.0078125
1 0.478515625 0.4248046875 0.00390625 0.005859375
1 0.4931640625 0.4228515625 0.00390625 0.005859375
1 0.5048828125 0.4208984375 0.0029296875 0.0048828125
1 0.5146484375 0.419921875 0.0029296875 0.00390625
1 0.5234375 0.41796875 0.001953125 0.00390625
1 0.53125 0.4169921875 0.001953125 0.00390625
1 0.5380859375 0.416015625 0.001953125 0.00390625
1 0.5439453125 0.4150390625 0.001953125 0.0029296875
1 0.564453125 0.4140625 0.001953125 0.0029296875
1 0.59375 0.4130859375 0.001953125 0.0029296875
1 0.6328125 0.4111328125 0.001953125 0.00390625
1 0.6767578125 0.4091796875 0.001953125 0.0029296875
1 0.7216796875 0.4072265625 0.001953125 0.0029296875
1 0.7451171875 0.4072265625 0.0029296875 0.0029296875
1 0.759765625 0.4072265625 0.001953125 0.0029296875
1 0.76953125 0.4072265625 0.0029296875 0.0029296875
1 0.75 0.4091796875 0.0029296875 0.00390625
1 0.724609375 0.41015625 0.0029296875 0.00390625
1 0.697265625 0.4130859375 0.0029296875 0.00390625
1 0.6875 0.4140625 0.00390625 0.0048828125
1 0.6904296875 0.4150390625 0.0029296875 0.0048828125
1 0.7216796875 0.4150390625 0.00390625 0.005859375
1 0.7861328125 0.4140625 0.0048828125 0.0068359375
1 0.873046875 0.412109375 0.0068359375 0.0078125
1 0.97265625 0.412109375 0.0087890625 0.009765625