1 0.4208984375 0.4228515625 0.00390625 0.0048828125
1 0.458984375 0.42578125 0.00390625 0.005859375
1 0.5703125 0.4326171875 0.0048828125 0.005859375
1 0.6396484375 0.4365234375 0.00390625 0.005859375
1 0.7158203125 0.443359375 0.005859375 0.0078125
1 0.7763671875 0.44921875 0.0078125 0.009765625
1 0.837890625 0.455078125 0.0087890625 0.0107421875
1 0.9140625 0.4609375 0.0107421875 0.01171875
1 0.09375 0.42578125 0.0107421875 0.01171875
1 0.185546875 0.4248046875 0.0078125 0.009765625
1 0.2421875 0.423828125 0.005859375 0.0078125
1 0.232421875 0.4208984375 0.0048828125 0.0078125
1 0.1982421875 0.41796875 0.005859375 0.0068359375
1 0.1474609375 0.4150390625 0.005859375 0.0068359375
1 0.392578125 0.4208984375 0.00390625 0.0048828125
1 0.296875 0.4150390625 0.0029296875 0.00390625
1 0.2666015625 0.4130859375 0.001953125 0.00390625
1 0.208984375 0.4111328125 0.001953125 0.0029296875
1 0.1591796875 0.4091796875 0.0029296875 0.00390625
1 0.1181640625 0.408203125 0.0029296875 0.0048828125
1 0.072265625 0.4072265625 0.0029296875 0.00390625
1 0.0185546875 0.4052734375 0.0029296875 0.00390625
1 0.029296875 0.4091796875 0.0048828125 0.005859375
1 0.0947265625 0.412109375 0.0048828125 0.0068359375
2 0.2724609375 0.4150390625 0.0029296875 0.00390625
2 0.291015625 0.416015625 0.00390625 0.0048828125
2 0.3125 0.41796875 0.00390625 0.0048828125
2 0.33984375 0.419921875 0.00390625 0.0048828125
2 0.365234375 0.421875 0.00390625 0.005859375
2 0.3994140625 0.423828125 0.0048828125 0.005859375
2 0.4443359375 0.427734375 0.0048828125 0.0068359375
2 0.505859375 0.431640625 0.005859375 0.0078125
2 0.5771484375 0.4365234375 0.005859375 0.0087890625
2 0.63671875 0.44140625 0.0068359375 0.0087890625
2 0.6953125 0.4501953125 0.0087890625 0.01171875
2 0.833984375 0.462890625 0.0126953125 0.015625
2 0.2421875 0.4130859375 0.0029296875 0.00390625
2 0.1943359375 0.4111328125 0.0029296875 0.00390625
2 0.1455078125 0.4091796875 0.00390625 0.0048828125
2 0.087890625 0.4072265625 0.00390625 0.0048828125
2 0.03515625 0.40625 0.00390625 0.0048828125
2 0.00390625 0.4052734375 0.00390625 0.0048828125
2 0.0107421875 0.40625 0.00390625 0.005859375
2 0.0537109375 0.408203125 0.0048828125 0.005859375
2 0.1142578125 0.4111328125 0.00390625 0.005859375
2 0.1767578125 0.4140625 0.0048828125 0.005859375
2 0.236328125 0.4169921875 0.00390625 0.005859375
2 0.28125 0.419921875 0.0048828125 0.0068359375
2 0.314453125 0.421875 0.005859375 0.0078125
2 0.34375 0.42578125 0.005859375 0.0078125
2 0.34765625 0.427734375 0.005859375 0.0087890625
2 0.30859375 0.4287109375 0.0078125 0.009765625
2 0.2587890625 0.431640625 0.009765625 0.01171875
2 0.1806640625 0.4345703125 0.01171875 0.0146484375
2 0.138671875 0.4443359375 0.017578125 0.0205078125
2 0.181640625 0.4599609375 0.0224609375 0.025390625
2 0.2939453125 0.494140625 0.03515625 0.0390625
2 0.7314453125 0.6005859375 0.0546875 0.044921875
0 0.4462890625 0.4189453125 0.0048828125 0.0078125