2 0.0185546875 0.46875 0.0185546875 0.0205078125
2 0.251953125 0.455078125 0.0146484375 0.017578125
2 0.443359375 0.4443359375 0.0126953125 0.0166015625
2 0.5732421875 0.435546875 0.0107421875 0.013671875
2 0.609375 0.427734375 0.0078125 0.0107421875
2 0.6005859375 0.423828125 0.005859375 0.0087890625
2 0.6103515625 0.419921875 0.005859375 0.0078125
2 0.75 0.4130859375 0.0048828125 0.0078125
2 0.7939453125 0.4091796875 0.0048828125 0.0068359375
2 0.7890625 0.4072265625 0.00390625 0.005859375
2 0.8037109375 0.4033203125 0.0029296875 0.0048828125
2 0.861328125 0.3984375 0.0029296875 0.00390625
2 0.888671875 0.396484375 0.0029296875 0.00390625
2 0.9775390625 0.3935546875 0.001953125 0.00390625
2 0.986328125 0.4130859375 0.0087890625 0.0107421875
1 0.1455078125 0.4794921875 0.0234375 0.02734375
1 0.4130859375 0.4580078125 0.015625 0.0205078125
1 0.6298828125 0.4462890625 0.015625 0.0185546875
1 0.7451171875 0.43359375 0.0126953125 0.015625
1 0.7646484375 0.42578125 0.0107421875 0.01171875
1 0.716796875 0.421875 0.0078125 0.009765625
1 0.720703125 0.41796875 0.005859375 0.0078125
1 0.7763671875 0.4150390625 0.005859375 0.0087890625
1 0.8583984375 0.41015625 0.005859375 0.0087890625
1 0.849609375 0.404296875 0.00390625 0.005859375
1 0.83984375 0.4033203125 0.00390625 0.005859375
1 0.8701171875 0.4013671875 0.00390625 0.005859375
1 0.9794921875 0.39453125 0.001953125 0.0029296875
1 0.98046875 0.4052734375 0.005859375 0.0078125
1 0.966796875 0.4072265625 0.0078125 0.0087890625
1 0.8974609375 0.412109375 0.0068359375 0.0087890625
1 0.8671875 0.416015625 0.0078125 0.01171875
1 0.8896484375 0.423828125 0.01171875 0.0126953125
1 0.908203125 0.4306640625 0.013671875 0.0166015625
1 0.8876953125 0.44921875 0.0205078125 0.0234375
1 0.806640625 0.4921875 0.0380859375 0.0419921875
1 0.8916015625 0.40625 0.0048828125 0.0078125