2 0.630859375 0.451171875 0.005859375 0.0078125
2 0.701171875 0.4541015625 0.0068359375 0.0087890625
2 0.755859375 0.45703125 0.0087890625 0.0107421875
2 0.818359375 0.4619140625 0.009765625 0.0126953125
2 0.8720703125 0.4697265625 0.0126953125 0.0146484375
2 0.9599609375 0.482421875 0.017578125 0.0205078125
2 0.1376953125 0.46875 0.0166015625 0.0205078125
2 0.2568359375 0.4609375 0.0126953125 0.0166015625
2 0.330078125 0.4560546875 0.0107421875 0.013671875
2 0.390625 0.4521484375 0.0078125 0.0107421875
2 0.4375 0.4501953125 0.0068359375 0.009765625
2 0.498046875 0.44921875 0.0068359375 0.0087890625
2 0.572265625 0.4501953125 0.0068359375 0.0078125
1 0.626953125 0.4541015625 0.0068359375 0.0087890625
1 0.6767578125 0.4580078125 0.0078125 0.0107421875
1 0.7197265625 0.4658203125 0.0107421875 0.0146484375
1 0.7705078125 0.4765625 0.0146484375 0.0185546875
1 0.71875 0.4921875 0.021484375 0.0263671875
1 0.4658203125 0.5166015625 0.03515625 0.0400390625
1 0.0419921875 0.5908203125 0.0634765625 0.0625
1 0.1220703125 0.494140625 0.029296875 0.0283203125
1 0.3046875 0.4736328125 0.017578125 0.0205078125
1 0.39453125 0.4638671875 0.01171875 0.015625
1 0.4443359375 0.4580078125 0.0107421875 0.0126953125
1 0.484375 0.4541015625 0.0078125 0.009765625
1 0.5498046875 0.4521484375 0.0068359375 0.0087890625