1 0.8388671875 0.4521484375 0.0087890625 0.0107421875
1 0.70703125 0.4453125 0.0087890625 0.009765625
1 0.6103515625 0.4423828125 0.0078125 0.009765625
1 0.5048828125 0.439453125 0.0087890625 0.01171875
1 0.3818359375 0.435546875 0.0087890625 0.0107421875
1 0.25390625 0.43359375 0.0107421875 0.013671875
1 0.1044921875 0.4345703125 0.015625 0.0166015625
2 0.826171875 0.45703125 0.0107421875 0.013671875
2 0.6806640625 0.4501953125 0.009765625 0.013671875
2 0.5263671875 0.4462890625 0.0107421875 0.013671875
2 0.376953125 0.443359375 0.0126953125 0.0166015625
2 0.248046875 0.4462890625 0.0166015625 0.0185546875
2 0.1806640625 0.4560546875 0.0224609375 0.0244140625
2 0.2294921875 0.484375 0.0322265625 0.037109375
2 0.5263671875 0.5615234375 0.0546875 0.0693359375