1 0.833984375 0.44921875 0.0078125 0.0087890625
1 0.875 0.44921875 0.0068359375 0.0078125
1 0.912109375 0.4482421875 0.005859375 0.0068359375
1 0.9443359375 0.4482421875 0.005859375 0.0068359375
1 0.970703125 0.447265625 0.0048828125 0.005859375
1 0.998046875 0.4482421875 0.00390625 0.005859375
1 0.78515625 0.4501953125 0.0087890625 0.0107421875
1 0.7177734375 0.4501953125 0.009765625 0.01171875
1 0.63671875 0.4521484375 0.0107421875 0.013671875
1 0.5009765625 0.453125 0.0146484375 0.017578125
1 0.3115234375 0.45703125 0.01953125 0.0224609375
1 0.060546875 0.4736328125 0.037109375 0.03515625
2 0.6728515625 0.47265625 0.01953125 0.0234375
2 0.7978515625 0.466796875 0.015625 0.0185546875
2 0.875 0.462890625 0.0126953125 0.0146484375
2 0.9345703125 0.4599609375 0.0107421875 0.0126953125
2 0.97265625 0.458984375 0.0087890625 0.0107421875
2 0.998046875 0.45703125 0.00390625 0.0107421875
2 0.513671875 0.49609375 0.0302734375 0.0361328125
0 0.5703125 0.4306640625 0.009765625 0.0185546875