1 0.7275390625 0.44921875 0.001953125 0.00390625
1 0.748046875 0.4501953125 0.00390625 0.00390625
1 0.7724609375 0.451171875 0.00390625 0.005859375
1 0.802734375 0.4521484375 0.0048828125 0.005859375
1 0.8408203125 0.4541015625 0.0048828125 0.0068359375
1 0.8896484375 0.4560546875 0.0068359375 0.0068359375
1 0.955078125 0.4599609375 0.0087890625 0.0087890625
1 0.1689453125 0.55859375 0.0556640625 0.064453125
1 0.3486328125 0.4951171875 0.025390625 0.0283203125
1 0.4052734375 0.4755859375 0.015625 0.0185546875
1 0.43359375 0.4658203125 0.0107421875 0.013671875
1 0.44921875 0.4609375 0.0078125 0.0107421875
1 0.4599609375 0.45703125 0.005859375 0.0087890625
1 0.4677734375 0.4541015625 0.0048828125 0.0068359375
1 0.4736328125 0.4521484375 0.00390625 0.005859375
1 0.4765625 0.4501953125 0.00390625 0.0048828125
1 0.4814453125 0.4482421875 0.0029296875 0.00390625
1 0.50390625 0.4453125 0.001953125 0.0029296875
1 0.5693359375 0.4443359375 0.001953125 0.00390625
1 0.6005859375 0.4453125 0.001953125 0.0029296875
1 0.6357421875 0.4462890625 0.001953125 0.0029296875
1 0.6640625 0.4462890625 0.001953125 0.0029296875
1 0.6826171875 0.447265625 0.001953125 0.0029296875
1 0.6953125 0.447265625 0.001953125 0.0029296875
1 0.7099609375 0.4482421875 0.001953125 0.00390625
2 0.638671875 0.447265625 0.001953125 0.0029296875
2 0.6484375 0.447265625 0.0029296875 0.00390625
2 0.6591796875 0.447265625 0.001953125 0.00390625
2 0.671875 0.4482421875 0.0029296875 0.00390625
2 0.6865234375 0.44921875 0.0029296875 0.00390625
2 0.705078125 0.451171875 0.0029296875 0.0048828125
2 0.7255859375 0.4521484375 0.00390625 0.005859375
2 0.7529296875 0.4541015625 0.0048828125 0.0068359375
2 0.7890625 0.4560546875 0.005859375 0.0078125
2 0.8349609375 0.458984375 0.0068359375 0.0087890625
2 0.9013671875 0.462890625 0.0078125 0.0107421875
2 0.998046875 0.4697265625 0.00390625 0.0126953125
2 0.9765625 0.568359375 0.0458984375 0.060546875
2 0.7333984375 0.498046875 0.0224609375 0.0283203125
2 0.654296875 0.4775390625 0.0146484375 0.0185546875
2 0.6171875 0.4677734375 0.0107421875 0.013671875
2 0.5947265625 0.4619140625 0.0078125 0.0107421875
2 0.5791015625 0.4580078125 0.005859375 0.0087890625
2 0.568359375 0.455078125 0.005859375 0.0078125
2 0.560546875 0.453125 0.00390625 0.0068359375
2 0.5546875 0.451171875 0.00390625 0.005859375
2 0.548828125 0.4501953125 0.0029296875 0.0048828125
2 0.544921875 0.4482421875 0.0029296875 0.00390625
2 0.541015625 0.4482421875 0.001953125 0.00390625
2 0.5380859375 0.447265625 0.00390625 0.00390625
2 0.53515625 0.4462890625 0.001953125 0.0029296875
2 0.5478515625 0.4453125 0.0029296875 0.00390625
2 0.5791015625 0.4453125 0.0029296875 0.00390625
2 0.6142578125 0.4462890625 0.001953125 0.00390625