2 0.98046875 0.4443359375 0.0078125 0.009765625
2 0.9443359375 0.451171875 0.009765625 0.013671875
2 0.98828125 0.59375 0.0224609375 0.05859375
2 0.806640625 0.50390625 0.03125 0.0341796875
2 0.7919921875 0.4736328125 0.0166015625 0.0205078125
2 0.78515625 0.4599609375 0.0107421875 0.0146484375
2 0.78515625 0.451171875 0.0087890625 0.01171875
2 0.78125 0.44140625 0.0048828125 0.0078125
2 0.7880859375 0.4384765625 0.00390625 0.005859375
2 0.818359375 0.4375 0.00390625 0.005859375
2 0.8759765625 0.4365234375 0.0029296875 0.0048828125
2 0.943359375 0.4365234375 0.00390625 0.005859375
1 0.9560546875 0.435546875 0.00390625 0.00390625
1 0.15625 0.5791015625 0.056640625 0.0703125
1 0.4677734375 0.49609375 0.0263671875 0.03125
1 0.5771484375 0.470703125 0.0166015625 0.01953125
1 0.625 0.4599609375 0.01171875 0.0146484375
1 0.65625 0.4521484375 0.0087890625 0.0107421875
1 0.673828125 0.447265625 0.0068359375 0.0087890625
1 0.689453125 0.4443359375 0.005859375 0.0078125
1 0.6953125 0.4423828125 0.00390625 0.0068359375
1 0.703125 0.4404296875 0.00390625 0.005859375
1 0.7119140625 0.4384765625 0.00390625 0.005859375
1 0.7314453125 0.4375 0.00390625 0.005859375
1 0.7724609375 0.4365234375 0.00390625 0.005859375
1 0.828125 0.4365234375 0.0029296875 0.0048828125
1 0.8828125 0.435546875 0.0029296875 0.00390625