1 0.4345703125 0.49609375 0.0234375 0.029296875
2 0.759765625 0.4814453125 0.015625 0.0205078125
1 0.486328125 0.4765625 0.0146484375 0.0185546875
1 0.271484375 0.5634765625 0.0576171875 0.0625
1 0.5107421875 0.466796875 0.0107421875 0.0146484375
2 0.8642578125 0.505859375 0.0263671875 0.03125
2 0.7109375 0.4697265625 0.0107421875 0.0146484375
2 0.8154296875 0.4541015625 0.00390625 0.005859375
2 0.8876953125 0.458984375 0.005859375 0.0078125
1 0.525390625 0.4609375 0.0078125 0.0107421875
2 0.84765625 0.4560546875 0.005859375 0.0068359375
2 0.9443359375 0.462890625 0.0078125 0.009765625
2 0.7900390625 0.4521484375 0.00390625 0.005859375
2 0.6826171875 0.462890625 0.0078125 0.0107421875
1 0.53515625 0.45703125 0.005859375 0.0087890625
2 0.6357421875 0.4521484375 0.00390625 0.005859375
2 0.7705078125 0.4501953125 0.0029296875 0.0048828125
1 0.9501953125 0.45703125 0.005859375 0.0068359375
1 0.90625 0.4541015625 0.005859375 0.005859375
1 0.5419921875 0.4541015625 0.0048828125 0.0068359375
2 0.740234375 0.4482421875 0.0029296875 0.00390625
2 0.65234375 0.4560546875 0.005859375 0.0078125
2 0.7548828125 0.44921875 0.0029296875 0.00390625
2 0.6650390625 0.458984375 0.005859375 0.0087890625
1 0.5478515625 0.4521484375 0.00390625 0.005859375
2 0.642578125 0.453125 0.0048828125 0.0068359375
2 0.728515625 0.4482421875 0.001953125 0.00390625
2 0.62890625 0.4501953125 0.0029296875 0.0048828125
2 0.61328125 0.447265625 0.001953125 0.0029296875
1 0.7822265625 0.44921875 0.001953125 0.00390625
2 0.6240234375 0.44921875 0.001953125 0.00390625
1 0.8193359375 0.4501953125 0.0029296875 0.00390625
1 0.87109375 0.453125 0.0048828125 0.005859375
1 0.798828125 0.44921875 0.0029296875 0.00390625
1 0.8427734375 0.451171875 0.00390625 0.00390625
1 0.552734375 0.4501953125 0.00390625 0.005859375
2 0.7099609375 0.447265625 0.001953125 0.0029296875
2 0.71875 0.447265625 0.001953125 0.00390625
2 0.6162109375 0.4482421875 0.001953125 0.0029296875
2 0.6201171875 0.4482421875 0.0029296875 0.00390625
2 0.6943359375 0.4453125 0.001953125 0.0029296875
2 0.6884765625 0.4453125 0.001953125 0.0029296875
1 0.767578125 0.447265625 0.001953125 0.0029296875
2 0.701171875 0.4462890625 0.001953125 0.0029296875
2 0.68359375 0.4453125 0.001953125 0.0029296875
2 0.609375 0.4462890625 0.001953125 0.0029296875
2 0.6640625 0.4443359375 0.001953125 0.0029296875
2 0.6376953125 0.4443359375 0.001953125 0.001953125
1 0.734375 0.4462890625 0.001953125 0.0029296875
1 0.744140625 0.447265625 0.001953125 0.0029296875
1 0.5791015625 0.443359375 0.001953125 0.001953125
1 0.6298828125 0.443359375 0.001953125 0.0029296875
1 0.65625 0.443359375 0.001953125 0.001953125