2 0.802734375 0.52734375 0.0361328125 0.0419921875
2 0.58203125 0.4912109375 0.0224609375 0.0263671875
2 0.380859375 0.474609375 0.015625 0.0205078125
2 0.2373046875 0.4638671875 0.0126953125 0.0166015625
2 0.20703125 0.458984375 0.0107421875 0.0126953125
2 0.28515625 0.455078125 0.0087890625 0.01171875
2 0.3798828125 0.4541015625 0.0078125 0.0107421875
2 0.4951171875 0.45703125 0.0078125 0.0107421875
2 0.6328125 0.4599609375 0.0087890625 0.01171875
2 0.7568359375 0.462890625 0.0107421875 0.0126953125
1 0.6181640625 0.455078125 0.0068359375 0.0078125
1 0.4951171875 0.451171875 0.0048828125 0.0068359375
1 0.365234375 0.451171875 0.0068359375 0.0087890625
1 0.2265625 0.4501953125 0.0078125 0.0087890625
1 0.07421875 0.451171875 0.0107421875 0.0107421875
1 0.001953125 0.4716796875 0.0029296875 0.017578125
1 0.12890625 0.4833984375 0.0234375 0.0263671875
1 0.25 0.525390625 0.0380859375 0.0458984375