2 0.5537109375 0.458984375 0.015625 0.0205078125
2 0.0947265625 0.482421875 0.0400390625 0.0400390625
2 0.4111328125 0.5400390625 0.052734375 0.0615234375
2 0.4248046875 0.443359375 0.01171875 0.015625
1 0.6875 0.4560546875 0.0126953125 0.0166015625
2 0.7412109375 0.4814453125 0.0234375 0.02734375
2 0.34765625 0.4345703125 0.009765625 0.0126953125
1 0.470703125 0.4365234375 0.0078125 0.0107421875
2 0.29296875 0.427734375 0.0087890625 0.0107421875
1 0.5576171875 0.4443359375 0.009765625 0.01171875
1 0.0439453125 0.4140625 0.0068359375 0.0087890625
2 0.111328125 0.4189453125 0.0087890625 0.009765625
1 0.3994140625 0.4306640625 0.0068359375 0.0087890625
2 0.2216796875 0.4228515625 0.0078125 0.0087890625
1 0.279296875 0.421875 0.005859375 0.0078125
1 0.15625 0.41796875 0.005859375 0.0078125
1 0.345703125 0.42578125 0.005859375 0.0078125
0 0.71484375 0.4697265625 0.0263671875 0.0478515625
0 0.765625 0.474609375 0.029296875 0.0478515625