1 0.5673828125 0.5107421875 0.0400390625 0.048828125
1 0.9296875 0.4150390625 0.0087890625 0.0107421875
1 0.8203125 0.4189453125 0.0078125 0.0087890625
1 0.7255859375 0.4228515625 0.0078125 0.009765625
1 0.6640625 0.4267578125 0.0087890625 0.0107421875
1 0.611328125 0.431640625 0.009765625 0.01171875
1 0.5849609375 0.4384765625 0.009765625 0.013671875
1 0.59765625 0.447265625 0.013671875 0.017578125
1 0.611328125 0.466796875 0.021484375 0.0263671875
2 0.9111328125 0.419921875 0.009765625 0.01171875
2 0.80859375 0.423828125 0.0087890625 0.01171875
2 0.7666015625 0.4287109375 0.009765625 0.013671875
2 0.787109375 0.4345703125 0.013671875 0.0166015625
2 0.8818359375 0.4453125 0.01953125 0.0234375