2 0.6240234375 0.5986328125 0.0595703125 0.0498046875
2 0.2490234375 0.4912109375 0.037109375 0.0419921875
2 0.251953125 0.4541015625 0.021484375 0.0244140625
2 0.3154296875 0.4375 0.0126953125 0.0166015625
2 0.3525390625 0.4306640625 0.009765625 0.0126953125
2 0.376953125 0.42578125 0.0078125 0.009765625
2 0.3935546875 0.421875 0.005859375 0.0078125
2 0.404296875 0.419921875 0.0048828125 0.0068359375
2 0.412109375 0.41796875 0.00390625 0.005859375
2 0.4189453125 0.4169921875 0.0029296875 0.0048828125
2 0.4248046875 0.416015625 0.0029296875 0.0048828125
2 0.4375 0.4150390625 0.0029296875 0.00390625
2 0.4609375 0.4150390625 0.0029296875 0.00390625
2 0.5009765625 0.416015625 0.0029296875 0.00390625
2 0.5419921875 0.41796875 0.0029296875 0.00390625
2 0.5908203125 0.4208984375 0.00390625 0.005859375
2 0.5751953125 0.421875 0.00390625 0.005859375
2 0.5400390625 0.421875 0.00390625 0.005859375
2 0.5087890625 0.4228515625 0.0048828125 0.0068359375
2 0.482421875 0.42578125 0.005859375 0.0087890625
2 0.498046875 0.4287109375 0.0068359375 0.009765625
2 0.55859375 0.43359375 0.0078125 0.01171875
2 0.6640625 0.4423828125 0.0107421875 0.0146484375
2 0.806640625 0.455078125 0.0146484375 0.017578125
1 0.025390625 0.439453125 0.01953125 0.0205078125
1 0.1474609375 0.4296875 0.013671875 0.0146484375
1 0.2216796875 0.4248046875 0.009765625 0.01171875
1 0.2666015625 0.4208984375 0.0078125 0.009765625
1 0.2958984375 0.4189453125 0.005859375 0.0078125
1 0.3203125 0.4169921875 0.005859375 0.0068359375
1 0.337890625 0.416015625 0.0048828125 0.005859375
1 0.3544921875 0.4150390625 0.0029296875 0.0048828125
1 0.3662109375 0.4140625 0.0029296875 0.0048828125
1 0.3759765625 0.4130859375 0.0029296875 0.00390625
1 0.404296875 0.4130859375 0.0029296875 0.00390625
1 0.44140625 0.4140625 0.001953125 0.00390625
1 0.490234375 0.4150390625 0.0029296875 0.00390625
1 0.59765625 0.4189453125 0.0029296875 0.00390625
1 0.6279296875 0.4208984375 0.0029296875 0.00390625
1 0.6484375 0.421875 0.00390625 0.00390625
1 0.6669921875 0.423828125 0.00390625 0.005859375
1 0.646484375 0.4248046875 0.00390625 0.005859375
1 0.6181640625 0.4248046875 0.0048828125 0.005859375
1 0.5859375 0.4248046875 0.00390625 0.005859375
1 0.5771484375 0.427734375 0.005859375 0.0078125
1 0.5869140625 0.4296875 0.005859375 0.0078125
1 0.64453125 0.4345703125 0.0078125 0.009765625
1 0.7626953125 0.443359375 0.0107421875 0.0126953125
1 0.9462890625 0.455078125 0.013671875 0.0146484375