1 0.041015625 0.416015625 0.0087890625 0.0107421875
1 0.03515625 0.4140625 0.0078125 0.009765625
1 0.0224609375 0.404296875 0.00390625 0.0048828125
1 0.0615234375 0.4052734375 0.0048828125 0.005859375
1 0.099609375 0.4072265625 0.00390625 0.0048828125
1 0.1494140625 0.408203125 0.00390625 0.0048828125
1 0.197265625 0.41015625 0.0029296875 0.00390625
1 0.2578125 0.412109375 0.0029296875 0.00390625
1 0.3017578125 0.4140625 0.001953125 0.00390625
1 0.3447265625 0.416015625 0.0029296875 0.0029296875
1 0.3779296875 0.41796875 0.0029296875 0.00390625
1 0.4052734375 0.419921875 0.0029296875 0.0048828125
1 0.4541015625 0.423828125 0.00390625 0.00390625
1 0.4951171875 0.42578125 0.00390625 0.005859375
1 0.5625 0.4306640625 0.0048828125 0.005859375
1 0.625 0.435546875 0.0048828125 0.0078125
1 0.6552734375 0.439453125 0.0068359375 0.0087890625
1 0.6669921875 0.443359375 0.0078125 0.0107421875
1 0.6796875 0.44921875 0.009765625 0.0126953125
1 0.7099609375 0.458984375 0.0126953125 0.0166015625
1 0.8623046875 0.4755859375 0.0185546875 0.0205078125
2 0.4091796875 0.548828125 0.0576171875 0.0625
2 0.1962890625 0.4736328125 0.029296875 0.0322265625
2 0.1162109375 0.443359375 0.017578125 0.0205078125
2 0.0810546875 0.4296875 0.0126953125 0.0166015625
2 0.0927734375 0.423828125 0.0107421875 0.013671875
2 0.166015625 0.4208984375 0.0087890625 0.01171875
2 0.1044921875 0.4140625 0.0068359375 0.0087890625
2 0.0244140625 0.41015625 0.005859375 0.0078125
2 0.01171875 0.408203125 0.0048828125 0.0068359375
2 0.0068359375 0.40625 0.00390625 0.005859375
2 0.041015625 0.40625 0.0048828125 0.005859375
2 0.0966796875 0.4072265625 0.00390625 0.005859375
2 0.146484375 0.4091796875 0.00390625 0.0048828125
2 0.2001953125 0.4111328125 0.00390625 0.0048828125
2 0.25390625 0.4130859375 0.00390625 0.0048828125
2 0.7587890625 0.48828125 0.025390625 0.029296875
2 0.5634765625 0.4638671875 0.017578125 0.021484375
2 0.5029296875 0.44921875 0.0126953125 0.0166015625
2 0.5263671875 0.443359375 0.0107421875 0.0126953125
2 0.5390625 0.439453125 0.0078125 0.0107421875
2 0.5419921875 0.4345703125 0.005859375 0.0078125
2 0.51171875 0.4306640625 0.005859375 0.0078125
2 0.466796875 0.427734375 0.0048828125 0.0068359375
2 0.423828125 0.423828125 0.0048828125 0.0068359375
2 0.3837890625 0.4208984375 0.00390625 0.005859375
2 0.34765625 0.4189453125 0.00390625 0.0048828125
2 0.322265625 0.4169921875 0.00390625 0.0048828125
2 0.2890625 0.4150390625 0.00390625 0.0048828125