1 0.4462890625 0.4208984375 0.0029296875 0.0048828125
1 0.4765625 0.4228515625 0.00390625 0.0048828125
1 0.5146484375 0.42578125 0.00390625 0.005859375
1 0.564453125 0.4296875 0.00390625 0.005859375
1 0.6171875 0.4326171875 0.0048828125 0.005859375
1 0.67578125 0.4375 0.0048828125 0.0068359375
1 0.7109375 0.44140625 0.0068359375 0.0087890625
1 0.7431640625 0.4462890625 0.0078125 0.0087890625
1 0.796875 0.4501953125 0.0087890625 0.0107421875
1 0.8916015625 0.455078125 0.009765625 0.0107421875
1 0.01953125 0.4208984375 0.0107421875 0.0126953125
1 0.0830078125 0.419921875 0.0087890625 0.009765625
1 0.1572265625 0.419921875 0.0078125 0.0087890625
1 0.23046875 0.419921875 0.005859375 0.0078125
1 0.279296875 0.419921875 0.00390625 0.005859375
1 0.275390625 0.41796875 0.00390625 0.005859375
1 0.2490234375 0.416015625 0.00390625 0.005859375
1 0.2099609375 0.4130859375 0.00390625 0.0048828125
1 0.400390625 0.41796875 0.001953125 0.00390625
1 0.3818359375 0.4169921875 0.001953125 0.00390625
1 0.345703125 0.4150390625 0.001953125 0.00390625
1 0.26953125 0.4111328125 0.001953125 0.001953125
1 0.2265625 0.4091796875 0.0029296875 0.00390625
1 0.19140625 0.408203125 0.0029296875 0.00390625
1 0.1533203125 0.40625 0.0029296875 0.00390625
1 0.109375 0.4052734375 0.0029296875 0.00390625
1 0.0703125 0.40625 0.00390625 0.005859375
1 0.0400390625 0.404296875 0.00390625 0.005859375
1 0.033203125 0.4033203125 0.00390625 0.00390625
1 0.1162109375 0.408203125 0.00390625 0.0048828125
1 0.16796875 0.4111328125 0.00390625 0.0048828125
2 0.3212890625 0.4140625 0.0029296875 0.00390625
2 0.3369140625 0.4150390625 0.0029296875 0.00390625
2 0.3544921875 0.416015625 0.0029296875 0.00390625
2 0.375 0.41796875 0.00390625 0.0048828125
2 0.39453125 0.4189453125 0.0029296875 0.0048828125
2 0.421875 0.421875 0.00390625 0.005859375
2 0.4560546875 0.4248046875 0.00390625 0.005859375
2 0.5029296875 0.427734375 0.0048828125 0.005859375
2 0.556640625 0.431640625 0.005859375 0.0078125
2 0.5966796875 0.435546875 0.005859375 0.0078125
2 0.62109375 0.4404296875 0.0078125 0.009765625
2 0.703125 0.44921875 0.0087890625 0.01171875
2 0.8671875 0.4599609375 0.0107421875 0.0126953125
2 0.2958984375 0.4130859375 0.001953125 0.00390625
2 0.255859375 0.4111328125 0.001953125 0.00390625
2 0.2138671875 0.4091796875 0.0029296875 0.00390625
2 0.166015625 0.4072265625 0.0029296875 0.00390625
2 0.123046875 0.40625 0.0029296875 0.0048828125
2 0.09765625 0.4052734375 0.0029296875 0.00390625
2 0.1025390625 0.40625 0.00390625 0.0048828125
2 0.13671875 0.408203125 0.00390625 0.0048828125
2 0.185546875 0.41015625 0.00390625 0.0048828125
2 0.236328125 0.4130859375 0.00390625 0.0048828125
2 0.2841796875 0.416015625 0.00390625 0.0048828125
2 0.3193359375 0.41796875 0.00390625 0.005859375
2 0.345703125 0.419921875 0.0048828125 0.005859375
2 0.3642578125 0.423828125 0.005859375 0.0068359375
2 0.3271484375 0.423828125 0.005859375 0.0078125
2 0.28125 0.4248046875 0.0068359375 0.0087890625
2 0.21484375 0.42578125 0.0087890625 0.0107421875
2 0.177734375 0.4296875 0.0107421875 0.0126953125
2 0.193359375 0.4365234375 0.0146484375 0.0166015625
2 0.2333984375 0.44921875 0.0185546875 0.0205078125
2 0.3203125 0.4775390625 0.0283203125 0.03125
2 0.6376953125 0.5869140625 0.06640625 0.07421875
0 0.3916015625 0.41796875 0.00390625 0.0087890625
0 0.3955078125 0.41796875 0.00390625 0.0087890625
0 0.4443359375 0.4189453125 0.00390625 0.0087890625
0 0.4482421875 0.4189453125 0.0048828125 0.0087890625