1 0.7607421875 0.4326171875 0.0029296875 0.0048828125
1 0.78515625 0.4345703125 0.0029296875 0.00390625
1 0.818359375 0.4375 0.00390625 0.0048828125
1 0.908203125 0.443359375 0.005859375 0.0068359375
1 0.9609375 0.4453125 0.00390625 0.005859375
1 0.974609375 0.451171875 0.005859375 0.0087890625
1 0.986328125 0.4541015625 0.0087890625 0.009765625
1 0.0224609375 0.4775390625 0.0380859375 0.0380859375
1 0.2001953125 0.451171875 0.021484375 0.0224609375
1 0.3115234375 0.4375 0.0126953125 0.013671875
1 0.349609375 0.431640625 0.0087890625 0.01171875
1 0.3818359375 0.427734375 0.0068359375 0.0087890625
1 0.4150390625 0.4267578125 0.005859375 0.0078125
1 0.4521484375 0.4267578125 0.0048828125 0.0068359375
1 0.5 0.427734375 0.0048828125 0.0068359375
1 0.552734375 0.4287109375 0.00390625 0.005859375
1 0.595703125 0.427734375 0.0029296875 0.00390625
1 0.5810546875 0.42578125 0.001953125 0.00390625
1 0.5546875 0.4248046875 0.0029296875 0.00390625
1 0.7421875 0.431640625 0.0029296875 0.00390625
1 0.724609375 0.4306640625 0.001953125 0.0029296875
1 0.708984375 0.4287109375 0.001953125 0.0029296875
1 0.5830078125 0.421875 0.0029296875 0.00390625
1 0.556640625 0.4208984375 0.001953125 0.0029296875
1 0.52734375 0.4228515625 0.001953125 0.00390625
1 0.4970703125 0.4189453125 0.001953125 0.0029296875
1 0.470703125 0.41796875 0.001953125 0.00390625
1 0.451171875 0.41796875 0.0029296875 0.0029296875
1 0.4482421875 0.41796875 0.0029296875 0.0029296875
1 0.466796875 0.419921875 0.0029296875 0.00390625
1 0.4951171875 0.4208984375 0.0029296875 0.00390625
2 0.65625 0.427734375 0.001953125 0.00390625
2 0.6669921875 0.427734375 0.001953125 0.0029296875
2 0.6787109375 0.4287109375 0.001953125 0.00390625
2 0.6943359375 0.4296875 0.0029296875 0.00390625
2 0.7080078125 0.4306640625 0.0029296875 0.00390625
2 0.7275390625 0.4326171875 0.00390625 0.0048828125
2 0.7529296875 0.4345703125 0.00390625 0.005859375
2 0.7890625 0.4375 0.00390625 0.005859375
2 0.830078125 0.4404296875 0.0048828125 0.0078125
2 0.857421875 0.443359375 0.0048828125 0.0078125
2 0.8505859375 0.447265625 0.0068359375 0.0087890625
2 0.896484375 0.453125 0.0087890625 0.01171875
2 0.63671875 0.4248046875 0.001953125 0.0029296875
2 0.603515625 0.423828125 0.001953125 0.0029296875
2 0.5712890625 0.421875 0.001953125 0.00390625
2 0.53515625 0.4208984375 0.001953125 0.00390625
2 0.5048828125 0.419921875 0.001953125 0.00390625
2 0.4892578125 0.419921875 0.0029296875 0.00390625
2 0.509765625 0.4208984375 0.0029296875 0.00390625
2 0.5419921875 0.4228515625 0.0029296875 0.00390625
2 0.5771484375 0.4248046875 0.001953125 0.00390625
2 0.6123046875 0.4267578125 0.0029296875 0.00390625
2 0.63671875 0.4287109375 0.0029296875 0.00390625
2 0.6650390625 0.431640625 0.00390625 0.0048828125
2 0.65625 0.4326171875 0.00390625 0.0048828125
2 0.6201171875 0.431640625 0.00390625 0.005859375
2 0.5791015625 0.431640625 0.00390625 0.005859375
2 0.525390625 0.4306640625 0.0048828125 0.0078125
2 0.490234375 0.431640625 0.005859375 0.0087890625
2 0.486328125 0.439453125 0.0068359375 0.0107421875
2 0.48828125 0.447265625 0.009765625 0.0146484375
2 0.484375 0.462890625 0.015625 0.0224609375
2 0.4873046875 0.494140625 0.029296875 0.03515625
2 0.7021484375 0.6015625 0.064453125 0.0439453125