1 0.5830078125 0.435546875 0.001953125 0.0029296875
1 0.619140625 0.4365234375 0.001953125 0.0029296875
1 0.6533203125 0.4365234375 0.001953125 0.0029296875
1 0.6748046875 0.4365234375 0.001953125 0.0029296875
1 0.6845703125 0.4375 0.0029296875 0.00390625
1 0.6884765625 0.4375 0.001953125 0.00390625
1 0.681640625 0.4384765625 0.0029296875 0.00390625
1 0.6796875 0.4384765625 0.0029296875 0.00390625
1 0.7099609375 0.439453125 0.00390625 0.0048828125
1 0.7470703125 0.4404296875 0.00390625 0.0048828125
1 0.8193359375 0.443359375 0.00390625 0.005859375
1 0.8232421875 0.4453125 0.0048828125 0.0068359375
1 0.8330078125 0.447265625 0.0068359375 0.0087890625
1 0.9189453125 0.44921875 0.0078125 0.0087890625
1 0.27734375 0.529296875 0.04296875 0.046875
1 0.373046875 0.4833984375 0.01953125 0.0244140625
1 0.4111328125 0.4658203125 0.0126953125 0.0166015625
1 0.4296875 0.4580078125 0.0087890625 0.0126953125
1 0.44140625 0.4521484375 0.0068359375 0.009765625
1 0.4482421875 0.4482421875 0.0048828125 0.0078125
1 0.4541015625 0.4462890625 0.00390625 0.0068359375
1 0.45703125 0.443359375 0.00390625 0.005859375
1 0.4619140625 0.4423828125 0.00390625 0.005859375
1 0.4658203125 0.4404296875 0.0029296875 0.0048828125
1 0.470703125 0.4384765625 0.0029296875 0.00390625
1 0.4755859375 0.4375 0.001953125 0.00390625
1 0.494140625 0.4365234375 0.001953125 0.00390625
1 0.5166015625 0.4365234375 0.001953125 0.00390625
2 0.609375 0.4365234375 0.001953125 0.00390625
2 0.63671875 0.435546875 0.001953125 0.00390625
2 0.6484375 0.4375 0.001953125 0.00390625
2 0.6416015625 0.4375 0.001953125 0.00390625
2 0.6357421875 0.439453125 0.0029296875 0.0048828125
2 0.66796875 0.4404296875 0.0029296875 0.0048828125
2 0.7001953125 0.44140625 0.00390625 0.005859375
2 0.7353515625 0.4423828125 0.00390625 0.005859375
2 0.73828125 0.4443359375 0.00390625 0.005859375
2 0.7412109375 0.4453125 0.0048828125 0.0068359375
2 0.7529296875 0.447265625 0.0068359375 0.0087890625
2 0.80859375 0.4501953125 0.0078125 0.009765625
2 0.91015625 0.453125 0.0087890625 0.01171875
2 0.818359375 0.53125 0.044921875 0.0498046875
2 0.66015625 0.48046875 0.0205078125 0.025390625
2 0.6044921875 0.4638671875 0.01171875 0.015625
2 0.5810546875 0.45703125 0.0087890625 0.0126953125
2 0.56640625 0.451171875 0.0068359375 0.009765625
2 0.5546875 0.447265625 0.005859375 0.0078125
2 0.5458984375 0.4453125 0.0048828125 0.0068359375
2 0.5390625 0.443359375 0.00390625 0.005859375
2 0.53515625 0.4423828125 0.00390625 0.005859375
2 0.5302734375 0.4404296875 0.0029296875 0.0048828125
2 0.525390625 0.439453125 0.0029296875 0.00390625
2 0.5234375 0.4384765625 0.0029296875 0.0048828125
2 0.54296875 0.4365234375 0.001953125 0.0029296875
2 0.57421875 0.4365234375 0.001953125 0.00390625