1 0.865234375 0.4521484375 0.0078125 0.0068359375
1 0.9296875 0.4560546875 0.0087890625 0.0087890625
1 0.0927734375 0.583984375 0.0673828125 0.076171875
1 0.318359375 0.4990234375 0.02734375 0.03125
1 0.380859375 0.4755859375 0.0166015625 0.01953125
1 0.41015625 0.4638671875 0.0107421875 0.0146484375
1 0.427734375 0.4580078125 0.0087890625 0.0107421875
1 0.439453125 0.4541015625 0.005859375 0.0087890625
1 0.4462890625 0.4501953125 0.0048828125 0.0078125
1 0.451171875 0.44921875 0.0048828125 0.0068359375
1 0.4541015625 0.447265625 0.00390625 0.005859375
1 0.45703125 0.4462890625 0.0029296875 0.0048828125
1 0.48046875 0.4453125 0.0029296875 0.0048828125
1 0.521484375 0.4443359375 0.0029296875 0.00390625
1 0.5732421875 0.4443359375 0.00390625 0.0048828125
1 0.619140625 0.4443359375 0.0029296875 0.0048828125
1 0.669921875 0.4453125 0.0029296875 0.0048828125
1 0.7138671875 0.4462890625 0.00390625 0.0048828125
1 0.7490234375 0.447265625 0.00390625 0.0048828125
1 0.779296875 0.4482421875 0.00390625 0.005859375
1 0.8154296875 0.4501953125 0.00390625 0.005859375
2 0.6845703125 0.447265625 0.00390625 0.005859375
2 0.70703125 0.4482421875 0.00390625 0.005859375
2 0.734375 0.4501953125 0.0048828125 0.0068359375
2 0.7705078125 0.4521484375 0.005859375 0.0078125
2 0.818359375 0.455078125 0.0068359375 0.0087890625
2 0.8876953125 0.4599609375 0.0078125 0.0107421875
2 0.9912109375 0.4658203125 0.0126953125 0.0146484375
2 0.994140625 0.5966796875 0.0107421875 0.0537109375
2 0.716796875 0.5009765625 0.025390625 0.03125
2 0.6328125 0.4765625 0.015625 0.0205078125
2 0.5927734375 0.46484375 0.0107421875 0.0146484375
2 0.5693359375 0.458984375 0.0078125 0.01171875
2 0.5546875 0.4541015625 0.0068359375 0.0087890625
2 0.5439453125 0.451171875 0.0048828125 0.0078125
2 0.5361328125 0.44921875 0.0048828125 0.0068359375
2 0.529296875 0.447265625 0.00390625 0.005859375
2 0.525390625 0.4462890625 0.00390625 0.0048828125
2 0.544921875 0.4453125 0.00390625 0.005859375
2 0.5908203125 0.4453125 0.00390625 0.0048828125
2 0.642578125 0.4462890625 0.00390625 0.0048828125