1 0.00390625 0.5146484375 0.0078125 0.0390625
1 0.2578125 0.4658203125 0.0244140625 0.02734375
1 0.4033203125 0.451171875 0.015625 0.0185546875
1 0.46484375 0.4453125 0.0107421875 0.0146484375
1 0.427734375 0.4365234375 0.0087890625 0.01171875
1 0.3935546875 0.431640625 0.0078125 0.009765625
1 0.3564453125 0.42578125 0.0068359375 0.0087890625
1 0.392578125 0.4248046875 0.005859375 0.0068359375
1 0.4287109375 0.4248046875 0.00390625 0.005859375
1 0.455078125 0.42578125 0.00390625 0.005859375
1 0.4345703125 0.4228515625 0.00390625 0.005859375
1 0.4169921875 0.4208984375 0.0029296875 0.0048828125
1 0.4072265625 0.4189453125 0.00390625 0.0048828125
1 0.419921875 0.4189453125 0.0029296875 0.00390625
1 0.439453125 0.4189453125 0.001953125 0.00390625
1 0.443359375 0.41796875 0.001953125 0.0029296875
1 0.42578125 0.4169921875 0.001953125 0.001953125
1 0.427734375 0.416015625 0.001953125 0.001953125
1 0.439453125 0.416015625 0.001953125 0.0029296875
1 0.4501953125 0.416015625 0.001953125 0.001953125
1 0.435546875 0.4150390625 0.001953125 0.0029296875
1 0.47265625 0.4169921875 0.001953125 0.0029296875
1 0.4990234375 0.41796875 0.001953125 0.001953125
1 0.583984375 0.423828125 0.001953125 0.0029296875
1 0.59375 0.4248046875 0.001953125 0.0029296875
1 0.6025390625 0.42578125 0.001953125 0.00390625
1 0.6123046875 0.4267578125 0.001953125 0.0029296875
1 0.625 0.427734375 0.001953125 0.00390625
1 0.6396484375 0.4296875 0.001953125 0.00390625
1 0.65625 0.431640625 0.001953125 0.00390625
1 0.67578125 0.43359375 0.0029296875 0.0048828125
1 0.6982421875 0.4365234375 0.00390625 0.0048828125
1 0.7275390625 0.439453125 0.00390625 0.005859375
1 0.7626953125 0.4404296875 0.00390625 0.005859375
1 0.814453125 0.447265625 0.0048828125 0.0068359375
1 0.8740234375 0.453125 0.0078125 0.0087890625
1 0.9638671875 0.462890625 0.009765625 0.0107421875
2 0.474609375 0.52734375 0.0439453125 0.052734375
2 0.5712890625 0.4833984375 0.025390625 0.0302734375
2 0.6044921875 0.4599609375 0.0146484375 0.0185546875
2 0.599609375 0.4501953125 0.0107421875 0.0146484375
2 0.53125 0.4404296875 0.0087890625 0.01171875
2 0.48828125 0.4345703125 0.0068359375 0.0107421875
2 0.4580078125 0.4306640625 0.0068359375 0.0087890625
2 0.4853515625 0.4296875 0.0048828125 0.0078125
2 0.5009765625 0.4296875 0.0048828125 0.0068359375
2 0.5146484375 0.427734375 0.0048828125 0.0068359375
2 0.5 0.42578125 0.00390625 0.005859375
2 0.47265625 0.423828125 0.00390625 0.0048828125
2 0.455078125 0.4208984375 0.0029296875 0.0048828125
2 0.4716796875 0.4208984375 0.0029296875 0.0048828125
2 0.4833984375 0.421875 0.0029296875 0.00390625
2 0.4912109375 0.4208984375 0.0029296875 0.00390625
2 0.48046875 0.419921875 0.001953125 0.00390625
2 0.4638671875 0.4189453125 0.001953125 0.0029296875
2 0.4609375 0.41796875 0.001953125 0.0029296875
2 0.470703125 0.41796875 0.0029296875 0.00390625
2 0.46875 0.4169921875 0.001953125 0.0029296875
2 0.48828125 0.41796875 0.001953125 0.0029296875
2 0.5126953125 0.4189453125 0.001953125 0.001953125
2 0.5283203125 0.419921875 0.001953125 0.0029296875
2 0.5390625 0.4208984375 0.001953125 0.0029296875
2 0.54296875 0.4208984375 0.001953125 0.0029296875
2 0.546875 0.421875 0.001953125 0.0029296875
2 0.55078125 0.4228515625 0.001953125 0.0029296875
2 0.5576171875 0.4228515625 0.001953125 0.0029296875
2 0.564453125 0.423828125 0.001953125 0.0029296875
2 0.5703125 0.4248046875 0.001953125 0.00390625
2 0.5791015625 0.42578125 0.001953125 0.00390625
2 0.58984375 0.427734375 0.0029296875 0.00390625
2 0.603515625 0.4296875 0.00390625 0.0048828125
2 0.6181640625 0.431640625 0.00390625 0.0048828125
2 0.634765625 0.43359375 0.00390625 0.005859375
2 0.6552734375 0.435546875 0.0048828125 0.0068359375
2 0.681640625 0.4384765625 0.005859375 0.0068359375
2 0.7177734375 0.4423828125 0.005859375 0.0078125
2 0.763671875 0.4482421875 0.0078125 0.009765625
2 0.8310546875 0.4560546875 0.009765625 0.01171875
2 0.9462890625 0.470703125 0.0126953125 0.0146484375