1 0.994140625 0.4755859375 0.0078125 0.0107421875
1 0.9091796875 0.4677734375 0.0068359375 0.0087890625
1 0.8232421875 0.4609375 0.005859375 0.0078125
1 0.75 0.4560546875 0.005859375 0.0078125
1 0.6748046875 0.451171875 0.005859375 0.0068359375
1 0.6123046875 0.44921875 0.0048828125 0.0068359375
1 0.5634765625 0.44921875 0.005859375 0.0078125
1 0.53125 0.4501953125 0.005859375 0.0078125
1 0.4931640625 0.451171875 0.0068359375 0.0087890625
1 0.421875 0.44921875 0.0068359375 0.0087890625
1 0.337890625 0.4443359375 0.0078125 0.009765625
1 0.26953125 0.439453125 0.0048828125 0.0087890625
1 0.1875 0.4345703125 0.0068359375 0.0087890625
1 0.09375 0.4306640625 0.0068359375 0.0087890625
2 0.001953125 0.4306640625 0.00390625 0.0146484375
2 0.0986328125 0.43359375 0.0087890625 0.0107421875
2 0.19140625 0.4375 0.0078125 0.0107421875
2 0.265625 0.443359375 0.0078125 0.009765625
2 0.3564453125 0.44921875 0.0087890625 0.01171875
2 0.4443359375 0.4541015625 0.0087890625 0.01171875
2 0.54296875 0.4560546875 0.0078125 0.0107421875
2 0.5966796875 0.455078125 0.0078125 0.009765625
2 0.6220703125 0.4541015625 0.0068359375 0.0087890625
2 0.6474609375 0.453125 0.0068359375 0.0078125
2 0.7060546875 0.455078125 0.0068359375 0.0087890625
2 0.7744140625 0.458984375 0.0068359375 0.0078125
2 0.8271484375 0.462890625 0.0068359375 0.0087890625
2 0.88671875 0.46875 0.0078125 0.0107421875
2 0.9794921875 0.478515625 0.0107421875 0.013671875
2 0.1279296875 0.4716796875 0.0224609375 0.025390625
2 0.287109375 0.5087890625 0.0361328125 0.0400390625
0 0.0576171875 0.4482421875 0.01953125 0.0322265625
0 0.0703125 0.44921875 0.0224609375 0.033203125