1 0.0400390625 0.412109375 0.005859375 0.0078125
1 0.037109375 0.4111328125 0.0048828125 0.0068359375
1 0.001953125 0.4091796875 0.0029296875 0.005859375
1 0.0341796875 0.4052734375 0.0029296875 0.00390625
1 0.0654296875 0.40625 0.00390625 0.00390625
1 0.0986328125 0.4072265625 0.00390625 0.00390625
1 0.1416015625 0.408203125 0.0029296875 0.00390625
1 0.236328125 0.412109375 0.0029296875 0.00390625
1 0.2734375 0.4130859375 0.001953125 0.0029296875
1 0.3095703125 0.4150390625 0.001953125 0.0029296875
1 0.3359375 0.4169921875 0.0029296875 0.0029296875
1 0.3896484375 0.419921875 0.0029296875 0.00390625
1 0.4189453125 0.421875 0.0029296875 0.00390625
1 0.462890625 0.42578125 0.00390625 0.0048828125
1 0.5 0.4287109375 0.00390625 0.0048828125
1 0.509765625 0.4306640625 0.0048828125 0.0068359375
1 0.5009765625 0.4326171875 0.005859375 0.0078125
1 0.4814453125 0.43359375 0.0068359375 0.0087890625
1 0.4619140625 0.4375 0.0078125 0.0107421875
1 0.509765625 0.443359375 0.0087890625 0.01171875
1 0.62890625 0.4521484375 0.0107421875 0.0146484375
1 0.80078125 0.462890625 0.013671875 0.0166015625
1 0.9931640625 0.4736328125 0.01171875 0.015625
2 0.2861328125 0.50390625 0.041015625 0.0458984375
2 0.1259765625 0.4443359375 0.0166015625 0.0205078125
2 0.09375 0.4326171875 0.0126953125 0.015625
2 0.0712890625 0.4248046875 0.0087890625 0.0126953125
2 0.05859375 0.4189453125 0.0078125 0.0107421875
2 0.072265625 0.416015625 0.0068359375 0.0087890625
2 0.1318359375 0.416015625 0.005859375 0.0078125
2 0.13671875 0.4140625 0.005859375 0.0078125
2 0.091796875 0.4111328125 0.0048828125 0.0068359375
2 0.03125 0.408203125 0.00390625 0.005859375
2 0.0234375 0.4072265625 0.00390625 0.0048828125
2 0.01953125 0.40625 0.0029296875 0.00390625
2 0.0478515625 0.40625 0.00390625 0.0048828125
2 0.0947265625 0.4072265625 0.00390625 0.00390625
2 0.13671875 0.41015625 0.00390625 0.005859375
2 0.1845703125 0.41015625 0.00390625 0.00390625
2 0.2294921875 0.412109375 0.0029296875 0.00390625
2 0.9775390625 0.4873046875 0.0234375 0.0234375
2 0.68359375 0.4697265625 0.0166015625 0.0205078125
2 0.4912109375 0.4541015625 0.013671875 0.0185546875
2 0.3857421875 0.443359375 0.0107421875 0.0146484375
2 0.33203125 0.435546875 0.0087890625 0.013671875
2 0.37109375 0.4296875 0.0068359375 0.0087890625
2 0.4013671875 0.4287109375 0.005859375 0.0078125
2 0.4228515625 0.427734375 0.0048828125 0.0068359375
2 0.412109375 0.4248046875 0.00390625 0.005859375
2 0.384765625 0.4228515625 0.00390625 0.005859375
2 0.3564453125 0.419921875 0.00390625 0.0048828125
2 0.3291015625 0.4189453125 0.0029296875 0.0048828125
2 0.3037109375 0.416015625 0.0029296875 0.00390625
2 0.2861328125 0.4150390625 0.0029296875 0.0048828125
2 0.259765625 0.4130859375 0.0029296875 0.00390625
0 0.181640625 0.4541015625 0.0244140625 0.0458984375
0 0.1962890625 0.4580078125 0.033203125 0.0478515625
2 0.1875 0.4638671875 0.0205078125 0.0263671875