2 0.791015625 0.5234375 0.0419921875 0.0439453125
2 0.66015625 0.48046875 0.01953125 0.0244140625
2 0.60546875 0.4638671875 0.0126953125 0.0166015625
2 0.5771484375 0.455078125 0.0087890625 0.01171875
2 0.564453125 0.4501953125 0.0068359375 0.0087890625
2 0.5712890625 0.447265625 0.005859375 0.0087890625
2 0.599609375 0.4443359375 0.005859375 0.0068359375
2 0.6640625 0.443359375 0.005859375 0.0068359375
2 0.740234375 0.4423828125 0.005859375 0.0078125
2 0.8330078125 0.4443359375 0.005859375 0.0078125
2 0.884765625 0.4462890625 0.0087890625 0.009765625
2 0.921875 0.4482421875 0.0087890625 0.0107421875
2 0.94921875 0.4541015625 0.0107421875 0.0126953125
2 0.9443359375 0.4619140625 0.0146484375 0.0166015625
2 0.9765625 0.4736328125 0.021484375 0.0224609375
1 0.28125 0.52734375 0.0400390625 0.044921875
1 0.3798828125 0.482421875 0.01953125 0.0234375
1 0.4169921875 0.46484375 0.0126953125 0.0166015625
1 0.4384765625 0.4560546875 0.0087890625 0.0126953125
1 0.4521484375 0.451171875 0.0078125 0.0087890625
1 0.4599609375 0.447265625 0.005859375 0.0078125
1 0.5009765625 0.4443359375 0.0048828125 0.0068359375
1 0.5556640625 0.4423828125 0.0048828125 0.0068359375
1 0.630859375 0.44140625 0.00390625 0.005859375
1 0.7197265625 0.44140625 0.0048828125 0.0068359375
1 0.82421875 0.44140625 0.0048828125 0.0068359375
1 0.908203125 0.4423828125 0.005859375 0.0078125