1 0.2724609375 0.53515625 0.0419921875 0.0458984375
2 0.8359375 0.5380859375 0.0478515625 0.0517578125
2 0.791015625 0.490234375 0.0234375 0.02734375
2 0.8798828125 0.4609375 0.01171875 0.0146484375
1 0.421875 0.4951171875 0.0234375 0.0263671875
2 0.8427734375 0.4697265625 0.0166015625 0.01953125
1 0.572265625 0.474609375 0.0146484375 0.017578125
1 0.6630859375 0.4638671875 0.01171875 0.0146484375
1 0.8212890625 0.447265625 0.0068359375 0.0078125
1 0.796875 0.44921875 0.0078125 0.0087890625
1 0.767578125 0.453125 0.0087890625 0.009765625
2 0.9033203125 0.4541015625 0.0087890625 0.01171875
1 0.7265625 0.45703125 0.0107421875 0.01171875
2 0.919921875 0.44921875 0.0078125 0.009765625
1 0.8583984375 0.4423828125 0.0048828125 0.005859375
1 0.8408203125 0.4443359375 0.005859375 0.0068359375
2 0.9306640625 0.447265625 0.005859375 0.0078125
2 0.9521484375 0.44140625 0.00390625 0.005859375
2 0.96875 0.4404296875 0.00390625 0.0048828125
2 0.9384765625 0.4443359375 0.0048828125 0.0068359375
1 0.8720703125 0.44140625 0.00390625 0.0048828125
2 0.9453125 0.4423828125 0.00390625 0.005859375
1 0.8828125 0.4404296875 0.00390625 0.0048828125
1 0.9736328125 0.4384765625 0.00390625 0.00390625
1 0.919921875 0.4384765625 0.00390625 0.00390625