1 0.9560546875 0.474609375 0.0419921875 0.0390625
2 0.8876953125 0.4169921875 0.0087890625 0.01171875
1 0.955078125 0.431640625 0.0185546875 0.0185546875
1 0.654296875 0.552734375 0.060546875 0.0654296875
1 0.5693359375 0.423828125 0.005859375 0.0087890625
1 0.8349609375 0.4248046875 0.0126953125 0.0146484375
2 0.9453125 0.40625 0.005859375 0.0078125
1 0.5087890625 0.423828125 0.005859375 0.0078125
1 0.5244140625 0.41796875 0.00390625 0.005859375
2 0.8974609375 0.40625 0.005859375 0.0068359375
2 0.6005859375 0.419921875 0.005859375 0.0078125
2 0.5859375 0.4169921875 0.00390625 0.005859375
2 0.556640625 0.419921875 0.0048828125 0.0068359375
2 0.8388671875 0.40625 0.00390625 0.005859375
2 0.76953125 0.4169921875 0.0078125 0.009765625
1 0.5712890625 0.416015625 0.00390625 0.005859375
2 0.552734375 0.4189453125 0.00390625 0.005859375
2 0.640625 0.4140625 0.00390625 0.005859375
1 0.48828125 0.4208984375 0.00390625 0.005859375
2 0.673828125 0.4189453125 0.005859375 0.0087890625
1 0.650390625 0.4228515625 0.0078125 0.009765625
1 0.7314453125 0.4228515625 0.0087890625 0.01171875
1 0.625 0.4140625 0.00390625 0.005859375
1 0.4775390625 0.423828125 0.0048828125 0.0068359375
1 0.8720703125 0.404296875 0.00390625 0.005859375
2 0.7685546875 0.408203125 0.00390625 0.005859375
2 0.7060546875 0.4111328125 0.00390625 0.005859375
1 0.9306640625 0.4033203125 0.0048828125 0.005859375
1 0.78515625 0.4072265625 0.00390625 0.0048828125
1 0.673828125 0.412109375 0.00390625 0.005859375
1 0.7216796875 0.4091796875 0.00390625 0.0048828125
1 0.9794921875 0.40234375 0.0048828125 0.005859375