1 0.0185546875 0.482421875 0.0361328125 0.0390625
1 0.26171875 0.4541015625 0.0185546875 0.0234375
1 0.3837890625 0.4453125 0.013671875 0.0166015625
1 0.4853515625 0.4384765625 0.0087890625 0.01171875
1 0.52734375 0.435546875 0.0078125 0.009765625
1 0.564453125 0.43359375 0.0068359375 0.0078125
1 0.6015625 0.4326171875 0.005859375 0.0078125
1 0.638671875 0.4326171875 0.0048828125 0.0068359375
1 0.6884765625 0.4345703125 0.00390625 0.005859375
1 0.74609375 0.4365234375 0.00390625 0.005859375
1 0.794921875 0.4375 0.00390625 0.0048828125
1 0.80078125 0.4365234375 0.0029296875 0.0048828125
1 0.7607421875 0.4326171875 0.0029296875 0.00390625
1 0.84375 0.43359375 0.001953125 0.0029296875
1 0.802734375 0.431640625 0.001953125 0.0029296875
1 0.7724609375 0.4306640625 0.001953125 0.0029296875
1 0.7412109375 0.4296875 0.001953125 0.0029296875
1 0.70703125 0.427734375 0.001953125 0.0029296875
1 0.6787109375 0.4267578125 0.001953125 0.00390625
1 0.6591796875 0.42578125 0.001953125 0.00390625
1 0.654296875 0.4267578125 0.0029296875 0.00390625
1 0.6708984375 0.427734375 0.0029296875 0.00390625
1 0.69921875 0.4296875 0.0029296875 0.00390625
1 0.732421875 0.431640625 0.0029296875 0.00390625
2 0.8876953125 0.4365234375 0.001953125 0.00390625
2 0.96484375 0.443359375 0.00390625 0.005859375
2 0.7470703125 0.4306640625 0.001953125 0.00390625
2 0.7138671875 0.4287109375 0.001953125 0.0029296875
2 0.6953125 0.4287109375 0.0029296875 0.00390625
2 0.716796875 0.4296875 0.0029296875 0.00390625
2 0.75 0.431640625 0.0029296875 0.00390625
2 0.7880859375 0.43359375 0.0029296875 0.00390625
2 0.826171875 0.43359375 0.001953125 0.0029296875
2 0.853515625 0.4384765625 0.0029296875 0.0048828125
2 0.8701171875 0.4404296875 0.0029296875 0.0048828125
2 0.8798828125 0.44140625 0.00390625 0.005859375
2 0.865234375 0.4423828125 0.00390625 0.005859375
2 0.8193359375 0.44140625 0.00390625 0.005859375
2 0.76953125 0.439453125 0.0048828125 0.0068359375
2 0.708984375 0.4375 0.0048828125 0.0068359375
2 0.6669921875 0.4384765625 0.005859375 0.0078125
2 0.65625 0.439453125 0.0068359375 0.0087890625
2 0.6455078125 0.443359375 0.0078125 0.0107421875
2 0.62890625 0.4482421875 0.009765625 0.013671875
2 0.5244140625 0.5234375 0.04296875 0.0498046875
2 0.5439453125 0.4736328125 0.021484375 0.025390625
2 0.591796875 0.458984375 0.0146484375 0.0185546875
0 0.939453125 0.439453125 0.0048828125 0.0087890625
0 0.9443359375 0.4404296875 0.005859375 0.0087890625