1 0.119140625 0.560546875 0.0498046875 0.05859375
1 0.2568359375 0.5126953125 0.0322265625 0.0341796875
1 0.4169921875 0.4833984375 0.0185546875 0.0224609375
1 0.498046875 0.46875 0.0126953125 0.015625
1 0.5390625 0.4619140625 0.0107421875 0.0126953125
1 0.5927734375 0.4580078125 0.0087890625 0.01171875
1 0.6708984375 0.455078125 0.0087890625 0.0107421875
1 0.744140625 0.453125 0.0087890625 0.009765625
1 0.814453125 0.4521484375 0.0087890625 0.0107421875
1 0.8896484375 0.451171875 0.0078125 0.009765625
2 0.7021484375 0.529296875 0.0390625 0.0478515625
2 0.6943359375 0.4814453125 0.0185546875 0.0234375
2 0.7021484375 0.4638671875 0.0107421875 0.0146484375
2 0.77734375 0.4580078125 0.01171875 0.013671875
2 0.896484375 0.4560546875 0.0107421875 0.0126953125