1 0.9189453125 0.4814453125 0.0107421875 0.0126953125
1 0.7578125 0.4755859375 0.009765625 0.01171875
1 0.634765625 0.470703125 0.0078125 0.009765625
1 0.5341796875 0.4677734375 0.005859375 0.0087890625
1 0.4453125 0.46484375 0.005859375 0.0078125
1 0.36328125 0.4638671875 0.005859375 0.0087890625
1 0.2919921875 0.466796875 0.0068359375 0.0087890625
1 0.244140625 0.4716796875 0.0078125 0.0107421875
1 0.224609375 0.4794921875 0.0107421875 0.013671875
1 0.1953125 0.4912109375 0.0166015625 0.01953125
1 0.1669921875 0.5107421875 0.025390625 0.02734375
1 0.2763671875 0.5546875 0.0400390625 0.0498046875
2 0.9794921875 0.58203125 0.041015625 0.068359375
2 0.677734375 0.5126953125 0.02734375 0.0322265625
2 0.4814453125 0.494140625 0.0185546875 0.021484375
2 0.4130859375 0.482421875 0.0126953125 0.0166015625
2 0.3740234375 0.474609375 0.009765625 0.013671875
2 0.421875 0.4677734375 0.0078125 0.0107421875
2 0.4814453125 0.46875 0.0078125 0.009765625
2 0.9013671875 0.484375 0.0126953125 0.015625
2 0.703125 0.4775390625 0.0107421875 0.0126953125
2 0.56640625 0.4716796875 0.0078125 0.0107421875