1 0.3642578125 0.427734375 0.005859375 0.0087890625
1 0.4814453125 0.431640625 0.005859375 0.0078125
1 0.607421875 0.4384765625 0.0078125 0.009765625
1 0.7197265625 0.4453125 0.0078125 0.0107421875
1 0.8271484375 0.4541015625 0.0107421875 0.013671875
1 0.986328125 0.4697265625 0.0146484375 0.015625
1 0.1201171875 0.4267578125 0.0126953125 0.015625
1 0.2314453125 0.42578125 0.0107421875 0.0126953125
2 0.5146484375 0.4384765625 0.0087890625 0.01171875
2 0.638671875 0.4453125 0.0107421875 0.0126953125
2 0.7529296875 0.455078125 0.0126953125 0.015625
2 0.87109375 0.4736328125 0.017578125 0.0205078125
2 0.2734375 0.4736328125 0.0234375 0.03125
2 0.208984375 0.4482421875 0.0185546875 0.0224609375
2 0.28125 0.4375 0.0126953125 0.015625
2 0.3876953125 0.4345703125 0.0107421875 0.013671875
2 0.521484375 0.5625 0.056640625 0.08203125