1 0.4150390625 0.4638671875 0.0087890625 0.0126953125
1 0.42578125 0.45703125 0.0078125 0.0107421875
1 0.43359375 0.453125 0.005859375 0.0087890625
1 0.44140625 0.4501953125 0.0048828125 0.0078125
1 0.4521484375 0.4482421875 0.0048828125 0.005859375
1 0.490234375 0.4462890625 0.00390625 0.005859375
1 0.5146484375 0.4453125 0.00390625 0.0048828125
1 0.5126953125 0.4443359375 0.0029296875 0.0048828125
1 0.490234375 0.443359375 0.0029296875 0.00390625
1 0.4609375 0.4443359375 0.0029296875 0.0048828125
1 0.451171875 0.443359375 0.00390625 0.0048828125
1 0.455078125 0.4423828125 0.001953125 0.00390625
1 0.4638671875 0.44140625 0.0029296875 0.00390625
1 0.484375 0.44140625 0.001953125 0.0029296875
1 0.505859375 0.44140625 0.001953125 0.00390625
1 0.52734375 0.4404296875 0.001953125 0.0029296875
1 0.548828125 0.4404296875 0.001953125 0.00390625
1 0.580078125 0.439453125 0.001953125 0.00390625
1 0.6552734375 0.439453125 0.001953125 0.0029296875
1 0.6875 0.439453125 0.001953125 0.0029296875
1 0.7197265625 0.439453125 0.001953125 0.0029296875
1 0.7451171875 0.439453125 0.001953125 0.0029296875
1 0.765625 0.4404296875 0.001953125 0.0029296875
1 0.7998046875 0.44140625 0.0029296875 0.00390625
1 0.830078125 0.44140625 0.0029296875 0.00390625
1 0.87890625 0.443359375 0.00390625 0.0048828125
1 0.921875 0.4443359375 0.00390625 0.005859375
1 0.9306640625 0.4453125 0.0048828125 0.005859375
1 0.9150390625 0.447265625 0.005859375 0.0068359375
1 0.884765625 0.44921875 0.0068359375 0.0087890625
1 0.8544921875 0.4521484375 0.0078125 0.0087890625
1 0.8994140625 0.4560546875 0.009765625 0.0107421875
1 0.3671875 0.4892578125 0.0205078125 0.025390625
1 0.2822265625 0.5361328125 0.0439453125 0.05078125
2 0.8193359375 0.52734375 0.0380859375 0.0458984375
2 0.6611328125 0.484375 0.0205078125 0.0244140625
2 0.607421875 0.4697265625 0.0087890625 0.015625
2 0.5751953125 0.4619140625 0.0107421875 0.013671875
2 0.552734375 0.4560546875 0.0078125 0.0107421875
2 0.5380859375 0.4521484375 0.0068359375 0.0087890625
2 0.5283203125 0.4482421875 0.005859375 0.0068359375
2 0.53515625 0.447265625 0.0048828125 0.0078125
2 0.5751953125 0.4443359375 0.005859375 0.0078125
2 0.5458984375 0.443359375 0.00390625 0.005859375
2 0.5068359375 0.443359375 0.0029296875 0.00390625
2 0.5009765625 0.4423828125 0.001953125 0.00390625
2 0.498046875 0.4423828125 0.001953125 0.00390625
2 0.515625 0.44140625 0.001953125 0.00390625
2 0.611328125 0.439453125 0.0029296875 0.00390625
2 0.6484375 0.439453125 0.0029296875 0.00390625
2 0.85546875 0.4638671875 0.0126953125 0.0166015625
2 0.7666015625 0.4580078125 0.0107421875 0.0126953125
2 0.724609375 0.4541015625 0.0087890625 0.0107421875
2 0.767578125 0.44921875 0.005859375 0.0078125
2 0.7998046875 0.447265625 0.005859375 0.0078125
2 0.826171875 0.4462890625 0.0048828125 0.0068359375
2 0.8173828125 0.4443359375 0.00390625 0.005859375
2 0.7900390625 0.4423828125 0.00390625 0.0048828125
2 0.76171875 0.4423828125 0.0029296875 0.00390625
2 0.736328125 0.44140625 0.00390625 0.0048828125
2 0.712890625 0.4404296875 0.0029296875 0.00390625
2 0.6962890625 0.4404296875 0.0029296875 0.00390625
2 0.673828125 0.4404296875 0.001953125 0.00390625
0 0.39453125 0.46875 0.0146484375 0.03125
0 0.40234375 0.466796875 0.0146484375 0.0302734375
0 0.6083984375 0.4638671875 0.01171875 0.0302734375
0 0.6181640625 0.4658203125 0.0166015625 0.033203125
1 0.197265625 0.470703125 0.0107421875 0.0166015625
1 0.2841796875 0.4580078125 0.0078125 0.0126953125
1 0.40234375 0.47265625 0.01171875 0.0166015625