2 0.7763671875 0.5244140625 0.0419921875 0.0458984375
2 0.583984375 0.4873046875 0.0205078125 0.0263671875
2 0.416015625 0.470703125 0.015625 0.0185546875
2 0.2841796875 0.46484375 0.0126953125 0.015625
2 0.1669921875 0.462890625 0.0107421875 0.013671875
2 0.0595703125 0.4609375 0.009765625 0.0126953125
2 0.0263671875 0.45703125 0.0087890625 0.0107421875
2 0.0361328125 0.453125 0.0068359375 0.0087890625
2 0.0498046875 0.451171875 0.005859375 0.0078125
2 0.0595703125 0.4482421875 0.0048828125 0.0068359375
2 0.068359375 0.447265625 0.00390625 0.005859375
2 0.07421875 0.4453125 0.0029296875 0.0048828125
2 0.0791015625 0.4443359375 0.0029296875 0.00390625
2 0.0830078125 0.443359375 0.001953125 0.00390625
2 0.0869140625 0.4423828125 0.001953125 0.00390625
2 0.0986328125 0.44140625 0.001953125 0.00390625
2 0.1220703125 0.4404296875 0.001953125 0.00390625
2 0.162109375 0.4404296875 0.001953125 0.00390625
2 0.2021484375 0.439453125 0.001953125 0.0029296875
2 0.2373046875 0.439453125 0.001953125 0.0029296875
2 0.244140625 0.439453125 0.001953125 0.00390625
2 0.2412109375 0.4404296875 0.001953125 0.0029296875
2 0.2255859375 0.44140625 0.0029296875 0.00390625
2 0.1953125 0.4423828125 0.0029296875 0.0048828125
2 0.166015625 0.4443359375 0.00390625 0.0048828125
2 0.14453125 0.4453125 0.0048828125 0.0068359375
2 0.15625 0.4462890625 0.00390625 0.005859375
2 0.197265625 0.447265625 0.0048828125 0.0068359375
2 0.255859375 0.447265625 0.005859375 0.0078125
2 0.3173828125 0.4482421875 0.005859375 0.0078125
2 0.3837890625 0.44921875 0.0068359375 0.0087890625
2 0.4365234375 0.4521484375 0.0078125 0.009765625
2 0.5 0.4560546875 0.009765625 0.01171875
2 0.5966796875 0.462890625 0.0126953125 0.015625
2 0.748046875 0.4716796875 0.017578125 0.01953125
1 0.2490234375 0.533203125 0.0400390625 0.046875
1 0.2099609375 0.48828125 0.021484375 0.025390625
1 0.130859375 0.4755859375 0.017578125 0.0185546875
1 0.00390625 0.4453125 0.00390625 0.0048828125
1 0.015625 0.4443359375 0.0029296875 0.00390625
1 0.025390625 0.443359375 0.0029296875 0.00390625
1 0.033203125 0.4423828125 0.0029296875 0.0029296875
1 0.0615234375 0.44140625 0.001953125 0.0029296875
1 0.1015625 0.4404296875 0.001953125 0.0029296875
1 0.15234375 0.4404296875 0.001953125 0.0029296875
1 0.251953125 0.439453125 0.001953125 0.0029296875
1 0.2763671875 0.4384765625 0.001953125 0.0029296875
1 0.291015625 0.439453125 0.001953125 0.0029296875
1 0.30078125 0.439453125 0.0029296875 0.0029296875
1 0.2822265625 0.4404296875 0.0029296875 0.00390625
1 0.2578125 0.44140625 0.00390625 0.0048828125
1 0.2294921875 0.443359375 0.0029296875 0.00390625
1 0.21875 0.4443359375 0.00390625 0.0048828125
1 0.22265625 0.4453125 0.0029296875 0.0048828125
1 0.318359375 0.4443359375 0.0048828125 0.005859375
1 0.3916015625 0.4462890625 0.005859375 0.0078125
1 0.462890625 0.447265625 0.005859375 0.0078125
1 0.5166015625 0.44921875 0.0068359375 0.0087890625
1 0.5927734375 0.453125 0.0078125 0.009765625
1 0.6943359375 0.45703125 0.009765625 0.0126953125
1 0.8671875 0.4638671875 0.0146484375 0.0166015625