2 0.53515625 0.595703125 0.0537109375 0.0546875
2 0.34765625 0.4853515625 0.0302734375 0.0390625
2 0.369140625 0.447265625 0.0166015625 0.0224609375
2 0.3876953125 0.4345703125 0.0107421875 0.0146484375
2 0.396484375 0.4267578125 0.0078125 0.0107421875
2 0.404296875 0.421875 0.005859375 0.0078125
2 0.41015625 0.4140625 0.00390625 0.005859375
2 0.4140625 0.4130859375 0.00390625 0.0048828125
2 0.4248046875 0.412109375 0.0029296875 0.0048828125
2 0.447265625 0.412109375 0.0029296875 0.00390625
2 0.4892578125 0.4130859375 0.0029296875 0.00390625
2 0.5341796875 0.4140625 0.0029296875 0.00390625
2 0.578125 0.416015625 0.0029296875 0.0048828125
2 0.59375 0.41796875 0.00390625 0.0048828125
2 0.58203125 0.419921875 0.00390625 0.005859375
2 0.548828125 0.419921875 0.0048828125 0.0068359375
2 0.521484375 0.4208984375 0.005859375 0.0078125
2 0.4990234375 0.4228515625 0.005859375 0.0087890625
2 0.5068359375 0.42578125 0.0068359375 0.0087890625
2 0.533203125 0.4296875 0.0078125 0.0107421875
2 0.619140625 0.4365234375 0.009765625 0.0126953125
2 0.7685546875 0.4482421875 0.0146484375 0.017578125
2 0.978515625 0.4658203125 0.0185546875 0.0205078125
1 0.138671875 0.4365234375 0.0185546875 0.0205078125
1 0.2197265625 0.4267578125 0.0126953125 0.0146484375
1 0.263671875 0.4208984375 0.009765625 0.0126953125
1 0.2900390625 0.41796875 0.0078125 0.009765625
1 0.3115234375 0.4150390625 0.005859375 0.0078125
1 0.3271484375 0.4130859375 0.0048828125 0.0068359375
1 0.33984375 0.4111328125 0.0048828125 0.005859375
1 0.3505859375 0.41015625 0.00390625 0.005859375
1 0.3583984375 0.4091796875 0.0029296875 0.0048828125
1 0.38671875 0.4091796875 0.0029296875 0.0029296875
1 0.4765625 0.4111328125 0.001953125 0.00390625
1 0.5322265625 0.4130859375 0.001953125 0.0029296875
1 0.58984375 0.416015625 0.0029296875 0.00390625
1 0.625 0.4169921875 0.0029296875 0.00390625
1 0.6513671875 0.4189453125 0.0029296875 0.0048828125
1 0.6748046875 0.4208984375 0.00390625 0.005859375
1 0.658203125 0.421875 0.00390625 0.005859375
1 0.6328125 0.421875 0.00390625 0.0068359375
1 0.60546875 0.42578125 0.005859375 0.0078125
1 0.6259765625 0.4296875 0.0078125 0.0087890625
1 0.7060546875 0.4365234375 0.009765625 0.01171875
1 0.861328125 0.447265625 0.0126953125 0.0146484375