1 0.1708984375 0.47265625 0.015625 0.017578125
1 0.404296875 0.46484375 0.009765625 0.013671875
1 0.4150390625 0.4580078125 0.0078125 0.0107421875
1 0.423828125 0.453125 0.005859375 0.0087890625
1 0.4326171875 0.4501953125 0.0048828125 0.0078125
1 0.4443359375 0.4482421875 0.00390625 0.005859375
1 0.4814453125 0.447265625 0.00390625 0.005859375
1 0.505859375 0.4453125 0.0048828125 0.005859375
1 0.4814453125 0.443359375 0.0029296875 0.00390625
1 0.453125 0.4443359375 0.0029296875 0.0048828125
1 0.4423828125 0.4443359375 0.0029296875 0.0048828125
1 0.4462890625 0.4423828125 0.001953125 0.00390625
1 0.455078125 0.4423828125 0.001953125 0.00390625
1 0.4765625 0.44140625 0.001953125 0.0029296875
1 0.4990234375 0.439453125 0.001953125 0.0029296875
1 0.51953125 0.4404296875 0.001953125 0.0029296875
1 0.5419921875 0.439453125 0.001953125 0.0029296875
1 0.5732421875 0.4404296875 0.001953125 0.00390625
1 0.6484375 0.439453125 0.001953125 0.00390625
1 0.6806640625 0.439453125 0.001953125 0.00390625
1 0.7138671875 0.439453125 0.001953125 0.00390625
1 0.7392578125 0.4404296875 0.001953125 0.00390625
1 0.759765625 0.4404296875 0.001953125 0.00390625
1 0.794921875 0.44140625 0.0029296875 0.00390625
1 0.826171875 0.4423828125 0.0029296875 0.00390625
1 0.8759765625 0.443359375 0.00390625 0.0048828125
1 0.9189453125 0.4443359375 0.00390625 0.005859375
1 0.9296875 0.4462890625 0.0048828125 0.0068359375
1 0.9140625 0.447265625 0.005859375 0.0068359375
1 0.884765625 0.4501953125 0.0068359375 0.0087890625
1 0.85546875 0.453125 0.0078125 0.0107421875
1 0.904296875 0.45703125 0.009765625 0.01171875
1 0.34765625 0.494140625 0.0224609375 0.02734375
1 0.23828125 0.5546875 0.0498046875 0.05859375
2 0.857421875 0.5419921875 0.0458984375 0.0546875
2 0.6650390625 0.48828125 0.0234375 0.02734375
2 0.6064453125 0.470703125 0.0078125 0.0166015625
2 0.5703125 0.462890625 0.0107421875 0.0146484375
2 0.546875 0.45703125 0.0087890625 0.0107421875
2 0.53125 0.4521484375 0.005859375 0.0087890625
2 0.521484375 0.44921875 0.005859375 0.0078125
2 0.5283203125 0.447265625 0.0048828125 0.0068359375
2 0.5390625 0.443359375 0.00390625 0.005859375
2 0.4990234375 0.443359375 0.0029296875 0.0048828125
2 0.4931640625 0.4423828125 0.0029296875 0.00390625
2 0.490234375 0.44140625 0.0029296875 0.00390625
2 0.5078125 0.44140625 0.001953125 0.00390625
2 0.5390625 0.4404296875 0.00390625 0.0048828125
2 0.568359375 0.4443359375 0.005859375 0.0078125
2 0.6044921875 0.439453125 0.00390625 0.00390625
2 0.6416015625 0.439453125 0.0029296875 0.00390625
2 0.8623046875 0.46484375 0.0146484375 0.0166015625
2 0.767578125 0.458984375 0.0107421875 0.013671875
2 0.72265625 0.4541015625 0.0087890625 0.01171875
2 0.7646484375 0.44921875 0.005859375 0.0087890625
2 0.7978515625 0.447265625 0.005859375 0.0078125
2 0.8232421875 0.4462890625 0.0048828125 0.0068359375
2 0.814453125 0.4443359375 0.00390625 0.005859375
2 0.78515625 0.443359375 0.00390625 0.005859375
2 0.7568359375 0.4423828125 0.0029296875 0.0048828125
2 0.73046875 0.44140625 0.00390625 0.0048828125
2 0.70703125 0.4404296875 0.0029296875 0.00390625
2 0.6904296875 0.4404296875 0.0029296875 0.00390625
2 0.6669921875 0.439453125 0.0029296875 0.00390625
0 0.37890625 0.4697265625 0.0185546875 0.0341796875
0 0.3896484375 0.46875 0.0205078125 0.0322265625
0 0.60546875 0.466796875 0.0126953125 0.03125
0 0.6171875 0.466796875 0.0185546875 0.033203125
1 0.2666015625 0.458984375 0.0107421875 0.013671875
1 0.38671875 0.474609375 0.013671875 0.0185546875