2 0.9072265625 0.4384765625 0.0166015625 0.0205078125
2 0.8818359375 0.4296875 0.013671875 0.0166015625
2 0.9375 0.4228515625 0.01171875 0.013671875
1 0.8330078125 0.4208984375 0.009765625 0.01171875
1 0.9521484375 0.416015625 0.009765625 0.0107421875
1 0.5244140625 0.5732421875 0.060546875 0.0751953125
1 0.7578125 0.42578125 0.009765625 0.01171875
1 0.693359375 0.4326171875 0.0107421875 0.013671875
1 0.65625 0.4404296875 0.0126953125 0.015625
1 0.65625 0.4833984375 0.029296875 0.0361328125
1 0.6630859375 0.4541015625 0.015625 0.0205078125