1 0.1005859375 0.4580078125 0.0263671875 0.02734375
1 0.2568359375 0.451171875 0.0205078125 0.0224609375
1 0.361328125 0.4482421875 0.0146484375 0.0185546875
1 0.447265625 0.4462890625 0.0126953125 0.015625
1 0.5576171875 0.447265625 0.0107421875 0.013671875
1 0.6533203125 0.447265625 0.0078125 0.0107421875
1 0.796875 0.4521484375 0.0107421875 0.01171875
1 0.9404296875 0.4599609375 0.009765625 0.01171875
2 0.4443359375 0.54296875 0.0478515625 0.0576171875
2 0.4326171875 0.478515625 0.02734375 0.03125
2 0.5517578125 0.46484375 0.017578125 0.021484375
2 0.65234375 0.4609375 0.0146484375 0.0185546875
2 0.767578125 0.4599609375 0.013671875 0.015625
2 0.92578125 0.4658203125 0.0126953125 0.0146484375