1 0.1884765625 0.412109375 0.001953125 0.00390625
1 0.203125 0.4130859375 0.0029296875 0.00390625
1 0.21875 0.4140625 0.0029296875 0.00390625
1 0.236328125 0.4150390625 0.0029296875 0.00390625
1 0.2568359375 0.4169921875 0.00390625 0.0048828125
1 0.28125 0.4189453125 0.00390625 0.0048828125
1 0.3095703125 0.4208984375 0.00390625 0.005859375
1 0.3427734375 0.423828125 0.00390625 0.005859375
1 0.380859375 0.4267578125 0.0048828125 0.005859375
1 0.427734375 0.4306640625 0.0048828125 0.0078125
1 0.4853515625 0.435546875 0.005859375 0.0078125
1 0.5595703125 0.44140625 0.0068359375 0.0087890625
1 0.65625 0.4501953125 0.0087890625 0.009765625
1 0.791015625 0.4609375 0.0107421875 0.01171875
1 0.986328125 0.4765625 0.0146484375 0.0166015625
1 0.02734375 0.4013671875 0.001953125 0.00390625
1 0.0673828125 0.4033203125 0.0029296875 0.00390625
1 0.15234375 0.4091796875 0.001953125 0.0029296875
1 0.17578125 0.41015625 0.001953125 0.00390625
2 0.125 0.408203125 0.001953125 0.00390625
2 0.134765625 0.4091796875 0.001953125 0.00390625
2 0.146484375 0.41015625 0.0029296875 0.00390625
2 0.1591796875 0.412109375 0.0029296875 0.00390625
2 0.173828125 0.4130859375 0.00390625 0.0048828125
2 0.1904296875 0.4150390625 0.00390625 0.0048828125
2 0.2099609375 0.416015625 0.00390625 0.005859375
2 0.2314453125 0.4189453125 0.0048828125 0.005859375
2 0.2587890625 0.4208984375 0.005859375 0.0068359375
2 0.2919921875 0.4248046875 0.005859375 0.0078125
2 0.333984375 0.4287109375 0.0078125 0.0087890625
2 0.3857421875 0.43359375 0.0078125 0.009765625
2 0.455078125 0.4404296875 0.0087890625 0.0107421875
2 0.55078125 0.44921875 0.0107421875 0.013671875
2 0.6923828125 0.462890625 0.0126953125 0.0166015625
2 0.9208984375 0.4853515625 0.0185546875 0.0224609375
2 0.419921875 0.5283203125 0.0458984375 0.052734375
2 0.2216796875 0.470703125 0.025390625 0.0302734375
2 0.1396484375 0.447265625 0.017578125 0.0205078125
2 0.09765625 0.4345703125 0.013671875 0.0166015625
2 0.0703125 0.42578125 0.0107421875 0.0126953125
2 0.0498046875 0.4208984375 0.009765625 0.0107421875
2 0.0361328125 0.4169921875 0.0078125 0.009765625
2 0.025390625 0.4140625 0.005859375 0.0087890625
2 0.0166015625 0.412109375 0.005859375 0.0068359375
2 0.009765625 0.41015625 0.00390625 0.0068359375
2 0.00390625 0.408203125 0.00390625 0.005859375
2 0.0400390625 0.4033203125 0.001953125 0.0029296875
2 0.0810546875 0.4052734375 0.001953125 0.00390625