2 0.4384765625 0.4130859375 0.0029296875 0.00390625
2 0.45703125 0.4140625 0.0029296875 0.00390625
2 0.458984375 0.4150390625 0.0029296875 0.00390625
2 0.4404296875 0.416015625 0.0029296875 0.00390625
2 0.416015625 0.416015625 0.00390625 0.005859375
2 0.3818359375 0.4150390625 0.0048828125 0.005859375
2 0.3486328125 0.416015625 0.0048828125 0.0068359375
2 0.330078125 0.4169921875 0.005859375 0.0078125
2 0.33984375 0.4208984375 0.0068359375 0.0087890625
2 0.3916015625 0.4267578125 0.0078125 0.0107421875
2 0.4765625 0.4326171875 0.0087890625 0.01171875
2 0.595703125 0.44140625 0.0107421875 0.013671875
2 0.7119140625 0.453125 0.0146484375 0.0166015625
2 0.9072265625 0.4814453125 0.0234375 0.025390625
2 0.2646484375 0.5048828125 0.0400390625 0.0498046875
2 0.107421875 0.4609375 0.0283203125 0.0302734375
2 0.0791015625 0.4365234375 0.0185546875 0.021484375
2 0.12109375 0.4267578125 0.0146484375 0.015625
2 0.173828125 0.4208984375 0.009765625 0.01171875
2 0.20703125 0.416015625 0.0078125 0.009765625
2 0.23046875 0.4140625 0.0068359375 0.0078125
2 0.2470703125 0.412109375 0.005859375 0.0078125
2 0.2587890625 0.41015625 0.0048828125 0.0068359375
2 0.2685546875 0.4091796875 0.00390625 0.005859375
2 0.27734375 0.408203125 0.00390625 0.0048828125
2 0.2890625 0.408203125 0.0029296875 0.0048828125
2 0.3173828125 0.408203125 0.0029296875 0.0048828125
2 0.3603515625 0.4091796875 0.0029296875 0.00390625
2 0.4033203125 0.4111328125 0.0029296875 0.00390625
1 0.451171875 0.4130859375 0.001953125 0.00390625
1 0.4853515625 0.4150390625 0.001953125 0.0029296875
1 0.5126953125 0.416015625 0.0029296875 0.00390625
1 0.515625 0.4169921875 0.0029296875 0.0048828125
1 0.4990234375 0.41796875 0.00390625 0.0048828125
1 0.4765625 0.41796875 0.00390625 0.0048828125
1 0.44921875 0.41796875 0.00390625 0.005859375
1 0.4248046875 0.4189453125 0.0048828125 0.0068359375
1 0.43359375 0.4228515625 0.0048828125 0.0078125
1 0.4716796875 0.4267578125 0.005859375 0.0087890625
1 0.576171875 0.4326171875 0.0078125 0.009765625
1 0.681640625 0.439453125 0.0087890625 0.0107421875
1 0.791015625 0.4482421875 0.0107421875 0.0126953125
1 0.9599609375 0.4658203125 0.0166015625 0.017578125
1 0.0302734375 0.416015625 0.01171875 0.0126953125
1 0.0888671875 0.4130859375 0.0087890625 0.009765625
1 0.1328125 0.41015625 0.0068359375 0.0078125
1 0.162109375 0.408203125 0.005859375 0.0068359375
1 0.1875 0.4072265625 0.00390625 0.005859375
1 0.19921875 0.40625 0.00390625 0.0048828125
1 0.2138671875 0.4052734375 0.0029296875 0.0048828125
1 0.2275390625 0.4052734375 0.0029296875 0.0048828125
1 0.25 0.4052734375 0.0029296875 0.00390625
1 0.2861328125 0.40625 0.001953125 0.00390625
1 0.33203125 0.408203125 0.0029296875 0.00390625
1 0.37109375 0.4091796875 0.001953125 0.00390625
1 0.4140625 0.41015625 0.0029296875 0.00390625
1 0.75 0.431640625 0.0048828125 0.0087890625
1 0.6875 0.4267578125 0.0029296875 0.0068359375