1 0.7177734375 0.447265625 0.0048828125 0.0078125
1 0.8203125 0.447265625 0.005859375 0.0078125
1 0.287109375 0.5087890625 0.0322265625 0.037109375
1 0.376953125 0.478515625 0.0185546875 0.0224609375
1 0.41015625 0.4609375 0.0126953125 0.015625
1 0.4345703125 0.4560546875 0.0107421875 0.0126953125
1 0.494140625 0.451171875 0.0078125 0.0107421875
1 0.5546875 0.44921875 0.0078125 0.009765625
1 0.6201171875 0.447265625 0.0068359375 0.0087890625
2 0.8310546875 0.451171875 0.0078125 0.0107421875
2 0.943359375 0.453125 0.0087890625 0.0107421875
2 0.7353515625 0.5048828125 0.03125 0.0361328125
2 0.646484375 0.4765625 0.017578125 0.021484375
2 0.6064453125 0.4619140625 0.01171875 0.015625
2 0.5908203125 0.4560546875 0.0087890625 0.0126953125
2 0.640625 0.4521484375 0.0078125 0.0107421875
2 0.7216796875 0.4501953125 0.0078125 0.0087890625