2 0.8701171875 0.5419921875 0.052734375 0.056640625
2 0.6904296875 0.48046875 0.021484375 0.0263671875
2 0.638671875 0.4619140625 0.0126953125 0.0166015625
2 0.6142578125 0.4541015625 0.0087890625 0.0126953125
2 0.595703125 0.4482421875 0.0068359375 0.009765625
2 0.583984375 0.4453125 0.005859375 0.0078125
2 0.578125 0.4423828125 0.0048828125 0.0068359375
2 0.5859375 0.4404296875 0.0048828125 0.0068359375
2 0.609375 0.4384765625 0.00390625 0.005859375
2 0.6611328125 0.4375 0.00390625 0.005859375
2 0.7216796875 0.4375 0.00390625 0.0068359375
2 0.7900390625 0.4375 0.0048828125 0.005859375
2 0.8203125 0.4384765625 0.005859375 0.0078125
2 0.8369140625 0.4423828125 0.0078125 0.009765625
2 0.80859375 0.4462890625 0.0087890625 0.0107421875
2 0.7919921875 0.451171875 0.0087890625 0.0126953125
2 0.845703125 0.4638671875 0.0166015625 0.0185546875
2 0.9716796875 0.474609375 0.021484375 0.0234375
1 0.326171875 0.5126953125 0.03515625 0.0390625
1 0.412109375 0.478515625 0.017578125 0.0224609375
1 0.4453125 0.4638671875 0.0126953125 0.0166015625
1 0.466796875 0.455078125 0.009765625 0.0126953125
1 0.478515625 0.44921875 0.0078125 0.009765625
1 0.48828125 0.4453125 0.005859375 0.0078125
1 0.49609375 0.4423828125 0.0048828125 0.0068359375
1 0.5009765625 0.4404296875 0.00390625 0.005859375
1 0.53125 0.4384765625 0.0029296875 0.005859375
1 0.576171875 0.4375 0.0029296875 0.0048828125
1 0.638671875 0.4365234375 0.00390625 0.0048828125
1 0.7109375 0.435546875 0.00390625 0.005859375
1 0.79296875 0.435546875 0.00390625 0.005859375
1 0.8525390625 0.4365234375 0.0048828125 0.005859375
1 0.9111328125 0.4384765625 0.005859375 0.0068359375
1 0.9697265625 0.439453125 0.0068359375 0.0078125
1 0.962890625 0.4423828125 0.0078125 0.0087890625
1 0.94921875 0.44921875 0.01171875 0.0146484375
1 0.9921875 0.45703125 0.013671875 0.015625