1 0.2646484375 0.53125 0.044921875 0.05078125
1 0.3720703125 0.486328125 0.0205078125 0.025390625
1 0.4130859375 0.470703125 0.0146484375 0.017578125
1 0.4892578125 0.462890625 0.009765625 0.0126953125
1 0.5859375 0.4609375 0.0078125 0.0107421875
1 0.7001953125 0.4599609375 0.0078125 0.0087890625
1 0.8056640625 0.4619140625 0.0087890625 0.0107421875
1 0.9443359375 0.46484375 0.0107421875 0.0107421875
2 0.83984375 0.5400390625 0.0419921875 0.0498046875
2 0.681640625 0.4912109375 0.01953125 0.025390625
2 0.6259765625 0.4736328125 0.0126953125 0.017578125
2 0.66015625 0.466796875 0.009765625 0.013671875
2 0.76953125 0.4658203125 0.009765625 0.0126953125
2 0.91796875 0.46875 0.0107421875 0.0126953125