1 0.599609375 0.4365234375 0.001953125 0.00390625
1 0.640625 0.4365234375 0.001953125 0.0029296875
1 0.6796875 0.4375 0.00390625 0.00390625
1 0.70703125 0.4375 0.001953125 0.0029296875
1 0.7197265625 0.4375 0.0029296875 0.00390625
1 0.7265625 0.4384765625 0.0029296875 0.00390625
1 0.72265625 0.4404296875 0.00390625 0.005859375
1 0.76171875 0.44140625 0.00390625 0.005859375
1 0.8125 0.4423828125 0.00390625 0.005859375
1 0.89453125 0.4443359375 0.005859375 0.0078125
1 0.9267578125 0.4462890625 0.0068359375 0.0087890625
1 0.9462890625 0.44921875 0.0087890625 0.0107421875
1 0.984375 0.4541015625 0.0087890625 0.0107421875
1 0.3037109375 0.5126953125 0.033203125 0.0380859375
1 0.3828125 0.478515625 0.01953125 0.0224609375
1 0.4140625 0.46484375 0.0126953125 0.0166015625
1 0.431640625 0.4560546875 0.009765625 0.0126953125
1 0.4443359375 0.451171875 0.005859375 0.009765625
1 0.4501953125 0.447265625 0.0048828125 0.0078125
1 0.458984375 0.4443359375 0.0048828125 0.0078125
1 0.462890625 0.443359375 0.00390625 0.005859375
1 0.4658203125 0.44140625 0.0029296875 0.005859375
1 0.470703125 0.439453125 0.0029296875 0.0048828125
1 0.4775390625 0.4384765625 0.0029296875 0.00390625
1 0.4990234375 0.4375 0.0029296875 0.00390625
1 0.5244140625 0.4375 0.0029296875 0.00390625
2 0.630859375 0.4375 0.0029296875 0.00390625
2 0.662109375 0.4375 0.0029296875 0.00390625
2 0.6767578125 0.4384765625 0.001953125 0.00390625
2 0.6708984375 0.4375 0.0029296875 0.00390625
2 0.666015625 0.439453125 0.0029296875 0.00390625
2 0.669921875 0.44140625 0.00390625 0.0048828125
2 0.7119140625 0.4423828125 0.00390625 0.005859375
2 0.755859375 0.443359375 0.0048828125 0.0068359375
2 0.8056640625 0.4443359375 0.005859375 0.0078125
2 0.818359375 0.447265625 0.005859375 0.0087890625
2 0.833984375 0.4501953125 0.0078125 0.009765625
2 0.8681640625 0.455078125 0.0107421875 0.0126953125
2 0.98046875 0.4609375 0.013671875 0.0166015625
2 0.728515625 0.501953125 0.0302734375 0.03515625
2 0.6435546875 0.474609375 0.0166015625 0.021484375
2 0.60546875 0.462890625 0.0107421875 0.0146484375
2 0.5830078125 0.455078125 0.0078125 0.01171875
2 0.5673828125 0.4501953125 0.0068359375 0.009765625
2 0.5556640625 0.447265625 0.005859375 0.0078125
2 0.548828125 0.4443359375 0.00390625 0.0068359375
2 0.54296875 0.4423828125 0.00390625 0.005859375
2 0.537109375 0.4404296875 0.0029296875 0.0048828125
2 0.5322265625 0.439453125 0.00390625 0.005859375
2 0.5556640625 0.4375 0.001953125 0.0029296875
2 0.58984375 0.4375 0.001953125 0.00390625