1 0.169921875 0.564453125 0.0556640625 0.0634765625
1 0.326171875 0.4921875 0.0224609375 0.0263671875
1 0.3759765625 0.470703125 0.0146484375 0.017578125
1 0.40234375 0.4609375 0.009765625 0.0126953125
1 0.4267578125 0.455078125 0.0078125 0.0107421875
1 0.486328125 0.447265625 0.0048828125 0.0068359375
1 0.5224609375 0.44921875 0.005859375 0.0078125
2 0.515625 0.4462890625 0.005859375 0.0078125
1 0.447265625 0.447265625 0.00390625 0.005859375
1 0.4345703125 0.4462890625 0.00390625 0.005859375
1 0.4404296875 0.443359375 0.00390625 0.0048828125
1 0.453125 0.4423828125 0.0029296875 0.00390625
1 0.4794921875 0.44140625 0.0029296875 0.0048828125
1 0.5068359375 0.44140625 0.0029296875 0.00390625
1 0.53125 0.4404296875 0.0029296875 0.00390625
1 0.55859375 0.4404296875 0.0029296875 0.00390625
1 0.5966796875 0.439453125 0.0029296875 0.00390625
1 0.634765625 0.439453125 0.0029296875 0.00390625
1 0.689453125 0.4384765625 0.0029296875 0.00390625
1 0.732421875 0.439453125 0.0029296875 0.00390625
1 0.775390625 0.439453125 0.001953125 0.00390625
1 0.814453125 0.439453125 0.0029296875 0.00390625
1 0.8466796875 0.4404296875 0.00390625 0.00390625
1 0.9091796875 0.44140625 0.00390625 0.0048828125
1 0.966796875 0.4423828125 0.005859375 0.0078125
2 0.8447265625 0.548828125 0.0546875 0.0595703125
2 0.6484375 0.4892578125 0.0224609375 0.02734375
2 0.5810546875 0.4677734375 0.0126953125 0.0166015625
2 0.552734375 0.4580078125 0.0107421875 0.0126953125
2 0.5595703125 0.4541015625 0.0078125 0.0107421875
2 0.6103515625 0.447265625 0.005859375 0.0078125
2 0.564453125 0.4462890625 0.005859375 0.0078125
2 0.509765625 0.4453125 0.0048828125 0.005859375
2 0.5009765625 0.4443359375 0.00390625 0.005859375
2 0.4970703125 0.4423828125 0.0029296875 0.00390625
2 0.5185546875 0.4423828125 0.0029296875 0.00390625
2 0.5556640625 0.44140625 0.00390625 0.0048828125
2 0.5927734375 0.4404296875 0.0029296875 0.00390625
2 0.63671875 0.439453125 0.00390625 0.0048828125
2 0.68359375 0.439453125 0.0029296875 0.00390625
2 0.970703125 0.466796875 0.017578125 0.0185546875
2 0.98828125 0.447265625 0.0087890625 0.0087890625
2 0.9248046875 0.4453125 0.005859375 0.0078125
2 0.8681640625 0.443359375 0.005859375 0.0068359375
2 0.8193359375 0.4423828125 0.00390625 0.005859375
2 0.7783203125 0.44140625 0.00390625 0.0048828125
2 0.751953125 0.4404296875 0.00390625 0.0048828125
2 0.71875 0.4404296875 0.00390625 0.0048828125
1 0.486328125 0.4521484375 0.0078125 0.0078125