2 0.0615234375 0.4228515625 0.013671875 0.0146484375
2 0.1533203125 0.4326171875 0.015625 0.0185546875
2 0.318359375 0.4501953125 0.01953125 0.0224609375
2 0.5947265625 0.48046875 0.02734375 0.03125
2 0.5439453125 0.560546875 0.05859375 0.064453125
2 0.2421875 0.5 0.0439453125 0.0478515625
2 0.017578125 0.4716796875 0.03515625 0.0380859375
1 0.083984375 0.412109375 0.0087890625 0.009765625
1 0.1669921875 0.4189453125 0.009765625 0.0107421875
1 0.251953125 0.42578125 0.0107421875 0.01171875
1 0.3662109375 0.4345703125 0.01171875 0.0146484375
1 0.5107421875 0.447265625 0.013671875 0.0166015625
1 0.712890625 0.462890625 0.015625 0.01953125
1 0.123046875 0.4052734375 0.00390625 0.0078125
1 0.0732421875 0.4013671875 0.0048828125 0.005859375