2 0.7314453125 0.40625 0.001953125 0.0029296875
2 0.7470703125 0.4052734375 0.001953125 0.00390625
2 0.7490234375 0.4052734375 0.001953125 0.00390625
2 0.7353515625 0.4072265625 0.001953125 0.0029296875
2 0.7177734375 0.408203125 0.0029296875 0.00390625
2 0.6943359375 0.41015625 0.0029296875 0.00390625
2 0.67578125 0.4111328125 0.0029296875 0.00390625
2 0.66796875 0.412109375 0.0029296875 0.0048828125
2 0.6806640625 0.4130859375 0.00390625 0.0048828125
2 0.7158203125 0.4130859375 0.00390625 0.005859375
2 0.7685546875 0.412109375 0.0048828125 0.005859375
2 0.837890625 0.41015625 0.0048828125 0.0068359375
2 0.89453125 0.41015625 0.005859375 0.0087890625
2 0.95703125 0.4111328125 0.0078125 0.0107421875
2 0.9609375 0.423828125 0.013671875 0.0166015625
2 0.8271484375 0.4228515625 0.009765625 0.0126953125
2 0.724609375 0.421875 0.0078125 0.0107421875
2 0.65625 0.421875 0.005859375 0.0087890625
2 0.6142578125 0.421875 0.005859375 0.0078125
2 0.603515625 0.419921875 0.00390625 0.0068359375
2 0.6064453125 0.41796875 0.00390625 0.005859375
2 0.6103515625 0.4140625 0.0029296875 0.0048828125
2 0.6142578125 0.412109375 0.0029296875 0.00390625
2 0.6201171875 0.4111328125 0.001953125 0.0029296875
2 0.63671875 0.41015625 0.001953125 0.00390625
2 0.6689453125 0.4091796875 0.001953125 0.0029296875
2 0.7021484375 0.4072265625 0.001953125 0.00390625
1 0.7119140625 0.40625 0.001953125 0.0029296875
1 0.7958984375 0.4033203125 0.00390625 0.00390625
1 0.783203125 0.4052734375 0.001953125 0.00390625
1 0.7646484375 0.4072265625 0.001953125 0.00390625
1 0.744140625 0.408203125 0.001953125 0.00390625
1 0.728515625 0.4091796875 0.0029296875 0.00390625
1 0.7373046875 0.41015625 0.0029296875 0.0048828125
1 0.763671875 0.41015625 0.0029296875 0.0048828125
1 0.8330078125 0.408203125 0.00390625 0.005859375
1 0.9013671875 0.40625 0.0048828125 0.0068359375
1 0.9638671875 0.4052734375 0.005859375 0.0078125
1 0.6591796875 0.5478515625 0.0556640625 0.06640625
1 0.869140625 0.46484375 0.025390625 0.029296875
1 0.861328125 0.4443359375 0.0185546875 0.0234375
1 0.8125 0.43359375 0.0146484375 0.0166015625
1 0.7197265625 0.4296875 0.0107421875 0.0126953125
1 0.623046875 0.427734375 0.0087890625 0.0107421875
1 0.5537109375 0.4267578125 0.0068359375 0.0087890625
1 0.5263671875 0.4248046875 0.0048828125 0.0078125
1 0.53515625 0.4228515625 0.0048828125 0.0068359375
1 0.544921875 0.419921875 0.00390625 0.005859375
1 0.5517578125 0.4189453125 0.00390625 0.0048828125
1 0.55859375 0.4169921875 0.0029296875 0.0048828125
1 0.5634765625 0.416015625 0.0029296875 0.00390625
1 0.5693359375 0.4140625 0.001953125 0.00390625
1 0.5732421875 0.4130859375 0.001953125 0.00390625
1 0.578125 0.412109375 0.001953125 0.0029296875
1 0.5888671875 0.412109375 0.001953125 0.0029296875
1 0.64453125 0.4091796875 0.001953125 0.0029296875
1 0.6748046875 0.408203125 0.001953125 0.0029296875