2 0.3505859375 0.5244140625 0.0439453125 0.0546875
2 0.40234375 0.46484375 0.0185546875 0.025390625
2 0.46484375 0.4482421875 0.0126953125 0.0166015625
2 0.4365234375 0.4384765625 0.009765625 0.01171875
2 0.3515625 0.431640625 0.0078125 0.0107421875
2 0.30078125 0.42578125 0.0078125 0.0107421875
2 0.3349609375 0.4228515625 0.005859375 0.0078125
2 0.39453125 0.4248046875 0.005859375 0.0068359375
2 0.4541015625 0.427734375 0.0048828125 0.0068359375
2 0.5283203125 0.4326171875 0.005859375 0.0078125
2 0.634765625 0.4384765625 0.0078125 0.009765625
2 0.79296875 0.447265625 0.0087890625 0.0107421875
2 0.9501953125 0.4580078125 0.0107421875 0.0126953125
1 0.9814453125 0.453125 0.0107421875 0.01171875
1 0.83203125 0.4453125 0.0087890625 0.009765625
1 0.7080078125 0.4384765625 0.0068359375 0.0078125
1 0.6025390625 0.4326171875 0.005859375 0.0078125
1 0.53125 0.4287109375 0.0048828125 0.005859375
1 0.4482421875 0.4248046875 0.0048828125 0.005859375
1 0.3603515625 0.421875 0.00390625 0.005859375
1 0.265625 0.4189453125 0.0048828125 0.0068359375
1 0.20703125 0.419921875 0.005859375 0.0087890625
1 0.162109375 0.421875 0.0078125 0.009765625
1 0.1708984375 0.4267578125 0.0087890625 0.01171875
1 0.244140625 0.4345703125 0.0107421875 0.013671875
1 0.2333984375 0.4423828125 0.0146484375 0.0166015625
1 0.0390625 0.4521484375 0.0244140625 0.025390625