1 0.7236328125 0.4814453125 0.033203125 0.037109375
1 0.8046875 0.4482421875 0.0205078125 0.0234375
1 0.8662109375 0.423828125 0.0107421875 0.013671875
1 0.8935546875 0.412109375 0.0068359375 0.0087890625
1 0.8818359375 0.4169921875 0.0078125 0.0107421875
1 0.9052734375 0.408203125 0.005859375 0.0087890625
1 0.921875 0.4013671875 0.0029296875 0.00390625
0 0.8369140625 0.4287109375 0.017578125 0.0322265625
0 0.84765625 0.42578125 0.0166015625 0.0322265625
2 0.09375 0.447265625 0.0107421875 0.0126953125
2 0.146484375 0.447265625 0.01171875 0.0146484375
1 0.4990234375 0.5791015625 0.0634765625 0.0830078125
1 0.6533203125 0.4296875 0.0107421875 0.0146484375
1 0.7275390625 0.419921875 0.0078125 0.01171875
1 0.9208984375 0.40625 0.005859375 0.0078125
1 0.9345703125 0.4013671875 0.00390625 0.005859375
1 0.9736328125 0.4033203125 0.0068359375 0.005859375
2 0.9921875 0.3974609375 0.00390625 0.0048828125