1 0.1328125 0.455078125 0.0234375 0.025390625
1 0.310546875 0.4453125 0.013671875 0.0166015625
1 0.4482421875 0.4423828125 0.01171875 0.013671875
1 0.548828125 0.4423828125 0.0087890625 0.01171875
1 0.66015625 0.4423828125 0.0078125 0.0087890625
1 0.7158203125 0.4423828125 0.0068359375 0.0087890625
1 0.7744140625 0.4423828125 0.005859375 0.0078125
1 0.828125 0.4443359375 0.0048828125 0.0068359375
1 0.8779296875 0.4453125 0.0048828125 0.0068359375
1 0.943359375 0.4482421875 0.0048828125 0.0068359375
1 0.9970703125 0.443359375 0.00390625 0.00390625
1 0.966796875 0.4423828125 0.0029296875 0.00390625
1 0.9560546875 0.4423828125 0.00390625 0.00390625
1 0.9716796875 0.4443359375 0.00390625 0.00390625
2 0.40234375 0.4853515625 0.0263671875 0.033203125
2 0.94921875 0.451171875 0.005859375 0.0078125
2 0.884765625 0.44921875 0.005859375 0.0078125
2 0.8544921875 0.44921875 0.0068359375 0.0087890625
2 0.818359375 0.4501953125 0.0078125 0.009765625
2 0.767578125 0.4521484375 0.0087890625 0.01171875
2 0.68359375 0.4541015625 0.0107421875 0.013671875
2 0.59375 0.45703125 0.0126953125 0.0166015625
2 0.48828125 0.46484375 0.0185546875 0.0234375
2 0.4736328125 0.5791015625 0.0625 0.080078125