2 0.8271484375 0.443359375 0.01953125 0.0224609375
1 0.65234375 0.4638671875 0.0234375 0.0263671875
2 0.7470703125 0.431640625 0.01171875 0.0146484375
1 0.6484375 0.427734375 0.0087890625 0.01171875
1 0.775390625 0.5078125 0.041015625 0.046875
1 0.603515625 0.43359375 0.0107421875 0.013671875
1 0.7421875 0.41796875 0.005859375 0.0078125
2 0.7939453125 0.423828125 0.009765625 0.0126953125
2 0.8212890625 0.4189453125 0.0087890625 0.0107421875
2 0.833984375 0.4150390625 0.0078125 0.009765625
1 0.7060546875 0.4208984375 0.0078125 0.009765625
1 0.7177734375 0.416015625 0.0048828125 0.0068359375
2 0.80078125 0.4130859375 0.005859375 0.0078125
1 0.607421875 0.4462890625 0.015625 0.0166015625
1 0.81640625 0.4033203125 0.0029296875 0.00390625
2 0.759765625 0.4130859375 0.0048828125 0.0078125
1 0.6806640625 0.416015625 0.0048828125 0.005859375
2 0.7509765625 0.4111328125 0.00390625 0.005859375
1 0.6884765625 0.4130859375 0.00390625 0.0048828125
2 0.7880859375 0.4072265625 0.00390625 0.0048828125
2 0.7392578125 0.412109375 0.00390625 0.005859375
1 0.67578125 0.4140625 0.00390625 0.005859375
1 0.6953125 0.41015625 0.0029296875 0.00390625
2 0.7734375 0.4091796875 0.00390625 0.005859375
1 0.712890625 0.4111328125 0.0029296875 0.0048828125
1 0.70703125 0.4091796875 0.001953125 0.00390625
2 0.7978515625 0.4052734375 0.0029296875 0.0048828125
2 0.7646484375 0.4072265625 0.00390625 0.0048828125
2 0.974609375 0.404296875 0.005859375 0.0068359375
1 0.8583984375 0.40234375 0.0029296875 0.00390625
2 0.8447265625 0.4033203125 0.00390625 0.005859375
1 0.732421875 0.4072265625 0.001953125 0.00390625
1 0.734375 0.4091796875 0.0029296875 0.0048828125
2 0.947265625 0.4033203125 0.00390625 0.005859375
2 0.876953125 0.4033203125 0.0029296875 0.0048828125
1 0.7685546875 0.4052734375 0.001953125 0.00390625
2 0.90234375 0.40234375 0.00390625 0.0048828125
1 0.953125 0.400390625 0.0029296875 0.00390625
2 0.916015625 0.4033203125 0.00390625 0.0048828125
2 0.9296875 0.4033203125 0.00390625 0.0048828125
1 0.89453125 0.4013671875 0.0029296875 0.00390625
1 0.7119140625 0.4072265625 0.001953125 0.00390625
1 0.931640625 0.400390625 0.001953125 0.00390625