2 0.994140625 0.458984375 0.01171875 0.0234375
1 0.3818359375 0.57421875 0.05859375 0.0732421875
1 0.7314453125 0.45703125 0.017578125 0.0224609375
1 0.765625 0.4951171875 0.033203125 0.0390625
2 0.82421875 0.443359375 0.0126953125 0.0166015625
2 0.8466796875 0.42578125 0.0078125 0.0087890625
2 0.8818359375 0.4306640625 0.0087890625 0.0126953125
1 0.701171875 0.431640625 0.0078125 0.009765625
1 0.7421875 0.4267578125 0.0078125 0.0087890625
1 0.619140625 0.435546875 0.009765625 0.0126953125
1 0.6962890625 0.4248046875 0.005859375 0.0078125
2 0.732421875 0.419921875 0.00390625 0.005859375
1 0.6396484375 0.421875 0.0048828125 0.0068359375
1 0.8642578125 0.41796875 0.00390625 0.005859375
1 0.59765625 0.443359375 0.0126953125 0.015625
2 0.7783203125 0.4228515625 0.005859375 0.0078125
2 0.85546875 0.419921875 0.0048828125 0.005859375
2 0.7177734375 0.421875 0.0048828125 0.0068359375
2 0.7841796875 0.4189453125 0.00390625 0.005859375
2 0.9462890625 0.419921875 0.0048828125 0.005859375
2 0.7001953125 0.4208984375 0.0048828125 0.005859375
1 0.634765625 0.4189453125 0.00390625 0.0048828125
1 0.61328125 0.4208984375 0.00390625 0.005859375
1 0.77734375 0.41796875 0.00390625 0.005859375