1 0.6611328125 0.447265625 0.005859375 0.0078125
1 0.755859375 0.4501953125 0.0078125 0.0087890625
1 0.896484375 0.4521484375 0.0107421875 0.0107421875
1 0.4404296875 0.5078125 0.033203125 0.037109375
1 0.5048828125 0.478515625 0.0166015625 0.021484375
1 0.43359375 0.4677734375 0.0126953125 0.0166015625
1 0.3359375 0.4619140625 0.01171875 0.0146484375
1 0.234375 0.458984375 0.009765625 0.01171875
1 0.5947265625 0.4462890625 0.0048828125 0.0078125
1 0.537109375 0.4453125 0.0048828125 0.0068359375
1 0.490234375 0.4443359375 0.00390625 0.005859375
1 0.412109375 0.443359375 0.00390625 0.005859375
1 0.3671875 0.443359375 0.00390625 0.005859375
1 0.2900390625 0.4443359375 0.00390625 0.0048828125
1 0.2255859375 0.4453125 0.00390625 0.0048828125
1 0.1708984375 0.4462890625 0.00390625 0.005859375
1 0.1083984375 0.447265625 0.0048828125 0.005859375
1 0.0322265625 0.44921875 0.005859375 0.0068359375
1 0.0234375 0.458984375 0.0087890625 0.0107421875
1 0.1376953125 0.458984375 0.0087890625 0.0107421875
2 0.3876953125 0.4453125 0.0048828125 0.0068359375
2 0.423828125 0.4462890625 0.005859375 0.0068359375
2 0.466796875 0.447265625 0.005859375 0.0078125
2 0.5244140625 0.4482421875 0.005859375 0.0078125
2 0.5859375 0.4501953125 0.0068359375 0.0087890625
2 0.6787109375 0.4521484375 0.0087890625 0.01171875
2 0.8173828125 0.4560546875 0.0107421875 0.0126953125
2 0.33984375 0.4443359375 0.00390625 0.005859375
2 0.275390625 0.4453125 0.0048828125 0.005859375
2 0.208984375 0.4462890625 0.0048828125 0.005859375
2 0.1298828125 0.4482421875 0.005859375 0.0068359375
2 0.052734375 0.4501953125 0.005859375 0.0078125
2 0.0029296875 0.453125 0.005859375 0.0078125
2 0.0078125 0.4541015625 0.0078125 0.0087890625
2 0.072265625 0.4541015625 0.0078125 0.0087890625
2 0.169921875 0.4541015625 0.0078125 0.009765625
2 0.2744140625 0.453125 0.0078125 0.0107421875
2 0.380859375 0.4541015625 0.0087890625 0.0107421875
2 0.4736328125 0.4560546875 0.0087890625 0.01171875
2 0.5673828125 0.4599609375 0.0107421875 0.0146484375
2 0.6796875 0.4658203125 0.0146484375 0.017578125
2 0.7978515625 0.478515625 0.0205078125 0.0234375
2 0.8671875 0.5029296875 0.0302734375 0.0361328125
0 0.578125 0.447265625 0.0068359375 0.015625
0 0.59375 0.447265625 0.0087890625 0.0166015625
0 0.6552734375 0.4453125 0.0078125 0.015625
0 0.66796875 0.4443359375 0.0078125 0.0166015625