1 0.71484375 0.5380859375 0.04296875 0.0498046875
1 0.7705078125 0.486328125 0.0205078125 0.0244140625
1 0.8291015625 0.453125 0.0087890625 0.0107421875
1 0.79296875 0.4677734375 0.013671875 0.017578125
1 0.80859375 0.4580078125 0.0107421875 0.0126953125
1 0.8974609375 0.451171875 0.0078125 0.009765625
1 0.943359375 0.4482421875 0.0068359375 0.0087890625
2 0.9970703125 0.4599609375 0.005859375 0.017578125
0 0.3828125 0.5712890625 0.0703125 0.1044921875
1 0.8388671875 0.4453125 0.00390625 0.005859375
1 0.822265625 0.443359375 0.00390625 0.0068359375
1 0.890625 0.4462890625 0.0048828125 0.0078125
1 0.93359375 0.4482421875 0.0068359375 0.0078125
1 0.94140625 0.439453125 0.00390625 0.005859375
2 0.91796875 0.4443359375 0.0068359375 0.0078125
2 0.9248046875 0.4404296875 0.0048828125 0.005859375
2 0.9033203125 0.4423828125 0.0048828125 0.005859375
2 0.8955078125 0.44140625 0.0029296875 0.0068359375
2 0.9970703125 0.4462890625 0.005859375 0.0078125
2 0.9775390625 0.4404296875 0.00390625 0.005859375