1 0.482421875 0.49609375 0.0234375 0.02734375
2 0.810546875 0.4833984375 0.0205078125 0.0234375
1 0.609375 0.4697265625 0.0126953125 0.0166015625
2 0.8857421875 0.4697265625 0.0185546875 0.0185546875
1 0.3076171875 0.556640625 0.0478515625 0.056640625
2 0.9755859375 0.5458984375 0.044921875 0.056640625
1 0.5400390625 0.4794921875 0.0166015625 0.021484375
1 0.8017578125 0.4609375 0.01171875 0.013671875
1 0.70703125 0.462890625 0.01171875 0.0146484375
1 0.98828125 0.45703125 0.0126953125 0.013671875
1 0.8916015625 0.458984375 0.0107421875 0.013671875