1 0.244140625 0.53515625 0.0458984375 0.0498046875
1 0.3681640625 0.48828125 0.0205078125 0.025390625
1 0.4150390625 0.4716796875 0.013671875 0.0166015625
1 0.4384765625 0.462890625 0.009765625 0.0126953125
1 0.453125 0.4580078125 0.0068359375 0.009765625
1 0.462890625 0.4541015625 0.005859375 0.0087890625
1 0.470703125 0.4521484375 0.0048828125 0.0068359375
1 0.4755859375 0.44921875 0.00390625 0.005859375
1 0.4794921875 0.4482421875 0.00390625 0.0048828125
1 0.4853515625 0.4462890625 0.0029296875 0.00390625
1 0.4892578125 0.4453125 0.001953125 0.00390625
1 0.5078125 0.4443359375 0.001953125 0.00390625
1 0.5390625 0.4443359375 0.0029296875 0.00390625
1 0.57421875 0.4443359375 0.001953125 0.00390625
1 0.60546875 0.4443359375 0.0029296875 0.00390625
1 0.6416015625 0.4443359375 0.001953125 0.00390625
1 0.67578125 0.4443359375 0.001953125 0.00390625
1 0.708984375 0.4453125 0.001953125 0.0029296875
1 0.736328125 0.4462890625 0.0029296875 0.00390625
1 0.7578125 0.447265625 0.0029296875 0.0048828125
1 0.7802734375 0.4482421875 0.00390625 0.0048828125
1 0.8095703125 0.44921875 0.00390625 0.0048828125
1 0.845703125 0.451171875 0.0048828125 0.0068359375
1 0.8916015625 0.453125 0.005859375 0.0068359375
1 0.953125 0.4560546875 0.0068359375 0.0078125
2 0.8798828125 0.5361328125 0.04296875 0.0478515625
2 0.7109375 0.4892578125 0.021484375 0.0244140625
2 0.6494140625 0.47265625 0.0146484375 0.017578125
2 0.6171875 0.4638671875 0.009765625 0.013671875
2 0.59765625 0.4580078125 0.0078125 0.0107421875
2 0.5849609375 0.455078125 0.005859375 0.0087890625
2 0.576171875 0.4521484375 0.005859375 0.0078125
2 0.568359375 0.4501953125 0.00390625 0.005859375
2 0.5625 0.44921875 0.00390625 0.005859375
2 0.5576171875 0.447265625 0.00390625 0.0048828125
2 0.5546875 0.4462890625 0.0029296875 0.00390625
2 0.5498046875 0.4462890625 0.001953125 0.00390625
2 0.56640625 0.4453125 0.0029296875 0.00390625
2 0.6015625 0.4453125 0.0029296875 0.00390625
2 0.64453125 0.4453125 0.0029296875 0.00390625
2 0.673828125 0.4462890625 0.0029296875 0.00390625
2 0.6865234375 0.447265625 0.00390625 0.0048828125
2 0.705078125 0.4482421875 0.00390625 0.0048828125
2 0.7255859375 0.44921875 0.0048828125 0.005859375
2 0.751953125 0.451171875 0.0048828125 0.0068359375
2 0.78515625 0.453125 0.005859375 0.0078125
2 0.828125 0.4560546875 0.0078125 0.0087890625
2 0.8896484375 0.458984375 0.0087890625 0.0107421875
2 0.9814453125 0.46484375 0.01171875 0.013671875