2 0.658203125 0.51171875 0.033203125 0.0390625
2 0.5126953125 0.48046875 0.0185546875 0.0224609375
2 0.515625 0.4658203125 0.0126953125 0.0166015625
2 0.5615234375 0.4560546875 0.009765625 0.0126953125
2 0.59375 0.451171875 0.0078125 0.009765625
2 0.6171875 0.447265625 0.005859375 0.0087890625
2 0.6357421875 0.4443359375 0.0048828125 0.0078125
2 0.6474609375 0.4423828125 0.00390625 0.0068359375
2 0.65625 0.44140625 0.00390625 0.005859375
2 0.6650390625 0.439453125 0.0029296875 0.0048828125
2 0.671875 0.4384765625 0.0029296875 0.0048828125
2 0.685546875 0.4375 0.0029296875 0.00390625
2 0.708984375 0.4365234375 0.0029296875 0.0048828125
2 0.751953125 0.435546875 0.0029296875 0.0048828125
2 0.796875 0.435546875 0.0029296875 0.00390625
2 0.841796875 0.435546875 0.0029296875 0.00390625
2 0.8515625 0.4365234375 0.0029296875 0.0048828125
2 0.84765625 0.4375 0.0029296875 0.0048828125
2 0.826171875 0.4384765625 0.00390625 0.0048828125
2 0.78515625 0.4404296875 0.0048828125 0.0068359375
2 0.7490234375 0.44140625 0.0048828125 0.0068359375
2 0.7177734375 0.4443359375 0.005859375 0.0087890625
2 0.728515625 0.4462890625 0.0068359375 0.0087890625
2 0.7822265625 0.44921875 0.0087890625 0.0107421875
2 0.8798828125 0.4521484375 0.0107421875 0.013671875
1 0.177734375 0.5224609375 0.037109375 0.0419921875
1 0.2177734375 0.486328125 0.0224609375 0.0244140625
1 0.2783203125 0.4716796875 0.015625 0.017578125
1 0.37890625 0.4609375 0.0107421875 0.0126953125
1 0.4453125 0.4541015625 0.0087890625 0.0107421875
1 0.4951171875 0.4501953125 0.0068359375 0.0087890625
1 0.5283203125 0.447265625 0.0068359375 0.0078125
1 0.552734375 0.4443359375 0.0048828125 0.0078125
1 0.5732421875 0.4423828125 0.00390625 0.0068359375
1 0.58984375 0.44140625 0.00390625 0.0048828125
1 0.60546875 0.439453125 0.0029296875 0.0048828125
1 0.6171875 0.4384765625 0.0029296875 0.0048828125
1 0.626953125 0.4375 0.001953125 0.00390625
1 0.654296875 0.4365234375 0.001953125 0.00390625
1 0.69140625 0.4365234375 0.001953125 0.00390625
1 0.7431640625 0.435546875 0.0029296875 0.00390625
1 0.80078125 0.435546875 0.001953125 0.00390625
1 0.86328125 0.4345703125 0.0029296875 0.00390625
1 0.8984375 0.435546875 0.0029296875 0.00390625
1 0.921875 0.435546875 0.00390625 0.0048828125
1 0.9111328125 0.4375 0.00390625 0.005859375
1 0.873046875 0.439453125 0.00390625 0.005859375
1 0.83203125 0.44140625 0.00390625 0.0068359375
1 0.818359375 0.4423828125 0.005859375 0.0068359375
1 0.8232421875 0.4453125 0.005859375 0.0078125