2 0.5634765625 0.419921875 0.0029296875 0.00390625
2 0.5849609375 0.421875 0.0029296875 0.00390625
2 0.58984375 0.4228515625 0.0029296875 0.0048828125
2 0.5751953125 0.423828125 0.00390625 0.0048828125
2 0.552734375 0.423828125 0.00390625 0.005859375
2 0.51953125 0.423828125 0.0048828125 0.0068359375
2 0.490234375 0.4248046875 0.005859375 0.0078125
2 0.4775390625 0.4267578125 0.0068359375 0.0087890625
2 0.501953125 0.4326171875 0.0078125 0.0107421875
2 0.5771484375 0.4404296875 0.0087890625 0.0126953125
2 0.701171875 0.4501953125 0.0126953125 0.015625
2 0.8974609375 0.466796875 0.0166015625 0.0185546875
2 0.3994140625 0.5419921875 0.0556640625 0.0625
2 0.2705078125 0.466796875 0.0263671875 0.0302734375
2 0.2939453125 0.4453125 0.017578125 0.0205078125
2 0.333984375 0.43359375 0.0107421875 0.0146484375
2 0.3564453125 0.4267578125 0.0087890625 0.01171875
2 0.3720703125 0.4228515625 0.0068359375 0.009765625
2 0.3818359375 0.419921875 0.005859375 0.0078125
2 0.3896484375 0.41796875 0.0048828125 0.0068359375
2 0.3955078125 0.416015625 0.00390625 0.005859375
2 0.400390625 0.4150390625 0.00390625 0.0048828125
2 0.41015625 0.4150390625 0.00390625 0.0048828125
2 0.435546875 0.4150390625 0.0029296875 0.00390625
2 0.478515625 0.416015625 0.0029296875 0.00390625
2 0.5234375 0.41796875 0.0029296875 0.00390625
1 0.53515625 0.41796875 0.001953125 0.00390625
1 0.5732421875 0.419921875 0.001953125 0.00390625
1 0.61328125 0.4228515625 0.0029296875 0.00390625
1 0.646484375 0.4248046875 0.0029296875 0.0048828125
1 0.654296875 0.42578125 0.0029296875 0.0048828125
1 0.6396484375 0.42578125 0.00390625 0.0048828125
1 0.62109375 0.4267578125 0.0048828125 0.005859375
1 0.595703125 0.427734375 0.00390625 0.005859375
1 0.578125 0.4287109375 0.0048828125 0.0078125
1 0.6005859375 0.43359375 0.0068359375 0.0087890625
1 0.6611328125 0.4404296875 0.0087890625 0.0107421875
1 0.810546875 0.4501953125 0.0107421875 0.0126953125
1 0.9814453125 0.462890625 0.0146484375 0.0146484375
1 0.06640625 0.4384765625 0.01953125 0.0205078125
1 0.177734375 0.427734375 0.0126953125 0.0146484375
1 0.232421875 0.4228515625 0.0087890625 0.0107421875
1 0.271484375 0.4189453125 0.0078125 0.0087890625
1 0.2958984375 0.4169921875 0.005859375 0.0078125
1 0.31640625 0.4150390625 0.0048828125 0.005859375
1 0.3251953125 0.4130859375 0.00390625 0.005859375
1 0.3369140625 0.4130859375 0.0029296875 0.0048828125
1 0.34765625 0.412109375 0.0029296875 0.00390625
1 0.3671875 0.412109375 0.0029296875 0.00390625
1 0.4033203125 0.412109375 0.0029296875 0.00390625
1 0.447265625 0.4150390625 0.001953125 0.00390625
1 0.4873046875 0.416015625 0.0029296875 0.00390625
1 0.8779296875 0.4384765625 0.005859375 0.0087890625
1 0.9814453125 0.447265625 0.0078125 0.0078125
2 0.98046875 0.44140625 0.005859375 0.0087890625