1 0.138671875 0.6005859375 0.0546875 0.0458984375
1 0.005859375 0.4345703125 0.0087890625 0.0244140625
1 0.0546875 0.474609375 0.013671875 0.0146484375
1 0.091796875 0.4697265625 0.0107421875 0.01171875
1 0.14453125 0.4638671875 0.0087890625 0.0107421875
1 0.21875 0.4599609375 0.0087890625 0.0087890625
1 0.2822265625 0.4580078125 0.0068359375 0.0078125
1 0.3359375 0.4560546875 0.0068359375 0.0087890625
1 0.5283203125 0.451171875 0.005859375 0.0078125
1 0.6240234375 0.44921875 0.005859375 0.0068359375
1 0.7060546875 0.4482421875 0.005859375 0.0078125
1 0.802734375 0.4482421875 0.005859375 0.0078125
1 0.908203125 0.44921875 0.005859375 0.0078125
2 0.9072265625 0.5517578125 0.052734375 0.060546875
2 0.4794921875 0.5068359375 0.029296875 0.033203125
2 0.236328125 0.4921875 0.0205078125 0.0234375
2 0.2373046875 0.474609375 0.0126953125 0.0166015625
2 0.24609375 0.4658203125 0.0087890625 0.01171875
2 0.3056640625 0.4609375 0.0078125 0.0107421875
2 0.3876953125 0.45703125 0.0068359375 0.0087890625
2 0.4609375 0.455078125 0.0078125 0.0087890625
2 0.5439453125 0.453125 0.0068359375 0.0087890625
2 0.6357421875 0.4521484375 0.0068359375 0.0087890625
2 0.9189453125 0.4560546875 0.0107421875 0.0126953125
2 0.810546875 0.453125 0.0087890625 0.0107421875
2 0.7138671875 0.4521484375 0.0078125 0.0087890625