2 0.4150390625 0.5107421875 0.037109375 0.0458984375
2 0.3759765625 0.4697265625 0.0234375 0.02734375
2 0.4052734375 0.451171875 0.0146484375 0.0185546875
2 0.384765625 0.44140625 0.0107421875 0.013671875
2 0.337890625 0.4345703125 0.0087890625 0.01171875
2 0.2685546875 0.4287109375 0.0087890625 0.0107421875
2 0.19140625 0.421875 0.0078125 0.0087890625
2 0.1259765625 0.41796875 0.0078125 0.009765625
2 0.05078125 0.4130859375 0.0068359375 0.0087890625
2 0.005859375 0.41015625 0.005859375 0.0078125
2 0.0166015625 0.4072265625 0.0048828125 0.005859375
2 0.0625 0.4072265625 0.00390625 0.0048828125
2 0.068359375 0.4072265625 0.00390625 0.0048828125
2 0.0322265625 0.404296875 0.00390625 0.0048828125
2 0.0078125 0.40234375 0.00390625 0.0048828125
2 0.01171875 0.40234375 0.0029296875 0.00390625
2 0.037109375 0.40234375 0.0029296875 0.00390625
2 0.078125 0.404296875 0.001953125 0.00390625
2 0.11328125 0.40625 0.0029296875 0.00390625
2 0.1474609375 0.408203125 0.0029296875 0.0048828125
2 0.19140625 0.4111328125 0.0029296875 0.00390625
2 0.2509765625 0.4140625 0.00390625 0.0048828125
2 0.28515625 0.416015625 0.0029296875 0.00390625
2 0.3056640625 0.41796875 0.00390625 0.005859375
2 0.3291015625 0.4208984375 0.00390625 0.005859375
2 0.3515625 0.4228515625 0.0048828125 0.005859375
2 0.3828125 0.42578125 0.0048828125 0.0068359375
2 0.44140625 0.4287109375 0.005859375 0.0078125
2 0.51171875 0.4345703125 0.005859375 0.0078125
2 0.5888671875 0.4404296875 0.0068359375 0.009765625
2 0.634765625 0.447265625 0.0078125 0.0107421875
2 0.77734375 0.462890625 0.0107421875 0.0146484375
1 0.8359375 0.4609375 0.0107421875 0.0126953125
1 0.755859375 0.451171875 0.0078125 0.0107421875
1 0.703125 0.4453125 0.0068359375 0.0087890625
1 0.623046875 0.4375 0.0048828125 0.0068359375
1 0.53515625 0.4326171875 0.0048828125 0.005859375
1 0.4560546875 0.4267578125 0.00390625 0.005859375
1 0.41015625 0.423828125 0.00390625 0.00390625
1 0.388671875 0.421875 0.00390625 0.0048828125
1 0.3583984375 0.4189453125 0.0029296875 0.00390625
1 0.3271484375 0.4169921875 0.0029296875 0.00390625
1 0.2880859375 0.4150390625 0.001953125 0.00390625
1 0.2421875 0.412109375 0.0029296875 0.00390625
1 0.1982421875 0.41015625 0.0029296875 0.00390625
1 0.1689453125 0.408203125 0.0029296875 0.00390625
1 0.1201171875 0.40625 0.001953125 0.0029296875
1 0.060546875 0.4033203125 0.001953125 0.0029296875
1 0.03515625 0.4169921875 0.009765625 0.0107421875
1 0.1015625 0.4228515625 0.0107421875 0.0126953125
1 0.1611328125 0.431640625 0.0126953125 0.0146484375
1 0.130859375 0.439453125 0.0166015625 0.01953125