2 0.3037109375 0.49609375 0.0380859375 0.0419921875
2 0.9619140625 0.484375 0.0224609375 0.0234375
2 0.6796875 0.4677734375 0.0166015625 0.0205078125
2 0.1435546875 0.443359375 0.0166015625 0.0205078125
2 0.494140625 0.453125 0.013671875 0.017578125
2 0.109375 0.431640625 0.0126953125 0.0146484375
1 0.62890625 0.451171875 0.0107421875 0.013671875
2 0.072265625 0.41796875 0.0078125 0.0107421875
1 0.7958984375 0.462890625 0.0126953125 0.015625
2 0.0849609375 0.4228515625 0.0087890625 0.0126953125
2 0.392578125 0.4423828125 0.0107421875 0.0146484375
1 0.4658203125 0.4365234375 0.0078125 0.009765625
1 0.5126953125 0.4423828125 0.0087890625 0.0107421875
2 0.3388671875 0.4345703125 0.0087890625 0.0126953125
1 0.9833984375 0.47265625 0.0166015625 0.0166015625
2 0.376953125 0.4296875 0.0068359375 0.009765625
1 0.513671875 0.4306640625 0.00390625 0.005859375
2 0.40625 0.4287109375 0.005859375 0.0078125
1 0.4853515625 0.43359375 0.0068359375 0.0087890625
2 0.427734375 0.4267578125 0.00390625 0.0068359375
2 0.3896484375 0.421875 0.00390625 0.005859375
2 0.033203125 0.40625 0.00390625 0.005859375
2 0.1416015625 0.416015625 0.005859375 0.0078125
2 0.083984375 0.416015625 0.0078125 0.009765625
1 0.009765625 0.4111328125 0.0068359375 0.0078125
1 0.07421875 0.4052734375 0.00390625 0.0048828125
2 0.0576171875 0.40625 0.00390625 0.0048828125
2 0.0419921875 0.408203125 0.00390625 0.005859375
1 0.50390625 0.427734375 0.00390625 0.0048828125
2 0.4169921875 0.4248046875 0.00390625 0.005859375
2 0.265625 0.4130859375 0.0029296875 0.0048828125
2 0.291015625 0.4150390625 0.0029296875 0.00390625
2 0.1015625 0.4111328125 0.0048828125 0.0068359375
1 0.39453125 0.419921875 0.0029296875 0.00390625
1 0.0068359375 0.4033203125 0.0029296875 0.00390625
2 0.361328125 0.419921875 0.00390625 0.0048828125
2 0.30859375 0.416015625 0.0029296875 0.00390625
2 0.029296875 0.4052734375 0.00390625 0.0048828125
2 0.1455078125 0.4140625 0.005859375 0.0068359375
1 0.4228515625 0.421875 0.0029296875 0.00390625
1 0.0517578125 0.412109375 0.0048828125 0.0068359375
2 0.1904296875 0.41015625 0.00390625 0.0048828125
2 0.3349609375 0.41796875 0.0029296875 0.0048828125
2 0.236328125 0.412109375 0.0029296875 0.00390625
1 0.1064453125 0.40625 0.00390625 0.00390625
2 0.14453125 0.4091796875 0.00390625 0.00390625
1 0.5048828125 0.431640625 0.0048828125 0.0068359375
1 0.466796875 0.42578125 0.00390625 0.0048828125
1 0.0419921875 0.404296875 0.0029296875 0.00390625
1 0.0126953125 0.4091796875 0.0048828125 0.005859375
1 0.2421875 0.4111328125 0.0029296875 0.00390625
1 0.1494140625 0.408203125 0.00390625 0.00390625
1 0.0478515625 0.4111328125 0.0048828125 0.0078125
1 0.279296875 0.4130859375 0.001953125 0.00390625
1 0.3603515625 0.41796875 0.0029296875 0.00390625
0 0.2001953125 0.451171875 0.025390625 0.04296875
0 0.216796875 0.455078125 0.0322265625 0.0458984375
2 0.205078125 0.4599609375 0.0185546875 0.025390625