2 0.201171875 0.443359375 0.001953125 0.00390625
2 0.2177734375 0.4423828125 0.0029296875 0.00390625
2 0.1787109375 0.4443359375 0.0029296875 0.00390625
2 0.146484375 0.4462890625 0.00390625 0.0048828125
2 0.1171875 0.4501953125 0.0048828125 0.005859375
2 0.1044921875 0.4482421875 0.00390625 0.005859375
2 0.1611328125 0.451171875 0.0048828125 0.0068359375
2 0.22265625 0.4501953125 0.005859375 0.0078125
2 0.296875 0.4501953125 0.005859375 0.0087890625
2 0.349609375 0.451171875 0.0068359375 0.0087890625
2 0.4013671875 0.453125 0.0078125 0.0107421875
2 0.4560546875 0.45703125 0.0087890625 0.01171875
2 0.5556640625 0.462890625 0.0126953125 0.0146484375
2 0.72265625 0.47265625 0.0166015625 0.0205078125
2 0.8193359375 0.544921875 0.048828125 0.0546875
2 0.6181640625 0.4921875 0.0234375 0.029296875
2 0.4990234375 0.4794921875 0.0185546875 0.0224609375
2 0.396484375 0.47265625 0.015625 0.0185546875
2 0.2587890625 0.4677734375 0.0126953125 0.0166015625
2 0.1328125 0.4658203125 0.01171875 0.0146484375
2 0.0390625 0.46484375 0.0107421875 0.0126953125
2 0.0029296875 0.453125 0.005859375 0.0078125
2 0.013671875 0.451171875 0.0048828125 0.0068359375
2 0.021484375 0.44921875 0.00390625 0.005859375
2 0.0283203125 0.4482421875 0.00390625 0.0048828125
2 0.033203125 0.447265625 0.0029296875 0.00390625
2 0.0390625 0.4462890625 0.0029296875 0.00390625
2 0.048828125 0.4453125 0.0029296875 0.00390625
2 0.076171875 0.4443359375 0.0029296875 0.00390625
2 0.12109375 0.443359375 0.001953125 0.00390625
2 0.1640625 0.4423828125 0.001953125 0.00390625
1 0.1767578125 0.4423828125 0.0029296875 0.00390625
1 0.2109375 0.44140625 0.001953125 0.0029296875
1 0.244140625 0.44140625 0.001953125 0.0029296875
1 0.26953125 0.44140625 0.0029296875 0.00390625
1 0.2529296875 0.4423828125 0.0029296875 0.00390625
1 0.232421875 0.4443359375 0.0029296875 0.00390625
1 0.20703125 0.4453125 0.0029296875 0.0048828125
1 0.1865234375 0.4462890625 0.0029296875 0.00390625
1 0.193359375 0.447265625 0.00390625 0.0048828125
1 0.3583984375 0.447265625 0.005859375 0.0078125
1 0.4111328125 0.447265625 0.005859375 0.0068359375
1 0.4658203125 0.44921875 0.0068359375 0.0087890625
1 0.5224609375 0.451171875 0.0078125 0.0087890625
1 0.6015625 0.4541015625 0.0087890625 0.0107421875
1 0.7060546875 0.4580078125 0.0107421875 0.0126953125
1 0.86328125 0.4638671875 0.0146484375 0.0166015625
1 0.150390625 0.59375 0.0556640625 0.05859375
1 0.2392578125 0.5166015625 0.0380859375 0.0390625
1 0.205078125 0.490234375 0.0224609375 0.025390625
1 0.0908203125 0.4794921875 0.0185546875 0.0205078125
1 0.0029296875 0.4453125 0.0029296875 0.00390625
1 0.0400390625 0.4443359375 0.001953125 0.0029296875
1 0.0888671875 0.4443359375 0.001953125 0.0029296875
1 0.130859375 0.4423828125 0.001953125 0.0029296875