2 0.900390625 0.5634765625 0.0537109375 0.0546875
2 0.8212890625 0.501953125 0.0205078125 0.025390625
2 0.7119140625 0.48046875 0.0146484375 0.017578125
2 0.578125 0.466796875 0.0107421875 0.013671875
2 0.5068359375 0.458984375 0.0087890625 0.0107421875
2 0.5 0.455078125 0.0078125 0.009765625
2 0.533203125 0.455078125 0.0068359375 0.0087890625
2 0.6005859375 0.45703125 0.0068359375 0.0078125
2 0.6748046875 0.4619140625 0.005859375 0.0087890625
2 0.7861328125 0.4697265625 0.0078125 0.0107421875
2 0.96484375 0.48046875 0.0107421875 0.0126953125
1 0.87890625 0.470703125 0.0087890625 0.0107421875
1 0.767578125 0.4638671875 0.0078125 0.0087890625
1 0.658203125 0.45703125 0.005859375 0.0078125
1 0.5537109375 0.4521484375 0.0048828125 0.0068359375
1 0.453125 0.44921875 0.005859375 0.0078125
1 0.396484375 0.4501953125 0.0068359375 0.0087890625
1 0.3544921875 0.4521484375 0.0087890625 0.0107421875
1 0.369140625 0.4599609375 0.0107421875 0.013671875
1 0.4658203125 0.47265625 0.0146484375 0.017578125
1 0.4765625 0.48828125 0.021484375 0.025390625
1 0.21875 0.513671875 0.0419921875 0.0458984375