1 0.0166015625 0.40234375 0.001953125 0.0029296875
1 0.048828125 0.4033203125 0.001953125 0.0029296875
1 0.1162109375 0.40625 0.001953125 0.0029296875
1 0.140625 0.4091796875 0.001953125 0.0029296875
1 0.1611328125 0.4091796875 0.001953125 0.0029296875
1 0.1708984375 0.4111328125 0.001953125 0.00390625
1 0.181640625 0.4111328125 0.001953125 0.0029296875
1 0.1943359375 0.412109375 0.0029296875 0.00390625
1 0.22265625 0.4150390625 0.0029296875 0.00390625
1 0.240234375 0.416015625 0.00390625 0.00390625
1 0.259765625 0.41796875 0.00390625 0.00390625
1 0.28125 0.419921875 0.00390625 0.0048828125
1 0.3076171875 0.4228515625 0.00390625 0.005859375
1 0.3388671875 0.42578125 0.00390625 0.005859375
1 0.375 0.4287109375 0.00390625 0.005859375
1 0.419921875 0.4326171875 0.005859375 0.0078125
1 0.4765625 0.4375 0.0068359375 0.0078125
1 0.5478515625 0.443359375 0.0068359375 0.0087890625
1 0.6416015625 0.4521484375 0.0078125 0.0107421875
1 0.771484375 0.462890625 0.009765625 0.0126953125
1 0.962890625 0.4794921875 0.013671875 0.015625
2 0.3427734375 0.515625 0.0419921875 0.048828125
2 0.189453125 0.4658203125 0.0234375 0.0283203125
2 0.12109375 0.4453125 0.0166015625 0.01953125
2 0.0859375 0.43359375 0.0126953125 0.015625
2 0.0625 0.42578125 0.0107421875 0.013671875
2 0.0458984375 0.419921875 0.0078125 0.0107421875
2 0.03515625 0.416015625 0.0068359375 0.0087890625
2 0.0263671875 0.4140625 0.005859375 0.0078125
2 0.0185546875 0.4111328125 0.0048828125 0.0068359375
2 0.0126953125 0.4091796875 0.00390625 0.005859375
2 0.0078125 0.408203125 0.00390625 0.0048828125
2 0.00390625 0.40625 0.0029296875 0.0048828125
2 0.001953125 0.4052734375 0.001953125 0.00390625
2 0.005859375 0.40234375 0.001953125 0.00390625
2 0.04296875 0.4033203125 0.0029296875 0.00390625
2 0.083984375 0.40625 0.001953125 0.0029296875
2 0.107421875 0.4072265625 0.0029296875 0.00390625
2 0.1142578125 0.408203125 0.001953125 0.00390625
2 0.1240234375 0.4091796875 0.0029296875 0.00390625
2 0.1337890625 0.41015625 0.0029296875 0.00390625
2 0.14453125 0.4111328125 0.0029296875 0.00390625
2 0.1572265625 0.412109375 0.0029296875 0.00390625
2 0.1708984375 0.4140625 0.0029296875 0.00390625
2 0.1875 0.4150390625 0.00390625 0.0048828125
2 0.20703125 0.4169921875 0.00390625 0.005859375
2 0.228515625 0.419921875 0.0048828125 0.0068359375
2 0.2548828125 0.4228515625 0.0048828125 0.0068359375
2 0.2880859375 0.42578125 0.005859375 0.0068359375
2 0.328125 0.4306640625 0.005859375 0.0087890625
2 0.3779296875 0.4345703125 0.0078125 0.0087890625
2 0.4443359375 0.44140625 0.0087890625 0.0107421875
2 0.5361328125 0.4501953125 0.009765625 0.0126953125
2 0.666015625 0.462890625 0.0126953125 0.015625
2 0.8740234375 0.4833984375 0.0185546875 0.0205078125