1 0.0068359375 0.470703125 0.013671875 0.037109375
1 0.1494140625 0.4130859375 0.005859375 0.0068359375
1 0.2421875 0.4169921875 0.0048828125 0.005859375
1 0.3818359375 0.4228515625 0.00390625 0.005859375
1 0.4443359375 0.4267578125 0.00390625 0.005859375
1 0.501953125 0.4306640625 0.005859375 0.0078125
1 0.6123046875 0.4375 0.005859375 0.0078125
1 0.7109375 0.4443359375 0.0068359375 0.0087890625
1 0.8818359375 0.4560546875 0.0078125 0.0107421875
2 0.576171875 0.5927734375 0.0546875 0.0625
2 0.4072265625 0.478515625 0.025390625 0.0302734375
2 0.2822265625 0.451171875 0.017578125 0.021484375
2 0.09765625 0.4384765625 0.017578125 0.0185546875
2 0.0771484375 0.4130859375 0.0078125 0.0087890625
2 0.1640625 0.416015625 0.005859375 0.0078125
2 0.25 0.4189453125 0.005859375 0.0078125
2 0.89453125 0.462890625 0.0107421875 0.0146484375
2 0.751953125 0.4521484375 0.0107421875 0.0126953125
2 0.62890625 0.443359375 0.0087890625 0.0107421875
2 0.5234375 0.4365234375 0.0068359375 0.009765625
2 0.43359375 0.4296875 0.005859375 0.0078125
2 0.3759765625 0.42578125 0.005859375 0.0078125
2 0.3115234375 0.421875 0.005859375 0.0078125