2 0.6943359375 0.501953125 0.0302734375 0.03515625
2 0.4765625 0.4755859375 0.017578125 0.021484375
2 0.33203125 0.466796875 0.013671875 0.017578125
2 0.2119140625 0.4638671875 0.01171875 0.0146484375
2 0.1083984375 0.4599609375 0.009765625 0.0126953125
2 0.0810546875 0.4560546875 0.0087890625 0.01171875
2 0.09765625 0.4521484375 0.0068359375 0.0087890625
2 0.115234375 0.44921875 0.005859375 0.0078125
2 0.126953125 0.4462890625 0.0048828125 0.0068359375
2 0.138671875 0.4453125 0.00390625 0.0048828125
2 0.1455078125 0.443359375 0.0029296875 0.0048828125
2 0.1513671875 0.4423828125 0.0029296875 0.00390625
2 0.15625 0.44140625 0.001953125 0.00390625
2 0.162109375 0.4404296875 0.001953125 0.0029296875
2 0.173828125 0.439453125 0.001953125 0.00390625
2 0.1953125 0.4384765625 0.0029296875 0.00390625
2 0.234375 0.4384765625 0.0029296875 0.00390625
2 0.271484375 0.4375 0.001953125 0.00390625
2 0.3046875 0.4375 0.001953125 0.0029296875
2 0.3115234375 0.4375 0.001953125 0.00390625
2 0.30859375 0.4384765625 0.001953125 0.00390625
2 0.29296875 0.439453125 0.0029296875 0.00390625
2 0.26171875 0.4404296875 0.00390625 0.0048828125
2 0.2333984375 0.44140625 0.00390625 0.005859375
2 0.2109375 0.4443359375 0.0048828125 0.0068359375
2 0.220703125 0.4453125 0.0048828125 0.005859375
2 0.259765625 0.4453125 0.0048828125 0.0078125
2 0.31640625 0.4462890625 0.005859375 0.0078125
2 0.3779296875 0.447265625 0.005859375 0.0078125
2 0.4462890625 0.4482421875 0.0068359375 0.009765625
2 0.501953125 0.451171875 0.0078125 0.0107421875
2 0.572265625 0.4560546875 0.0107421875 0.013671875
2 0.689453125 0.46484375 0.0146484375 0.017578125
2 0.8974609375 0.4794921875 0.0234375 0.025390625
1 0.2001953125 0.587890625 0.0625 0.0703125
1 0.2236328125 0.4990234375 0.0263671875 0.03125
1 0.1552734375 0.4794921875 0.0185546875 0.0224609375
1 0.0078125 0.4501953125 0.0078125 0.0078125
1 0.033203125 0.4482421875 0.005859375 0.0068359375
1 0.0517578125 0.4462890625 0.00390625 0.005859375
1 0.068359375 0.4443359375 0.00390625 0.005859375
1 0.0810546875 0.443359375 0.00390625 0.0048828125
1 0.09375 0.4423828125 0.0029296875 0.0048828125
1 0.1044921875 0.44140625 0.0029296875 0.00390625
1 0.1123046875 0.4404296875 0.001953125 0.00390625
1 0.1396484375 0.439453125 0.001953125 0.0029296875
1 0.177734375 0.4384765625 0.001953125 0.0029296875
1 0.2255859375 0.4375 0.001953125 0.00390625
1 0.2744140625 0.4375 0.001953125 0.0029296875
1 0.3203125 0.4365234375 0.001953125 0.0029296875
1 0.34375 0.4365234375 0.001953125 0.0029296875
1 0.3564453125 0.4375 0.0029296875 0.00390625
1 0.3662109375 0.4375 0.0029296875 0.00390625
1 0.34765625 0.4384765625 0.0029296875 0.00390625
1 0.3232421875 0.439453125 0.0029296875 0.00390625
1 0.2939453125 0.4404296875 0.0029296875 0.0048828125
1 0.283203125 0.44140625 0.00390625 0.005859375
1 0.2861328125 0.4423828125 0.00390625 0.005859375
1 0.3193359375 0.443359375 0.00390625 0.005859375
1 0.380859375 0.443359375 0.0048828125 0.0068359375
1 0.455078125 0.4443359375 0.005859375 0.0078125
1 0.5302734375 0.4453125 0.0078125 0.0087890625
1 0.58984375 0.4482421875 0.0078125 0.009765625
1 0.677734375 0.4521484375 0.0087890625 0.01171875
1 0.802734375 0.4580078125 0.0126953125 0.0146484375