1 0.0283203125 0.478515625 0.0400390625 0.037109375
1 0.232421875 0.462890625 0.025390625 0.02734375
1 0.3515625 0.4560546875 0.017578125 0.021484375
1 0.4443359375 0.4521484375 0.0146484375 0.0185546875
1 0.5595703125 0.451171875 0.01171875 0.0146484375
1 0.654296875 0.4501953125 0.0107421875 0.0126953125
1 0.7998046875 0.4541015625 0.0087890625 0.01171875
1 0.9453125 0.4599609375 0.0087890625 0.01171875
2 0.4931640625 0.5029296875 0.0361328125 0.041015625
2 0.59375 0.4755859375 0.01953125 0.025390625
2 0.685546875 0.466796875 0.0166015625 0.0205078125
2 0.7939453125 0.4638671875 0.0146484375 0.017578125
2 0.953125 0.46875 0.013671875 0.015625