2 0.759765625 0.4375 0.00390625 0.005859375
2 0.779296875 0.4365234375 0.00390625 0.005859375
2 0.732421875 0.439453125 0.00390625 0.005859375
2 0.6962890625 0.4404296875 0.00390625 0.005859375
2 0.6630859375 0.4423828125 0.0048828125 0.0068359375
2 0.6455078125 0.443359375 0.0048828125 0.0068359375
2 0.6533203125 0.4462890625 0.005859375 0.0078125
2 0.6982421875 0.44921875 0.0068359375 0.009765625
2 0.7802734375 0.4521484375 0.0087890625 0.01171875
2 0.9091796875 0.455078125 0.0107421875 0.0146484375
2 0.880859375 0.5712890625 0.0595703125 0.068359375
2 0.5712890625 0.4951171875 0.0234375 0.03125
2 0.4775390625 0.4755859375 0.015625 0.01953125
2 0.45703125 0.462890625 0.01171875 0.0146484375
2 0.48046875 0.4560546875 0.0087890625 0.01171875
2 0.5166015625 0.451171875 0.0078125 0.009765625
2 0.541015625 0.447265625 0.005859375 0.0078125
2 0.5595703125 0.4443359375 0.0048828125 0.0068359375
2 0.5732421875 0.4423828125 0.00390625 0.005859375
2 0.5849609375 0.44140625 0.00390625 0.005859375
2 0.5927734375 0.439453125 0.00390625 0.0048828125
2 0.6005859375 0.4384765625 0.0029296875 0.00390625
2 0.611328125 0.4375 0.0029296875 0.00390625
2 0.6376953125 0.4365234375 0.0029296875 0.00390625
2 0.6787109375 0.435546875 0.0029296875 0.00390625
2 0.7216796875 0.435546875 0.001953125 0.00390625
1 0.7373046875 0.4345703125 0.001953125 0.0029296875
1 0.7734375 0.435546875 0.001953125 0.0029296875
1 0.8134765625 0.435546875 0.001953125 0.00390625
1 0.8466796875 0.4365234375 0.00390625 0.0048828125
1 0.8251953125 0.4375 0.00390625 0.0048828125
1 0.798828125 0.4384765625 0.00390625 0.0048828125
1 0.765625 0.4404296875 0.00390625 0.005859375
1 0.73828125 0.4423828125 0.00390625 0.005859375
1 0.7451171875 0.4443359375 0.005859375 0.0078125
1 0.783203125 0.447265625 0.005859375 0.0078125
1 0.8984375 0.4482421875 0.0087890625 0.0107421875
1 0.2177734375 0.5078125 0.029296875 0.03515625
1 0.228515625 0.478515625 0.017578125 0.021484375
1 0.2890625 0.4638671875 0.01171875 0.0146484375
1 0.36328125 0.45703125 0.009765625 0.01171875
1 0.4208984375 0.451171875 0.0078125 0.0087890625
1 0.45703125 0.4482421875 0.005859375 0.0078125
1 0.486328125 0.4453125 0.0048828125 0.0068359375
1 0.5078125 0.4423828125 0.00390625 0.005859375
1 0.52734375 0.4404296875 0.00390625 0.0048828125
1 0.5361328125 0.439453125 0.00390625 0.0048828125
1 0.5478515625 0.4384765625 0.0029296875 0.00390625
1 0.55859375 0.4384765625 0.0029296875 0.00390625
1 0.5771484375 0.4375 0.001953125 0.00390625
1 0.609375 0.4365234375 0.001953125 0.00390625
1 0.6513671875 0.435546875 0.001953125 0.00390625
1 0.689453125 0.435546875 0.001953125 0.00390625