2 0.4638671875 0.416015625 0.00390625 0.0048828125
2 0.490234375 0.41796875 0.0029296875 0.0048828125
2 0.501953125 0.4189453125 0.00390625 0.005859375
2 0.4931640625 0.4208984375 0.00390625 0.005859375
2 0.4765625 0.421875 0.0048828125 0.0068359375
2 0.447265625 0.4228515625 0.0068359375 0.0087890625
2 0.4248046875 0.4287109375 0.0078125 0.01171875
2 0.486328125 0.4384765625 0.0107421875 0.013671875
2 0.623046875 0.451171875 0.0126953125 0.017578125
2 0.830078125 0.466796875 0.0185546875 0.0205078125
2 0.318359375 0.494140625 0.0390625 0.041015625
2 0.2978515625 0.4521484375 0.01953125 0.0234375
2 0.2890625 0.435546875 0.0126953125 0.015625
2 0.2880859375 0.42578125 0.0087890625 0.01171875
2 0.2841796875 0.4208984375 0.0068359375 0.009765625
2 0.283203125 0.4130859375 0.0048828125 0.0078125
2 0.2890625 0.4111328125 0.00390625 0.005859375
2 0.31640625 0.4111328125 0.00390625 0.0048828125
2 0.3662109375 0.412109375 0.00390625 0.0048828125
2 0.41796875 0.4140625 0.0029296875 0.0048828125
1 0.42578125 0.4130859375 0.0029296875 0.00390625
1 0.4697265625 0.416015625 0.001953125 0.00390625
1 0.515625 0.41796875 0.0029296875 0.00390625
1 0.5546875 0.419921875 0.0029296875 0.0048828125
1 0.5703125 0.421875 0.00390625 0.005859375
1 0.5634765625 0.4228515625 0.00390625 0.005859375
1 0.552734375 0.4248046875 0.0048828125 0.0068359375
1 0.5380859375 0.42578125 0.005859375 0.0078125
1 0.53515625 0.4296875 0.0068359375 0.0087890625
1 0.5888671875 0.4375 0.009765625 0.0107421875
1 0.693359375 0.447265625 0.0107421875 0.0146484375
1 0.8994140625 0.458984375 0.013671875 0.015625
1 0.0126953125 0.4482421875 0.025390625 0.0263671875
1 0.0927734375 0.431640625 0.015625 0.017578125
1 0.138671875 0.4228515625 0.01171875 0.0126953125
1 0.1640625 0.4169921875 0.0087890625 0.0107421875
1 0.1826171875 0.4130859375 0.005859375 0.0078125
1 0.189453125 0.4111328125 0.005859375 0.0068359375
1 0.19921875 0.4091796875 0.0048828125 0.0068359375
1 0.2099609375 0.408203125 0.00390625 0.005859375
1 0.2314453125 0.4072265625 0.00390625 0.005859375
1 0.2724609375 0.408203125 0.00390625 0.0048828125
1 0.3251953125 0.41015625 0.0029296875 0.0048828125
1 0.37109375 0.4111328125 0.0029296875 0.00390625
2 0.880859375 0.43359375 0.005859375 0.0068359375
2 0.9248046875 0.435546875 0.0048828125 0.005859375
1 0.8212890625 0.4345703125 0.005859375 0.0087890625
1 0.951171875 0.4443359375 0.0087890625 0.0107421875