2 0.76953125 0.5009765625 0.0283203125 0.03125
1 0.26953125 0.5341796875 0.0400390625 0.0478515625
1 0.3974609375 0.4833984375 0.0185546875 0.0234375
2 0.765625 0.4677734375 0.0126953125 0.015625
2 0.7158203125 0.4765625 0.0166015625 0.0205078125
2 0.775390625 0.4599609375 0.0087890625 0.01171875
1 0.658203125 0.458984375 0.0087890625 0.01171875
1 0.587890625 0.462890625 0.009765625 0.0126953125
1 0.646484375 0.4541015625 0.0068359375 0.0087890625
2 0.7490234375 0.4541015625 0.0078125 0.009765625
1 0.650390625 0.4462890625 0.00390625 0.005859375
1 0.4833984375 0.4697265625 0.0126953125 0.015625
1 0.626953125 0.447265625 0.00390625 0.005859375
1 0.580078125 0.451171875 0.005859375 0.0078125
1 0.998046875 0.4462890625 0.00390625 0.005859375
2 0.712890625 0.4453125 0.00390625 0.005859375
1 0.583984375 0.44921875 0.0048828125 0.005859375
2 0.642578125 0.4423828125 0.0029296875 0.00390625
2 0.6328125 0.443359375 0.00390625 0.0048828125
1 0.580078125 0.443359375 0.00390625 0.0048828125
2 0.6884765625 0.451171875 0.005859375 0.0078125
2 0.69140625 0.4482421875 0.0048828125 0.0068359375
2 0.7265625 0.447265625 0.0048828125 0.0068359375
2 0.7822265625 0.443359375 0.0029296875 0.00390625
2 0.923828125 0.4462890625 0.00390625 0.005859375
1 0.5712890625 0.4423828125 0.0029296875 0.0048828125
1 0.55859375 0.443359375 0.00390625 0.0048828125
2 0.6787109375 0.4423828125 0.0029296875 0.0048828125
2 0.6728515625 0.4443359375 0.00390625 0.0048828125
1 0.6201171875 0.4453125 0.0029296875 0.00390625
1 0.7333984375 0.4423828125 0.0029296875 0.00390625
2 0.8828125 0.4443359375 0.00390625 0.005859375
2 0.7255859375 0.443359375 0.0029296875 0.0048828125
1 0.9521484375 0.4443359375 0.00390625 0.0048828125
2 0.830078125 0.443359375 0.00390625 0.0048828125
1 0.8544921875 0.443359375 0.0029296875 0.00390625
1 0.91015625 0.4443359375 0.0029296875 0.0048828125
1 0.6748046875 0.44140625 0.001953125 0.00390625
1 0.6181640625 0.44140625 0.001953125 0.00390625
2 0.6201171875 0.44140625 0.001953125 0.00390625
1 0.783203125 0.4404296875 0.001953125 0.0029296875
0 0.9716796875 0.4453125 0.0078125 0.01171875
0 0.9765625 0.4453125 0.0087890625 0.0126953125