1 0.7919921875 0.4482421875 0.00390625 0.005859375
1 0.8232421875 0.44921875 0.0048828125 0.005859375
1 0.8623046875 0.451171875 0.005859375 0.0068359375
1 0.9130859375 0.4521484375 0.0068359375 0.0087890625
1 0.9814453125 0.4560546875 0.0078125 0.0087890625
1 0.220703125 0.5625 0.05859375 0.060546875
1 0.3837890625 0.4951171875 0.0234375 0.029296875
1 0.4326171875 0.474609375 0.0146484375 0.0185546875
1 0.45703125 0.4658203125 0.0107421875 0.013671875
1 0.4716796875 0.4599609375 0.0078125 0.0107421875
1 0.48046875 0.455078125 0.0068359375 0.0087890625
1 0.4873046875 0.453125 0.005859375 0.0078125
1 0.4921875 0.4501953125 0.00390625 0.005859375
1 0.4970703125 0.447265625 0.00390625 0.005859375
1 0.5029296875 0.4443359375 0.0029296875 0.00390625
1 0.5205078125 0.4443359375 0.001953125 0.00390625
1 0.552734375 0.443359375 0.001953125 0.0029296875
1 0.59375 0.443359375 0.001953125 0.00390625
1 0.630859375 0.443359375 0.001953125 0.0029296875
1 0.6708984375 0.4443359375 0.001953125 0.00390625
1 0.7041015625 0.4443359375 0.001953125 0.00390625
1 0.7275390625 0.4453125 0.0029296875 0.00390625
1 0.7666015625 0.447265625 0.0029296875 0.00390625
2 0.677734375 0.4453125 0.0029296875 0.00390625
2 0.6904296875 0.4462890625 0.0029296875 0.00390625
2 0.705078125 0.4462890625 0.00390625 0.0048828125
2 0.7236328125 0.4482421875 0.00390625 0.005859375
2 0.74609375 0.44921875 0.00390625 0.005859375
2 0.775390625 0.451171875 0.00390625 0.005859375
2 0.8125 0.453125 0.005859375 0.0078125
2 0.8623046875 0.4560546875 0.0068359375 0.009765625
2 0.9326171875 0.4599609375 0.0087890625 0.01171875
2 0.7685546875 0.498046875 0.0244140625 0.0302734375
2 0.681640625 0.4765625 0.0146484375 0.0185546875
2 0.6396484375 0.466796875 0.009765625 0.013671875
2 0.6142578125 0.4609375 0.0078125 0.0107421875
2 0.5986328125 0.4560546875 0.0068359375 0.0087890625
2 0.5869140625 0.453125 0.005859375 0.0078125
2 0.578125 0.451171875 0.00390625 0.0068359375
2 0.5712890625 0.44921875 0.00390625 0.005859375
2 0.5654296875 0.447265625 0.0029296875 0.00390625
2 0.5615234375 0.4462890625 0.0029296875 0.00390625
2 0.5576171875 0.4453125 0.0029296875 0.00390625
2 0.5556640625 0.4453125 0.0029296875 0.00390625
2 0.5703125 0.4443359375 0.001953125 0.00390625
2 0.6064453125 0.4443359375 0.0029296875 0.00390625
2 0.646484375 0.4443359375 0.0029296875 0.00390625