1 0.9921875 0.4599609375 0.0087890625 0.0087890625
1 0.236328125 0.5341796875 0.0458984375 0.05078125
1 0.3583984375 0.4873046875 0.021484375 0.025390625
1 0.40234375 0.470703125 0.0146484375 0.017578125
1 0.4267578125 0.462890625 0.009765625 0.0126953125
1 0.44140625 0.45703125 0.0068359375 0.009765625
1 0.4501953125 0.453125 0.005859375 0.0078125
1 0.4560546875 0.451171875 0.0048828125 0.0068359375
1 0.458984375 0.44921875 0.00390625 0.005859375
1 0.462890625 0.447265625 0.00390625 0.005859375
1 0.4873046875 0.447265625 0.0029296875 0.0048828125
1 0.53125 0.4462890625 0.0029296875 0.00390625
1 0.5859375 0.4462890625 0.0029296875 0.00390625
1 0.634765625 0.4462890625 0.00390625 0.0048828125
1 0.6884765625 0.447265625 0.00390625 0.0048828125
1 0.7373046875 0.4482421875 0.00390625 0.005859375
1 0.775390625 0.4501953125 0.00390625 0.0048828125
1 0.810546875 0.451171875 0.00390625 0.005859375
1 0.853515625 0.453125 0.005859375 0.005859375
2 0.70703125 0.44921875 0.00390625 0.0048828125
2 0.7314453125 0.4501953125 0.00390625 0.005859375
2 0.763671875 0.453125 0.005859375 0.0078125
2 0.806640625 0.4560546875 0.005859375 0.0087890625
2 0.8671875 0.458984375 0.0078125 0.009765625
2 0.9560546875 0.46484375 0.009765625 0.0126953125
2 0.84375 0.5390625 0.041015625 0.048828125
2 0.681640625 0.490234375 0.021484375 0.0263671875
2 0.62109375 0.47265625 0.0126953125 0.017578125
2 0.5888671875 0.4638671875 0.0087890625 0.0126953125
2 0.5703125 0.4580078125 0.0078125 0.0107421875
2 0.5576171875 0.455078125 0.005859375 0.0078125
2 0.5478515625 0.451171875 0.0048828125 0.0078125
2 0.541015625 0.4501953125 0.00390625 0.005859375
2 0.5361328125 0.4482421875 0.00390625 0.0048828125
2 0.556640625 0.447265625 0.00390625 0.005859375
2 0.6044921875 0.447265625 0.00390625 0.0048828125
2 0.66015625 0.4482421875 0.00390625 0.0048828125