2 0.6669921875 0.4521484375 0.00390625 0.0048828125
2 0.6962890625 0.4541015625 0.00390625 0.005859375
2 0.7119140625 0.4560546875 0.00390625 0.005859375
2 0.7158203125 0.45703125 0.0048828125 0.0068359375
2 0.697265625 0.458984375 0.0048828125 0.0078125
2 0.701171875 0.4619140625 0.0068359375 0.0087890625
2 0.7392578125 0.4658203125 0.0087890625 0.01171875
2 0.83203125 0.47265625 0.01171875 0.013671875
2 0.748046875 0.537109375 0.0419921875 0.046875
2 0.6142578125 0.49609375 0.01953125 0.02734375
2 0.5009765625 0.4775390625 0.013671875 0.0185546875
2 0.44921875 0.4658203125 0.0107421875 0.013671875
2 0.439453125 0.4599609375 0.0087890625 0.0107421875
2 0.4765625 0.45703125 0.0068359375 0.009765625
2 0.4931640625 0.4541015625 0.005859375 0.0078125
2 0.4833984375 0.451171875 0.00390625 0.005859375
2 0.4443359375 0.44921875 0.00390625 0.005859375
2 0.4482421875 0.447265625 0.00390625 0.005859375
2 0.4755859375 0.447265625 0.00390625 0.0048828125
2 0.478515625 0.4462890625 0.0029296875 0.00390625
2 0.46875 0.4462890625 0.0029296875 0.00390625
2 0.4375 0.4443359375 0.0029296875 0.00390625
2 0.40625 0.443359375 0.0029296875 0.00390625
2 0.4150390625 0.443359375 0.0029296875 0.00390625
2 0.4453125 0.443359375 0.001953125 0.00390625
2 0.482421875 0.4443359375 0.001953125 0.00390625
2 0.5244140625 0.4453125 0.0029296875 0.00390625
2 0.55859375 0.4462890625 0.001953125 0.00390625
2 0.5927734375 0.447265625 0.0029296875 0.00390625
2 0.615234375 0.44921875 0.00390625 0.0048828125
1 0.7314453125 0.453125 0.0029296875 0.0048828125
1 0.8212890625 0.4580078125 0.00390625 0.005859375
1 0.662109375 0.44921875 0.0029296875 0.00390625
1 0.638671875 0.4482421875 0.0029296875 0.00390625
1 0.578125 0.4462890625 0.0029296875 0.00390625
1 0.490234375 0.443359375 0.0029296875 0.00390625
1 0.44140625 0.4423828125 0.001953125 0.0029296875
1 0.3955078125 0.4443359375 0.0029296875 0.00390625
1 0.3525390625 0.44140625 0.0029296875 0.00390625
1 0.3408203125 0.44140625 0.00390625 0.00390625
1 0.361328125 0.443359375 0.0029296875 0.0048828125
1 0.4189453125 0.4453125 0.0029296875 0.00390625
1 0.3984375 0.4462890625 0.0029296875 0.0048828125
1 0.3642578125 0.4462890625 0.00390625 0.005859375
1 0.3603515625 0.447265625 0.0048828125 0.0068359375
1 0.4111328125 0.4501953125 0.00390625 0.0068359375
1 0.416015625 0.453125 0.0048828125 0.0078125
1 0.3662109375 0.4541015625 0.0068359375 0.0087890625
1 0.2978515625 0.4560546875 0.0087890625 0.0107421875
1 0.2548828125 0.4599609375 0.0107421875 0.013671875
1 0.23828125 0.4697265625 0.0146484375 0.0185546875
1 0.2373046875 0.494140625 0.02734375 0.0302734375
1 0.1025390625 0.56640625 0.060546875 0.0693359375
1 0.86328125 0.4658203125 0.0087890625 0.0107421875
1 0.8271484375 0.4619140625 0.005859375 0.0078125
1 0.82421875 0.4599609375 0.0048828125 0.0068359375
0 0.6435546875 0.4482421875 0.005859375 0.0087890625
0 0.689453125 0.44921875 0.0048828125 0.0087890625
0 0.6943359375 0.4501953125 0.005859375 0.0107421875