2 0.935546875 0.435546875 0.0166015625 0.0185546875
2 0.79296875 0.431640625 0.01171875 0.013671875
2 0.6884765625 0.4296875 0.0087890625 0.01171875
2 0.607421875 0.4287109375 0.0078125 0.009765625
2 0.58203125 0.4267578125 0.005859375 0.0087890625
2 0.58203125 0.4228515625 0.00390625 0.005859375
2 0.587890625 0.421875 0.00390625 0.005859375
2 0.591796875 0.419921875 0.00390625 0.0048828125
2 0.595703125 0.41796875 0.00390625 0.0048828125
2 0.5986328125 0.4169921875 0.00390625 0.0048828125
2 0.6025390625 0.4150390625 0.0029296875 0.00390625
2 0.6103515625 0.4140625 0.001953125 0.0029296875
2 0.626953125 0.4130859375 0.001953125 0.00390625
2 0.658203125 0.412109375 0.001953125 0.0029296875
2 0.69140625 0.41015625 0.001953125 0.0029296875
2 0.7275390625 0.41015625 0.0029296875 0.00390625
2 0.7138671875 0.4111328125 0.00390625 0.0048828125
2 0.6875 0.4130859375 0.0029296875 0.00390625
2 0.666015625 0.4150390625 0.00390625 0.0048828125
2 0.650390625 0.4169921875 0.00390625 0.005859375
2 0.66015625 0.4169921875 0.00390625 0.005859375
2 0.6953125 0.4169921875 0.00390625 0.005859375
2 0.7490234375 0.416015625 0.0048828125 0.0068359375
2 0.810546875 0.416015625 0.005859375 0.0078125
2 0.88671875 0.416015625 0.0078125 0.0087890625
2 0.9521484375 0.4169921875 0.0087890625 0.0107421875
1 0.658203125 0.57421875 0.0654296875 0.0712890625
1 0.810546875 0.474609375 0.0283203125 0.0322265625
1 0.748046875 0.447265625 0.015625 0.01953125
1 0.673828125 0.4384765625 0.0107421875 0.0146484375
1 0.5595703125 0.4365234375 0.009765625 0.01171875
1 0.4990234375 0.4345703125 0.0078125 0.009765625
1 0.478515625 0.431640625 0.0068359375 0.0087890625
1 0.490234375 0.4287109375 0.0048828125 0.0068359375
1 0.505859375 0.42578125 0.0048828125 0.005859375
1 0.5185546875 0.423828125 0.00390625 0.005859375
1 0.529296875 0.421875 0.00390625 0.005859375
1 0.537109375 0.4208984375 0.0029296875 0.0048828125
1 0.544921875 0.419921875 0.0029296875 0.00390625
1 0.5498046875 0.41796875 0.001953125 0.00390625
1 0.556640625 0.41796875 0.001953125 0.00390625
1 0.5615234375 0.4169921875 0.001953125 0.0029296875
1 0.5654296875 0.416015625 0.001953125 0.0029296875
1 0.583984375 0.4150390625 0.001953125 0.0029296875
1 0.6494140625 0.4130859375 0.0029296875 0.00390625
1 0.736328125 0.408203125 0.001953125 0.00390625
1 0.7607421875 0.408203125 0.001953125 0.0029296875
1 0.775390625 0.408203125 0.001953125 0.0029296875
1 0.7861328125 0.408203125 0.001953125 0.0029296875
1 0.767578125 0.41015625 0.0029296875 0.0029296875
1 0.744140625 0.4111328125 0.0029296875 0.00390625
1 0.7197265625 0.4130859375 0.0029296875 0.00390625
1 0.7109375 0.4140625 0.0029296875 0.0048828125
1 0.7158203125 0.4150390625 0.0029296875 0.00390625
1 0.8935546875 0.4111328125 0.005859375 0.0078125
1 0.9873046875 0.4111328125 0.0078125 0.0087890625