1 0.09765625 0.537109375 0.0400390625 0.044921875
1 0.1884765625 0.5048828125 0.02734375 0.029296875
1 0.3251953125 0.48046875 0.0166015625 0.0185546875
1 0.3974609375 0.46875 0.01171875 0.0146484375
1 0.435546875 0.462890625 0.009765625 0.01171875
1 0.4853515625 0.458984375 0.0078125 0.0107421875
1 0.556640625 0.455078125 0.0078125 0.009765625
1 0.62109375 0.453125 0.0078125 0.0087890625
1 0.6806640625 0.4521484375 0.0078125 0.0087890625
1 0.8359375 0.4501953125 0.0068359375 0.0087890625
1 0.9365234375 0.44921875 0.0078125 0.0087890625
2 0.556640625 0.5078125 0.02734375 0.0341796875
2 0.5673828125 0.4755859375 0.015625 0.0205078125
2 0.580078125 0.462890625 0.009765625 0.0126953125
2 0.646484375 0.45703125 0.0087890625 0.01171875
2 0.744140625 0.4541015625 0.009765625 0.0126953125
2 0.8427734375 0.4541015625 0.0087890625 0.0107421875
2 0.970703125 0.4521484375 0.0107421875 0.01171875