2 0.9736328125 0.4501953125 0.009765625 0.0107421875
2 0.84375 0.5419921875 0.0498046875 0.056640625
2 0.6748046875 0.486328125 0.0224609375 0.02734375
2 0.62109375 0.46875 0.0126953125 0.017578125
2 0.6064453125 0.458984375 0.0087890625 0.0126953125
2 0.64453125 0.453125 0.0078125 0.0107421875
2 0.732421875 0.4501953125 0.0078125 0.009765625
2 0.84375 0.44921875 0.0078125 0.009765625
1 0.830078125 0.447265625 0.005859375 0.0078125
1 0.9404296875 0.447265625 0.0078125 0.0087890625
1 0.306640625 0.529296875 0.0390625 0.0439453125
1 0.376953125 0.48828125 0.0205078125 0.0244140625
1 0.41796875 0.46875 0.0126953125 0.0166015625
1 0.4443359375 0.4609375 0.009765625 0.0126953125
1 0.484375 0.4541015625 0.0078125 0.009765625
1 0.552734375 0.451171875 0.0068359375 0.0087890625
1 0.6396484375 0.4482421875 0.0048828125 0.0078125
1 0.71875 0.447265625 0.005859375 0.0078125