2 0.84765625 0.4365234375 0.00390625 0.005859375
2 0.88671875 0.4375 0.0048828125 0.0068359375
2 0.91015625 0.4384765625 0.0048828125 0.0068359375
2 0.904296875 0.4404296875 0.005859375 0.0078125
2 0.8857421875 0.443359375 0.0068359375 0.0087890625
2 0.853515625 0.4462890625 0.0078125 0.009765625
2 0.8330078125 0.4501953125 0.0087890625 0.0126953125
2 0.8505859375 0.4560546875 0.01171875 0.0146484375
2 0.990234375 0.4697265625 0.01953125 0.021484375
2 0.767578125 0.5048828125 0.033203125 0.0380859375
2 0.6982421875 0.4716796875 0.0166015625 0.021484375
2 0.6748046875 0.458984375 0.01171875 0.0146484375
2 0.66015625 0.451171875 0.0087890625 0.01171875
2 0.6513671875 0.447265625 0.0068359375 0.0087890625
2 0.6435546875 0.4443359375 0.005859375 0.0078125
2 0.6396484375 0.44140625 0.00390625 0.0068359375
2 0.6435546875 0.439453125 0.00390625 0.005859375
2 0.669921875 0.4384765625 0.00390625 0.0048828125
2 0.7236328125 0.4375 0.00390625 0.0048828125
2 0.7861328125 0.4365234375 0.00390625 0.005859375
1 0.79296875 0.435546875 0.0029296875 0.00390625
1 0.8515625 0.435546875 0.00390625 0.0048828125
1 0.919921875 0.435546875 0.00390625 0.005859375
1 0.9853515625 0.4365234375 0.005859375 0.0068359375
1 0.9951171875 0.4462890625 0.0087890625 0.0107421875
1 0.404296875 0.505859375 0.03125 0.03515625
1 0.4794921875 0.4755859375 0.0166015625 0.0205078125
1 0.515625 0.4609375 0.01171875 0.0146484375
1 0.533203125 0.4521484375 0.0087890625 0.0107421875
1 0.5478515625 0.447265625 0.005859375 0.0078125
1 0.55078125 0.4443359375 0.0048828125 0.0068359375
1 0.5576171875 0.4423828125 0.0048828125 0.0068359375
1 0.5654296875 0.4404296875 0.00390625 0.005859375
1 0.583984375 0.439453125 0.00390625 0.005859375
1 0.623046875 0.4375 0.00390625 0.005859375
1 0.6767578125 0.4365234375 0.0029296875 0.0048828125
1 0.7265625 0.4365234375 0.0029296875 0.0048828125