1 0.2119140625 0.51953125 0.0341796875 0.037109375
1 0.2958984375 0.482421875 0.0185546875 0.021484375
1 0.3330078125 0.4677734375 0.0126953125 0.0146484375
1 0.3623046875 0.4619140625 0.0087890625 0.01171875
1 0.4296875 0.4560546875 0.0068359375 0.0087890625
1 0.46875 0.453125 0.005859375 0.0087890625
1 0.4638671875 0.4521484375 0.005859375 0.0078125
1 0.4287109375 0.451171875 0.005859375 0.0078125
1 0.38671875 0.451171875 0.0048828125 0.0078125
1 0.3720703125 0.4501953125 0.0048828125 0.0068359375
1 0.3759765625 0.4482421875 0.00390625 0.005859375
1 0.380859375 0.447265625 0.00390625 0.0048828125
1 0.3935546875 0.4462890625 0.00390625 0.0048828125
1 0.4208984375 0.4453125 0.0029296875 0.00390625
1 0.4501953125 0.4443359375 0.0029296875 0.00390625
1 0.4765625 0.443359375 0.00390625 0.00390625
1 0.50390625 0.443359375 0.0029296875 0.00390625
1 0.54296875 0.4423828125 0.0029296875 0.0048828125
1 0.58203125 0.44140625 0.00390625 0.00390625
1 0.63671875 0.4404296875 0.00390625 0.00390625
1 0.6796875 0.4404296875 0.0029296875 0.00390625
1 0.724609375 0.4404296875 0.0029296875 0.00390625
1 0.76171875 0.4404296875 0.0029296875 0.00390625
1 0.794921875 0.44140625 0.00390625 0.0048828125
1 0.8583984375 0.4423828125 0.00390625 0.005859375
1 0.9169921875 0.443359375 0.005859375 0.0068359375
2 0.6416015625 0.5068359375 0.03125 0.0361328125
2 0.5419921875 0.4765625 0.0166015625 0.0205078125
2 0.5048828125 0.4638671875 0.0107421875 0.0146484375
2 0.5107421875 0.458984375 0.0087890625 0.01171875
2 0.5654296875 0.453125 0.0078125 0.009765625
2 0.5615234375 0.4501953125 0.005859375 0.0087890625
2 0.51171875 0.44921875 0.005859375 0.0078125
2 0.4541015625 0.4482421875 0.00390625 0.005859375
2 0.4443359375 0.447265625 0.00390625 0.005859375
2 0.4404296875 0.4462890625 0.00390625 0.0048828125
2 0.462890625 0.4453125 0.00390625 0.0048828125
2 0.501953125 0.4443359375 0.00390625 0.00390625
2 0.5400390625 0.443359375 0.00390625 0.0048828125
2 0.5849609375 0.4423828125 0.00390625 0.0048828125
2 0.6328125 0.44140625 0.00390625 0.0048828125
2 0.9775390625 0.4716796875 0.0185546875 0.0205078125
2 0.9951171875 0.462890625 0.0087890625 0.0166015625
2 0.947265625 0.447265625 0.0087890625 0.0107421875
2 0.8818359375 0.4453125 0.0068359375 0.0087890625
2 0.822265625 0.4443359375 0.005859375 0.0068359375
2 0.771484375 0.443359375 0.0048828125 0.005859375
2 0.7294921875 0.4423828125 0.00390625 0.005859375
2 0.7021484375 0.44140625 0.00390625 0.005859375
2 0.6669921875 0.44140625 0.00390625 0.005859375