1 0.0048828125 0.412109375 0.0068359375 0.0087890625
1 0.1240234375 0.416015625 0.0068359375 0.0078125
1 0.208984375 0.4189453125 0.00390625 0.0068359375
1 0.2939453125 0.4228515625 0.00390625 0.005859375
1 0.3662109375 0.4267578125 0.0048828125 0.005859375
1 0.43359375 0.4306640625 0.005859375 0.0078125
1 0.55859375 0.4384765625 0.0068359375 0.0078125
1 0.6669921875 0.4443359375 0.0078125 0.009765625
1 0.8486328125 0.455078125 0.0087890625 0.0107421875
2 0.4580078125 0.5166015625 0.0380859375 0.0458984375
2 0.220703125 0.4677734375 0.025390625 0.0283203125
2 0.025390625 0.416015625 0.0078125 0.0087890625
2 0.1357421875 0.4189453125 0.005859375 0.0087890625
2 0.8876953125 0.46484375 0.0126953125 0.0146484375
2 0.73046875 0.4541015625 0.0107421875 0.0126953125
2 0.591796875 0.4453125 0.0087890625 0.0107421875
2 0.46875 0.4375 0.0078125 0.0107421875
2 0.3603515625 0.4306640625 0.0068359375 0.0087890625
2 0.291015625 0.4267578125 0.005859375 0.0078125
2 0.212890625 0.421875 0.005859375 0.0078125