1 0.23046875 0.4130859375 0.00390625 0.005859375
1 0.306640625 0.416015625 0.00390625 0.005859375
1 0.3798828125 0.419921875 0.00390625 0.005859375
1 0.431640625 0.4228515625 0.0048828125 0.0068359375
1 0.4677734375 0.42578125 0.005859375 0.0078125
1 0.5009765625 0.4296875 0.005859375 0.0078125
1 0.5283203125 0.43359375 0.0078125 0.009765625
1 0.568359375 0.439453125 0.009765625 0.01171875
1 0.6875 0.4482421875 0.0107421875 0.0126953125
1 0.8349609375 0.4599609375 0.0126953125 0.0146484375
1 0.0068359375 0.4072265625 0.0087890625 0.009765625
1 0.072265625 0.408203125 0.0068359375 0.0078125
1 0.140625 0.4091796875 0.005859375 0.0078125
2 0.3017578125 0.4169921875 0.0048828125 0.0068359375
2 0.3642578125 0.4208984375 0.005859375 0.0078125
2 0.4033203125 0.423828125 0.005859375 0.0087890625
2 0.4130859375 0.4267578125 0.0078125 0.0087890625
2 0.4404296875 0.4326171875 0.0087890625 0.0107421875
2 0.48828125 0.439453125 0.009765625 0.0146484375
2 0.6376953125 0.4521484375 0.0126953125 0.015625
2 0.8046875 0.4658203125 0.0166015625 0.01953125
2 0.546875 0.578125 0.0625 0.076171875
2 0.28125 0.478515625 0.03125 0.03515625
2 0.189453125 0.447265625 0.0205078125 0.0234375
2 0.1396484375 0.431640625 0.0146484375 0.0166015625
2 0.1171875 0.4228515625 0.01171875 0.013671875
2 0.1044921875 0.416015625 0.0087890625 0.0107421875
2 0.099609375 0.4130859375 0.0078125 0.0107421875
2 0.1513671875 0.4130859375 0.0068359375 0.0087890625
2 0.22265625 0.4140625 0.005859375 0.0078125