2 0.5166015625 0.4306640625 0.0078125 0.0107421875
2 0.5888671875 0.4345703125 0.0078125 0.0107421875
2 0.6728515625 0.4423828125 0.009765625 0.0126953125
2 0.76171875 0.455078125 0.013671875 0.0166015625
2 0.8759765625 0.4736328125 0.0205078125 0.0224609375
2 0.5546875 0.587890625 0.05859375 0.0703125
2 0.259765625 0.4794921875 0.0322265625 0.037109375
2 0.177734375 0.4462890625 0.0185546875 0.0234375
2 0.1533203125 0.4306640625 0.013671875 0.0166015625
2 0.205078125 0.423828125 0.0107421875 0.0126953125
2 0.3056640625 0.4228515625 0.0078125 0.0107421875
2 0.4130859375 0.42578125 0.0078125 0.009765625
1 0.3974609375 0.421875 0.0068359375 0.0078125
1 0.48828125 0.42578125 0.0068359375 0.0078125
1 0.5888671875 0.4296875 0.005859375 0.0068359375
1 0.6943359375 0.4375 0.0078125 0.0087890625
1 0.78515625 0.4443359375 0.0087890625 0.0107421875
1 0.87890625 0.455078125 0.0126953125 0.0146484375
1 0.0751953125 0.4169921875 0.01171875 0.01171875
1 0.197265625 0.41796875 0.0078125 0.009765625
1 0.2890625 0.4189453125 0.0078125 0.0087890625