2 0.8544921875 0.5224609375 0.0361328125 0.041015625
2 0.8408203125 0.4912109375 0.0224609375 0.025390625
2 0.8896484375 0.4755859375 0.0166015625 0.01953125
2 0.873046875 0.466796875 0.0107421875 0.0146484375
2 0.8232421875 0.4619140625 0.0087890625 0.01171875
2 0.75390625 0.4580078125 0.0078125 0.009765625
2 0.685546875 0.4541015625 0.0068359375 0.0087890625
2 0.6337890625 0.4521484375 0.005859375 0.0078125
2 0.5810546875 0.451171875 0.0048828125 0.0068359375
2 0.5517578125 0.4501953125 0.00390625 0.0068359375
2 0.537109375 0.44921875 0.00390625 0.005859375
2 0.55859375 0.447265625 0.0029296875 0.0048828125
2 0.58984375 0.4462890625 0.0029296875 0.00390625
2 0.5927734375 0.4453125 0.0029296875 0.0048828125
2 0.5693359375 0.4453125 0.001953125 0.00390625
2 0.5537109375 0.4443359375 0.001953125 0.00390625
2 0.572265625 0.443359375 0.001953125 0.0029296875
2 0.6005859375 0.443359375 0.001953125 0.0029296875
2 0.6259765625 0.4443359375 0.001953125 0.00390625
2 0.65234375 0.4443359375 0.0029296875 0.00390625
2 0.689453125 0.4453125 0.0029296875 0.00390625
2 0.7431640625 0.4453125 0.0029296875 0.0048828125
2 0.77734375 0.4462890625 0.0029296875 0.0048828125
2 0.7978515625 0.447265625 0.00390625 0.0048828125
2 0.822265625 0.4482421875 0.00390625 0.005859375
2 0.84765625 0.4501953125 0.00390625 0.005859375
2 0.884765625 0.4521484375 0.005859375 0.0068359375
2 0.9609375 0.453125 0.005859375 0.0078125
1 0.072265625 0.58984375 0.0634765625 0.06640625
1 0.349609375 0.5 0.025390625 0.0302734375
1 0.8974609375 0.447265625 0.00390625 0.0048828125
1 0.861328125 0.447265625 0.0029296875 0.00390625
1 0.7822265625 0.4453125 0.001953125 0.00390625
1 0.7353515625 0.4443359375 0.0029296875 0.0029296875
1 0.6962890625 0.4443359375 0.0029296875 0.00390625
1 0.671875 0.443359375 0.0029296875 0.0029296875
1 0.6328125 0.443359375 0.001953125 0.0029296875
1 0.5439453125 0.443359375 0.001953125 0.00390625
1 0.517578125 0.4443359375 0.001953125 0.00390625
1 0.501953125 0.4443359375 0.001953125 0.00390625
1 0.5078125 0.4453125 0.0029296875 0.00390625
1 0.5302734375 0.4462890625 0.0029296875 0.00390625
1 0.52734375 0.4462890625 0.0029296875 0.0048828125
1 0.490234375 0.447265625 0.00390625 0.005859375
1 0.46484375 0.44921875 0.0048828125 0.005859375
1 0.4755859375 0.4501953125 0.0048828125 0.005859375
1 0.5029296875 0.453125 0.005859375 0.0078125
1 0.5703125 0.4541015625 0.005859375 0.0078125
1 0.615234375 0.45703125 0.0078125 0.009765625
1 0.658203125 0.4619140625 0.009765625 0.0126953125
1 0.6337890625 0.46875 0.01171875 0.015625
1 0.5341796875 0.4794921875 0.017578125 0.0205078125
1 0.9228515625 0.4482421875 0.0048828125 0.0068359375
1 0.9873046875 0.4501953125 0.005859375 0.0078125