2 0.90234375 0.4462890625 0.0078125 0.0107421875
2 0.982421875 0.447265625 0.0087890625 0.0107421875
2 0.8955078125 0.5625 0.060546875 0.064453125
2 0.69140625 0.4912109375 0.0234375 0.029296875
2 0.6240234375 0.46875 0.0146484375 0.01953125
2 0.595703125 0.458984375 0.009765625 0.013671875
2 0.587890625 0.453125 0.0078125 0.009765625
2 0.6240234375 0.4482421875 0.0078125 0.0087890625
2 0.701171875 0.4462890625 0.005859375 0.0087890625
2 0.796875 0.4462890625 0.005859375 0.0078125
1 0.791015625 0.443359375 0.0048828125 0.005859375
1 0.8837890625 0.4443359375 0.0068359375 0.0078125
1 0.998046875 0.4453125 0.001953125 0.0087890625
1 0.212890625 0.5732421875 0.0595703125 0.068359375
1 0.3828125 0.48828125 0.0205078125 0.0263671875
1 0.41015625 0.470703125 0.0146484375 0.017578125
1 0.4345703125 0.458984375 0.009765625 0.013671875
1 0.453125 0.4541015625 0.0078125 0.0107421875
1 0.4853515625 0.4501953125 0.0078125 0.0087890625
1 0.5458984375 0.447265625 0.005859375 0.0078125
1 0.6943359375 0.4443359375 0.0048828125 0.0068359375