2 0.9638671875 0.5048828125 0.033203125 0.0361328125
1 0.39453125 0.544921875 0.044921875 0.0537109375
1 0.58984375 0.4912109375 0.0205078125 0.02734375
1 0.650390625 0.474609375 0.015625 0.0185546875
2 0.9130859375 0.478515625 0.01953125 0.0224609375
1 0.689453125 0.4638671875 0.01171875 0.0166015625
2 0.8896484375 0.4658203125 0.0126953125 0.015625
2 0.865234375 0.455078125 0.0078125 0.0107421875
2 0.8564453125 0.451171875 0.005859375 0.0078125
2 0.9130859375 0.4423828125 0.00390625 0.005859375
1 0.751953125 0.4482421875 0.00390625 0.0068359375
1 0.7744140625 0.4453125 0.00390625 0.005859375
2 0.8505859375 0.4482421875 0.00390625 0.0068359375
1 0.7421875 0.451171875 0.0078125 0.009765625
2 0.853515625 0.4501953125 0.005859375 0.0087890625
0 0.880859375 0.4560546875 0.01171875 0.021484375