1 0.052734375 0.603515625 0.0546875 0.0400390625
1 0.3408203125 0.5087890625 0.029296875 0.03515625
1 0.4052734375 0.48046875 0.015625 0.01953125
1 0.435546875 0.46875 0.01171875 0.0146484375
1 0.451171875 0.4609375 0.0087890625 0.0107421875
1 0.4609375 0.45703125 0.005859375 0.0087890625
1 0.46875 0.4541015625 0.0048828125 0.0078125
1 0.4736328125 0.4521484375 0.00390625 0.005859375
1 0.478515625 0.4501953125 0.00390625 0.005859375
1 0.482421875 0.4482421875 0.00390625 0.0048828125
1 0.505859375 0.447265625 0.0029296875 0.00390625
1 0.5439453125 0.447265625 0.0029296875 0.0048828125
1 0.5869140625 0.447265625 0.0029296875 0.0048828125
1 0.6240234375 0.4462890625 0.00390625 0.0048828125
1 0.66796875 0.447265625 0.00390625 0.00390625
1 0.7109375 0.4482421875 0.0029296875 0.0048828125
1 0.7548828125 0.44921875 0.0029296875 0.0048828125
1 0.7958984375 0.4501953125 0.00390625 0.005859375
1 0.830078125 0.451171875 0.00390625 0.005859375
1 0.87109375 0.453125 0.005859375 0.0078125
1 0.92578125 0.4560546875 0.005859375 0.0078125
1 0.9970703125 0.4599609375 0.00390625 0.0087890625
2 0.798828125 0.5078125 0.0302734375 0.033203125
2 0.69140625 0.4814453125 0.017578125 0.0205078125
2 0.642578125 0.46875 0.01171875 0.015625
2 0.615234375 0.4619140625 0.0087890625 0.01171875
2 0.5966796875 0.4580078125 0.0068359375 0.009765625
2 0.583984375 0.455078125 0.005859375 0.0078125
2 0.57421875 0.4521484375 0.0048828125 0.0078125
2 0.56640625 0.4501953125 0.00390625 0.005859375
2 0.560546875 0.44921875 0.00390625 0.005859375
2 0.5791015625 0.4482421875 0.0029296875 0.0048828125
2 0.623046875 0.4482421875 0.00390625 0.0048828125
2 0.67578125 0.4482421875 0.00390625 0.005859375
2 0.7158203125 0.44921875 0.00390625 0.005859375
2 0.73828125 0.451171875 0.0048828125 0.005859375
2 0.76953125 0.453125 0.005859375 0.0078125
2 0.8076171875 0.4560546875 0.0068359375 0.0087890625
2 0.8623046875 0.458984375 0.0078125 0.0107421875
2 0.939453125 0.4638671875 0.009765625 0.01171875