2 0.41015625 0.4833984375 0.025390625 0.0322265625
2 0.2685546875 0.453125 0.0185546875 0.0224609375
2 0.068359375 0.439453125 0.0185546875 0.0205078125
2 0.89453125 0.462890625 0.01171875 0.0146484375
2 0.748046875 0.4521484375 0.009765625 0.0126953125
2 0.046875 0.4130859375 0.0078125 0.0087890625
2 0.5126953125 0.435546875 0.0078125 0.009765625
2 0.1396484375 0.4150390625 0.005859375 0.0078125
1 0.703125 0.4443359375 0.0078125 0.009765625
2 0.6220703125 0.443359375 0.0078125 0.0107421875
1 0.123046875 0.4130859375 0.005859375 0.0068359375
1 0.6025390625 0.4375 0.0068359375 0.0078125
2 0.419921875 0.4296875 0.0068359375 0.0087890625
2 0.2939453125 0.421875 0.005859375 0.0078125
2 0.3603515625 0.42578125 0.005859375 0.0078125
1 0.4892578125 0.4296875 0.005859375 0.0078125
2 0.2294921875 0.41796875 0.005859375 0.0078125
1 0.4296875 0.42578125 0.0048828125 0.0068359375
1 0.2216796875 0.416015625 0.0048828125 0.0068359375
1 0.876953125 0.4560546875 0.0078125 0.009765625
1 0.365234375 0.4228515625 0.00390625 0.005859375