2 0.546875 0.537109375 0.0498046875 0.05859375
2 0.244140625 0.474609375 0.0283203125 0.03125
2 0.0087890625 0.427734375 0.0126953125 0.013671875
2 0.142578125 0.4306640625 0.01171875 0.013671875
2 0.3056640625 0.4375 0.0126953125 0.0146484375
2 0.5048828125 0.4443359375 0.01171875 0.0146484375
2 0.734375 0.4501953125 0.0107421875 0.0146484375
2 0.9638671875 0.4619140625 0.0146484375 0.0166015625
1 0.8935546875 0.4501953125 0.01171875 0.0126953125
1 0.716796875 0.443359375 0.009765625 0.01171875
1 0.55859375 0.4384765625 0.0087890625 0.01171875
1 0.3974609375 0.4326171875 0.0087890625 0.0107421875
1 0.265625 0.427734375 0.009765625 0.0107421875
1 0.109375 0.423828125 0.009765625 0.0107421875