1 0.3623046875 0.5498046875 0.0517578125 0.05859375
1 0.5673828125 0.4853515625 0.021484375 0.0263671875
1 0.630859375 0.4697265625 0.0146484375 0.0185546875
1 0.5693359375 0.4609375 0.01171875 0.0146484375
1 0.4990234375 0.4541015625 0.0078125 0.0107421875
1 0.4912109375 0.44921875 0.0068359375 0.009765625
1 0.5107421875 0.447265625 0.005859375 0.0078125
1 0.5439453125 0.4443359375 0.0048828125 0.0068359375
1 0.5712890625 0.4423828125 0.00390625 0.0068359375
1 0.541015625 0.4423828125 0.00390625 0.005859375
1 0.5185546875 0.44140625 0.00390625 0.005859375
1 0.5322265625 0.4404296875 0.00390625 0.0048828125
1 0.5625 0.439453125 0.0029296875 0.0048828125
1 0.66015625 0.4375 0.0029296875 0.00390625
1 0.7080078125 0.4375 0.0029296875 0.0048828125
1 0.748046875 0.4375 0.0029296875 0.0048828125
1 0.7919921875 0.4375 0.0029296875 0.0048828125
1 0.822265625 0.4384765625 0.0029296875 0.0048828125
2 0.9794921875 0.5458984375 0.0400390625 0.0537109375
2 0.888671875 0.4931640625 0.029296875 0.03125
2 0.8212890625 0.470703125 0.0185546875 0.0205078125
2 0.7158203125 0.458984375 0.0126953125 0.015625
2 0.62890625 0.453125 0.0087890625 0.01171875
2 0.591796875 0.4501953125 0.0078125 0.0107421875
2 0.603515625 0.447265625 0.0068359375 0.0087890625
2 0.6279296875 0.4443359375 0.005859375 0.0078125
2 0.640625 0.443359375 0.00390625 0.005859375
2 0.607421875 0.4404296875 0.0048828125 0.0068359375
2 0.642578125 0.439453125 0.00390625 0.005859375
2 0.6982421875 0.4384765625 0.00390625 0.005859375
2 0.7373046875 0.439453125 0.00390625 0.005859375
2 0.771484375 0.439453125 0.0048828125 0.0068359375
2 0.794921875 0.44140625 0.0048828125 0.0078125
2 0.822265625 0.4423828125 0.005859375 0.0078125
2 0.859375 0.4443359375 0.0068359375 0.0087890625
2 0.9208984375 0.447265625 0.0087890625 0.0107421875
1 0.9560546875 0.443359375 0.0078125 0.0087890625
1 0.912109375 0.4423828125 0.0078125 0.0078125
1 0.880859375 0.4404296875 0.0068359375 0.0068359375
1 0.849609375 0.439453125 0.005859375 0.0068359375