2 0.9443359375 0.5927734375 0.056640625 0.0615234375
2 0.810546875 0.5068359375 0.0283203125 0.03125
2 0.86328125 0.4853515625 0.0166015625 0.0205078125
2 0.8798828125 0.4755859375 0.0126953125 0.015625
2 0.89453125 0.4638671875 0.005859375 0.0087890625
2 0.859375 0.4619140625 0.0068359375 0.0087890625
2 0.8427734375 0.458984375 0.005859375 0.0078125
2 0.845703125 0.45703125 0.0048828125 0.0068359375
2 0.8798828125 0.45703125 0.0048828125 0.005859375
2 0.904296875 0.4560546875 0.00390625 0.005859375
2 0.87109375 0.4521484375 0.00390625 0.0048828125
2 0.876953125 0.451171875 0.0029296875 0.00390625
2 0.908203125 0.4521484375 0.0029296875 0.00390625
2 0.9140625 0.451171875 0.0029296875 0.00390625
2 0.9033203125 0.451171875 0.0029296875 0.00390625
2 0.8759765625 0.44921875 0.0029296875 0.00390625
2 0.845703125 0.44921875 0.001953125 0.00390625
2 0.8359375 0.4482421875 0.001953125 0.00390625
2 0.8564453125 0.4482421875 0.001953125 0.00390625
2 0.8876953125 0.44921875 0.001953125 0.0029296875
2 0.9287109375 0.4501953125 0.001953125 0.0029296875
2 0.9775390625 0.4521484375 0.0029296875 0.00390625
1 0.7958984375 0.4462890625 0.001953125 0.0029296875
1 0.7861328125 0.447265625 0.0029296875 0.0029296875
1 0.802734375 0.44921875 0.00390625 0.0048828125
1 0.833984375 0.44921875 0.0029296875 0.00390625
1 0.853515625 0.4501953125 0.001953125 0.00390625
1 0.798828125 0.453125 0.0048828125 0.005859375
1 0.8388671875 0.453125 0.00390625 0.005859375
1 0.75390625 0.453125 0.0048828125 0.005859375
1 0.7314453125 0.4541015625 0.00390625 0.0068359375
1 0.7294921875 0.4560546875 0.005859375 0.0078125
1 0.73828125 0.4599609375 0.0078125 0.0087890625
1 0.724609375 0.4638671875 0.0087890625 0.01171875
1 0.6591796875 0.4677734375 0.01171875 0.0146484375
1 0.5693359375 0.4755859375 0.015625 0.0185546875
1 0.44140625 0.494140625 0.025390625 0.029296875
1 0.21484375 0.56640625 0.05859375 0.0693359375
2 0.8974609375 0.4697265625 0.009765625 0.0126953125