1 0.201171875 0.4697265625 0.029296875 0.0302734375
2 0.580078125 0.4794921875 0.0244140625 0.02734375
2 0.5517578125 0.5126953125 0.037109375 0.0439453125
1 0.033203125 0.4951171875 0.04296875 0.0478515625
1 0.35546875 0.4560546875 0.017578125 0.0205078125
2 0.64453125 0.4638671875 0.0166015625 0.01953125
2 0.9013671875 0.4658203125 0.013671875 0.015625
1 0.58984375 0.447265625 0.0107421875 0.013671875
2 0.7626953125 0.4619140625 0.0126953125 0.015625
1 0.455078125 0.44921875 0.0126953125 0.0166015625
1 0.7119140625 0.4501953125 0.009765625 0.01171875
1 0.8525390625 0.4560546875 0.0087890625 0.0107421875