1 0.7080078125 0.45703125 0.009765625 0.0107421875
1 0.8583984375 0.458984375 0.0107421875 0.013671875
1 0.4208984375 0.591796875 0.060546875 0.0615234375
1 0.3095703125 0.517578125 0.029296875 0.037109375
1 0.173828125 0.494140625 0.0224609375 0.0234375
1 0.0322265625 0.48828125 0.01953125 0.0205078125
1 0.61328125 0.455078125 0.0078125 0.009765625
1 0.537109375 0.4541015625 0.0078125 0.0087890625
1 0.478515625 0.453125 0.005859375 0.0078125
1 0.427734375 0.4521484375 0.005859375 0.0078125
1 0.38671875 0.4521484375 0.0048828125 0.0068359375
1 0.3349609375 0.4521484375 0.00390625 0.005859375
1 0.2421875 0.4541015625 0.00390625 0.005859375
1 0.1611328125 0.4560546875 0.0048828125 0.0068359375
1 0.0908203125 0.458984375 0.005859375 0.0068359375
1 0.0048828125 0.4619140625 0.005859375 0.0078125
2 0.3515625 0.455078125 0.005859375 0.0078125
2 0.392578125 0.4560546875 0.0068359375 0.0087890625
2 0.4443359375 0.4580078125 0.0078125 0.009765625
2 0.51953125 0.4599609375 0.0087890625 0.01171875
2 0.607421875 0.462890625 0.0107421875 0.013671875
2 0.755859375 0.466796875 0.0146484375 0.017578125
2 0.2958984375 0.455078125 0.005859375 0.0078125
2 0.216796875 0.4560546875 0.005859375 0.0068359375
2 0.1298828125 0.458984375 0.005859375 0.0068359375
2 0.021484375 0.462890625 0.0078125 0.0087890625
2 0.0078125 0.4736328125 0.01171875 0.0146484375
2 0.1494140625 0.4736328125 0.0126953125 0.0146484375
2 0.298828125 0.4736328125 0.0146484375 0.0166015625
2 0.43359375 0.4775390625 0.0166015625 0.01953125
2 0.5888671875 0.4873046875 0.021484375 0.0263671875
2 0.8466796875 0.509765625 0.037109375 0.0390625
0 0.671875 0.443359375 0.005859375 0.0146484375