2 0.48828125 0.5625 0.0634765625 0.06640625
2 0.2275390625 0.4677734375 0.02734375 0.03125
2 0.1572265625 0.4423828125 0.017578125 0.021484375
2 0.158203125 0.4296875 0.013671875 0.0166015625
2 0.205078125 0.423828125 0.0107421875 0.0126953125
2 0.3037109375 0.4228515625 0.0087890625 0.0107421875
2 0.412109375 0.42578125 0.0078125 0.0107421875
2 0.5048828125 0.4296875 0.0078125 0.0107421875
2 0.5947265625 0.4365234375 0.0087890625 0.0107421875
2 0.701171875 0.447265625 0.01171875 0.0146484375
2 0.8193359375 0.4638671875 0.017578125 0.01953125
1 0.1103515625 0.416015625 0.009765625 0.0107421875
1 0.240234375 0.4169921875 0.0078125 0.0087890625
1 0.3662109375 0.4208984375 0.0078125 0.0087890625
1 0.494140625 0.42578125 0.0068359375 0.0078125
1 0.5966796875 0.431640625 0.005859375 0.0078125
1 0.720703125 0.4404296875 0.0087890625 0.0107421875
1 0.865234375 0.451171875 0.01171875 0.0126953125
1 0.9658203125 0.4638671875 0.0146484375 0.0166015625