1 0.79296875 0.458984375 0.025390625 0.0283203125
1 0.8759765625 0.4267578125 0.0126953125 0.015625
1 0.896484375 0.4189453125 0.009765625 0.0126953125
1 0.923828125 0.4091796875 0.0078125 0.0087890625
1 0.8505859375 0.439453125 0.0087890625 0.0185546875
0 0.837890625 0.43359375 0.01953125 0.0361328125
0 0.8515625 0.431640625 0.0205078125 0.0361328125
1 0.662109375 0.5087890625 0.0439453125 0.0478515625
1 0.6396484375 0.4326171875 0.0107421875 0.015625
1 0.7275390625 0.421875 0.009765625 0.0126953125
1 0.9111328125 0.4130859375 0.0087890625 0.009765625
1 0.9423828125 0.40625 0.0078125 0.0078125
1 0.9580078125 0.4013671875 0.0048828125 0.005859375