1 0.623046875 0.4375 0.0029296875 0.00390625
1 0.6728515625 0.4375 0.0029296875 0.00390625
1 0.759765625 0.439453125 0.0029296875 0.0048828125
1 0.78125 0.439453125 0.00390625 0.005859375
1 0.7978515625 0.4423828125 0.00390625 0.005859375
1 0.8720703125 0.4453125 0.0068359375 0.0087890625
1 0.9619140625 0.4482421875 0.0087890625 0.0087890625
1 0.20703125 0.5556640625 0.0546875 0.0625
1 0.353515625 0.48828125 0.0234375 0.02734375
1 0.4033203125 0.4677734375 0.015625 0.01953125
1 0.4248046875 0.45703125 0.009765625 0.013671875
1 0.4423828125 0.451171875 0.0078125 0.0107421875
1 0.451171875 0.447265625 0.005859375 0.0078125
1 0.45703125 0.4443359375 0.005859375 0.0078125
1 0.46484375 0.4423828125 0.0048828125 0.0068359375
1 0.4677734375 0.4404296875 0.00390625 0.0048828125
1 0.474609375 0.439453125 0.00390625 0.005859375
1 0.501953125 0.4384765625 0.0029296875 0.0048828125
1 0.5322265625 0.4384765625 0.0029296875 0.0048828125
1 0.5693359375 0.4375 0.0029296875 0.00390625
2 0.6640625 0.4384765625 0.0029296875 0.0048828125
2 0.705078125 0.439453125 0.00390625 0.0048828125
2 0.7275390625 0.439453125 0.00390625 0.0048828125
2 0.724609375 0.4384765625 0.0029296875 0.00390625
2 0.724609375 0.443359375 0.00390625 0.005859375
2 0.736328125 0.4443359375 0.005859375 0.0078125
2 0.8056640625 0.447265625 0.0068359375 0.0087890625
2 0.88671875 0.44921875 0.0078125 0.0107421875
2 0.9853515625 0.453125 0.0107421875 0.0126953125
2 0.8603515625 0.537109375 0.0458984375 0.05078125
2 0.69140625 0.484375 0.0205078125 0.0263671875
2 0.6279296875 0.4658203125 0.013671875 0.017578125
2 0.5947265625 0.4560546875 0.009765625 0.013671875
2 0.578125 0.4501953125 0.0078125 0.0107421875
2 0.564453125 0.447265625 0.0068359375 0.0087890625
2 0.5537109375 0.4443359375 0.0048828125 0.0068359375
2 0.5478515625 0.4423828125 0.00390625 0.005859375
2 0.5439453125 0.4404296875 0.00390625 0.005859375
2 0.5712890625 0.4384765625 0.0029296875 0.00390625
2 0.6142578125 0.4384765625 0.0029296875 0.0048828125