1 0.88671875 0.4375 0.0185546875 0.0205078125
1 0.943359375 0.416015625 0.0107421875 0.0126953125
1 0.9208984375 0.4248046875 0.0126953125 0.015625
1 0.9619140625 0.41015625 0.0087890625 0.0107421875
1 0.8330078125 0.4609375 0.01953125 0.029296875
1 0.9873046875 0.400390625 0.00390625 0.005859375
0 0.8154296875 0.453125 0.033203125 0.0537109375
0 0.837890625 0.447265625 0.0302734375 0.0498046875
1 0.697265625 0.509765625 0.0439453125 0.052734375
1 0.5703125 0.4453125 0.0185546875 0.01953125
1 0.7119140625 0.42578125 0.0087890625 0.013671875