1 0.0458984375 0.5009765625 0.02734375 0.02734375
2 0.6953125 0.5302734375 0.0439453125 0.048828125
2 0.4072265625 0.4716796875 0.013671875 0.017578125
2 0.392578125 0.4951171875 0.021484375 0.02734375
2 0.4208984375 0.4609375 0.0087890625 0.0126953125
2 0.9716796875 0.44921875 0.0107421875 0.0126953125
1 0.5146484375 0.4501953125 0.0068359375 0.0087890625
1 0.4609375 0.4521484375 0.0078125 0.0087890625
1 0.28125 0.462890625 0.009765625 0.01171875
1 0.330078125 0.4580078125 0.0087890625 0.0107421875
1 0.0166015625 0.59033203125 0.033203125 0.0654296875
2 0.482421875 0.455078125 0.0078125 0.0107421875
2 0.6474609375 0.4501953125 0.0078125 0.009765625
1 0.400390625 0.4541015625 0.0078125 0.0087890625
2 0.744140625 0.4482421875 0.0078125 0.0087890625
1 0.173828125 0.4794921875 0.017578125 0.0185546875
1 0.244140625 0.4677734375 0.01171875 0.013671875
1 0.9541015625 0.4443359375 0.0078125 0.009765625
1 0.7236328125 0.4462890625 0.0068359375 0.0078125
2 0.861328125 0.4482421875 0.0078125 0.009765625
1 0.841796875 0.4443359375 0.0068359375 0.0078125
1 0.5693359375 0.44921875 0.005859375 0.0078125