2 0.689453125 0.5419921875 0.048828125 0.0537109375
2 0.68359375 0.490234375 0.025390625 0.0302734375
2 0.7822265625 0.46875 0.0166015625 0.0205078125
2 0.76953125 0.4619140625 0.0126953125 0.0166015625
2 0.7158203125 0.455078125 0.0107421875 0.0126953125
2 0.6240234375 0.4521484375 0.0087890625 0.0107421875
2 0.548828125 0.4501953125 0.0068359375 0.0087890625
2 0.5302734375 0.44921875 0.005859375 0.0078125
2 0.57421875 0.4462890625 0.005859375 0.0078125
2 0.63671875 0.4453125 0.0048828125 0.0078125
2 0.720703125 0.4443359375 0.005859375 0.0078125
2 0.828125 0.443359375 0.0068359375 0.0078125
2 0.9306640625 0.443359375 0.0078125 0.0087890625
1 0.7294921875 0.44140625 0.0048828125 0.0068359375
1 0.6298828125 0.443359375 0.00390625 0.005859375
1 0.537109375 0.4453125 0.0048828125 0.005859375
1 0.4541015625 0.4482421875 0.005859375 0.0068359375
1 0.416015625 0.451171875 0.0068359375 0.0078125
1 0.4404296875 0.4541015625 0.0068359375 0.0087890625
1 0.5087890625 0.4560546875 0.0087890625 0.01171875
1 0.5625 0.462890625 0.0107421875 0.0146484375
1 0.4716796875 0.4755859375 0.015625 0.01953125
1 0.2431640625 0.5 0.0263671875 0.029296875