2 0.0517578125 0.462890625 0.0185546875 0.0205078125
2 0.26953125 0.45703125 0.0126953125 0.0146484375
2 0.3828125 0.4521484375 0.009765625 0.0126953125
2 0.3984375 0.4453125 0.0078125 0.009765625
2 0.3896484375 0.44140625 0.005859375 0.0078125
2 0.5390625 0.4375 0.00390625 0.0048828125
2 0.5380859375 0.43359375 0.00390625 0.0048828125
2 0.568359375 0.43359375 0.0029296875 0.00390625
2 0.609375 0.43359375 0.0029296875 0.00390625
2 0.6552734375 0.4345703125 0.001953125 0.0029296875
2 0.705078125 0.435546875 0.0029296875 0.0048828125
2 0.720703125 0.4365234375 0.0029296875 0.0048828125
2 0.724609375 0.4375 0.0029296875 0.0048828125
2 0.7275390625 0.4384765625 0.0029296875 0.0048828125
2 0.732421875 0.4404296875 0.00390625 0.005859375
2 0.7392578125 0.4423828125 0.0048828125 0.0068359375
2 0.751953125 0.4453125 0.005859375 0.0087890625
2 0.7666015625 0.44921875 0.0078125 0.0107421875
2 0.7861328125 0.4541015625 0.0087890625 0.0126953125
2 0.80859375 0.458984375 0.0126953125 0.015625
2 0.845703125 0.4697265625 0.0166015625 0.0205078125
2 0.791015625 0.4853515625 0.0205078125 0.025390625
2 0.73046875 0.515625 0.037109375 0.041015625
2 0.9501953125 0.595703125 0.05078125 0.0556640625
1 0.0087890625 0.486328125 0.0166015625 0.0302734375
1 0.2578125 0.470703125 0.017578125 0.01953125
1 0.46484375 0.462890625 0.0126953125 0.0166015625
1 0.5361328125 0.455078125 0.009765625 0.0126953125
1 0.548828125 0.44921875 0.0078125 0.0107421875
1 0.4970703125 0.4443359375 0.005859375 0.0087890625
1 0.4912109375 0.44140625 0.0048828125 0.0078125
1 0.5341796875 0.4404296875 0.005859375 0.0068359375
1 0.61328125 0.439453125 0.0029296875 0.0048828125
1 0.609375 0.4375 0.0029296875 0.00390625
1 0.59375 0.4365234375 0.00390625 0.005859375
1 0.6025390625 0.4345703125 0.0029296875 0.00390625
1 0.6328125 0.4345703125 0.001953125 0.00390625
1 0.6591796875 0.435546875 0.0029296875 0.00390625
1 0.671875 0.4365234375 0.0029296875 0.0048828125
1 0.67578125 0.4404296875 0.00390625 0.005859375
1 0.671875 0.4423828125 0.00390625 0.005859375
1 0.6767578125 0.4443359375 0.0048828125 0.0078125
1 0.673828125 0.4482421875 0.005859375 0.009765625
1 0.673828125 0.45703125 0.0107421875 0.013671875
1 0.65625 0.4658203125 0.0146484375 0.017578125
1 0.5107421875 0.48046875 0.01953125 0.0234375
1 0.38671875 0.5029296875 0.03125 0.03515625
1 0.2001953125 0.5810546875 0.0625 0.068359375
2 0.4521484375 0.4375 0.005859375 0.0068359375
2 0.5048828125 0.4375 0.005859375 0.0078125
1 0.59375 0.4404296875 0.005859375 0.0068359375
1 0.5888671875 0.4345703125 0.00390625 0.00390625