2 0.8896484375 0.4306640625 0.0146484375 0.0166015625
2 0.7626953125 0.4287109375 0.0107421875 0.0126953125
2 0.666015625 0.427734375 0.0078125 0.0107421875
2 0.5888671875 0.427734375 0.0068359375 0.009765625
2 0.5625 0.42578125 0.005859375 0.0078125
2 0.560546875 0.4228515625 0.00390625 0.005859375
2 0.564453125 0.4208984375 0.00390625 0.005859375
2 0.568359375 0.41796875 0.00390625 0.0048828125
2 0.5703125 0.416015625 0.0029296875 0.00390625
2 0.5791015625 0.4150390625 0.001953125 0.00390625
2 0.5947265625 0.4130859375 0.001953125 0.00390625
2 0.6240234375 0.412109375 0.001953125 0.0029296875
2 0.65625 0.4111328125 0.001953125 0.0029296875
2 0.6865234375 0.41015625 0.001953125 0.0029296875
2 0.6923828125 0.41015625 0.0029296875 0.00390625
2 0.6796875 0.412109375 0.0029296875 0.00390625
2 0.654296875 0.4130859375 0.0029296875 0.00390625
2 0.6337890625 0.4150390625 0.0029296875 0.00390625
2 0.6201171875 0.416015625 0.00390625 0.005859375
2 0.630859375 0.4169921875 0.00390625 0.005859375
2 0.6650390625 0.4169921875 0.00390625 0.005859375
2 0.7158203125 0.416015625 0.0048828125 0.0068359375
2 0.7724609375 0.4150390625 0.005859375 0.0068359375
2 0.8427734375 0.4150390625 0.0068359375 0.0087890625
2 0.90234375 0.416015625 0.0078125 0.009765625
2 0.9794921875 0.41796875 0.0107421875 0.0126953125
1 0.716796875 0.51953125 0.0478515625 0.0517578125
1 0.7958984375 0.4609375 0.0234375 0.02734375
1 0.73046875 0.44140625 0.0146484375 0.017578125
1 0.6591796875 0.435546875 0.0107421875 0.013671875
1 0.5498046875 0.43359375 0.0087890625 0.0107421875
1 0.4892578125 0.4326171875 0.0068359375 0.0087890625
1 0.46484375 0.4306640625 0.005859375 0.0078125
1 0.4736328125 0.427734375 0.0048828125 0.0068359375
1 0.4853515625 0.42578125 0.00390625 0.005859375
1 0.4970703125 0.423828125 0.00390625 0.005859375
1 0.505859375 0.421875 0.0029296875 0.0048828125
1 0.51171875 0.4208984375 0.0029296875 0.0048828125
1 0.517578125 0.4189453125 0.0029296875 0.0048828125
1 0.5224609375 0.41796875 0.001953125 0.00390625
1 0.52734375 0.41796875 0.001953125 0.00390625
1 0.53125 0.4169921875 0.001953125 0.0029296875
1 0.53515625 0.416015625 0.001953125 0.0029296875
1 0.552734375 0.4150390625 0.001953125 0.0029296875
1 0.6162109375 0.412109375 0.001953125 0.0029296875
1 0.69921875 0.4091796875 0.001953125 0.0029296875
1 0.72265625 0.408203125 0.001953125 0.0029296875
1 0.736328125 0.408203125 0.001953125 0.0029296875
1 0.7470703125 0.408203125 0.001953125 0.0029296875
1 0.73046875 0.41015625 0.001953125 0.00390625
1 0.7080078125 0.4111328125 0.001953125 0.00390625
1 0.685546875 0.4130859375 0.001953125 0.00390625
1 0.6787109375 0.4140625 0.0029296875 0.00390625
1 0.6826171875 0.4140625 0.0029296875 0.0048828125
1 0.712890625 0.4130859375 0.0029296875 0.0048828125
1 0.8486328125 0.4111328125 0.0048828125 0.0068359375
1 0.9326171875 0.41015625 0.0068359375 0.0078125