2 0.9072265625 0.4296875 0.0126953125 0.0146484375
2 0.7822265625 0.427734375 0.009765625 0.01171875
2 0.6865234375 0.4267578125 0.0078125 0.0107421875
2 0.6083984375 0.4267578125 0.0068359375 0.0087890625
2 0.5791015625 0.4248046875 0.005859375 0.0087890625
2 0.576171875 0.4228515625 0.0048828125 0.0078125
2 0.5791015625 0.416015625 0.00390625 0.005859375
2 0.5869140625 0.4150390625 0.001953125 0.00390625
2 0.6015625 0.4140625 0.001953125 0.00390625
2 0.6318359375 0.4130859375 0.0029296875 0.00390625
2 0.6630859375 0.4111328125 0.001953125 0.0029296875
2 0.69921875 0.4111328125 0.001953125 0.00390625
2 0.6865234375 0.41015625 0.001953125 0.00390625
2 0.6630859375 0.4130859375 0.0029296875 0.00390625
2 0.6435546875 0.4150390625 0.0029296875 0.00390625
2 0.6298828125 0.4150390625 0.0029296875 0.0048828125
2 0.6318359375 0.416015625 0.00390625 0.005859375
2 0.642578125 0.4169921875 0.0029296875 0.005859375
2 0.6767578125 0.416015625 0.00390625 0.005859375
2 0.7275390625 0.416015625 0.00390625 0.005859375
2 0.7841796875 0.4150390625 0.005859375 0.0068359375
2 0.853515625 0.4150390625 0.0068359375 0.0078125
2 0.912109375 0.416015625 0.0078125 0.0087890625
2 0.9892578125 0.4169921875 0.009765625 0.01171875
1 0.7890625 0.4990234375 0.0419921875 0.0439453125
1 0.8310546875 0.4541015625 0.021484375 0.0244140625
1 0.7587890625 0.439453125 0.0126953125 0.0166015625
1 0.68359375 0.43359375 0.009765625 0.0126953125
1 0.57421875 0.4326171875 0.0078125 0.0107421875
1 0.5126953125 0.431640625 0.0078125 0.009765625
1 0.4873046875 0.4296875 0.005859375 0.0078125
1 0.4921875 0.427734375 0.0048828125 0.005859375
1 0.501953125 0.4248046875 0.00390625 0.005859375
1 0.5107421875 0.4228515625 0.00390625 0.005859375
1 0.5185546875 0.421875 0.0029296875 0.0048828125
1 0.5234375 0.419921875 0.0029296875 0.00390625
1 0.5283203125 0.419921875 0.001953125 0.00390625
1 0.5322265625 0.4189453125 0.001953125 0.0029296875
1 0.537109375 0.41796875 0.001953125 0.0029296875
1 0.5400390625 0.4169921875 0.001953125 0.0029296875
1 0.54296875 0.416015625 0.001953125 0.0029296875
1 0.560546875 0.4150390625 0.001953125 0.00390625
1 0.6220703125 0.412109375 0.001953125 0.0029296875
1 0.705078125 0.4091796875 0.001953125 0.0029296875
1 0.728515625 0.4091796875 0.001953125 0.001953125
1 0.7421875 0.4091796875 0.001953125 0.0029296875
1 0.75390625 0.4091796875 0.001953125 0.0029296875
1 0.7373046875 0.41015625 0.001953125 0.00390625
1 0.7158203125 0.4111328125 0.0029296875 0.00390625
1 0.693359375 0.4140625 0.0029296875 0.0048828125
1 0.6875 0.4140625 0.0029296875 0.00390625
1 0.72265625 0.4140625 0.0029296875 0.0048828125
1 0.78125 0.4130859375 0.00390625 0.005859375
1 0.857421875 0.4111328125 0.005859375 0.0068359375
1 0.9404296875 0.4111328125 0.005859375 0.0078125