2 0.7802734375 0.5185546875 0.0390625 0.0439453125
2 0.658203125 0.4775390625 0.0185546875 0.0234375
2 0.615234375 0.4638671875 0.01171875 0.015625
2 0.587890625 0.455078125 0.0087890625 0.0126953125
2 0.5703125 0.4501953125 0.0068359375 0.0087890625
2 0.5625 0.447265625 0.005859375 0.0078125
2 0.5693359375 0.4443359375 0.0048828125 0.0068359375
2 0.595703125 0.443359375 0.0048828125 0.005859375
2 0.6513671875 0.4423828125 0.0048828125 0.005859375
2 0.7177734375 0.44140625 0.00390625 0.005859375
2 0.79296875 0.4423828125 0.005859375 0.0078125
2 0.8310546875 0.443359375 0.005859375 0.0087890625
2 0.8525390625 0.4453125 0.005859375 0.0087890625
2 0.8603515625 0.4482421875 0.0078125 0.0107421875
2 0.837890625 0.453125 0.0087890625 0.01171875
2 0.8310546875 0.4599609375 0.0126953125 0.0146484375
2 0.84765625 0.4697265625 0.015625 0.01953125
2 0.9482421875 0.4814453125 0.0244140625 0.025390625
1 0.328125 0.5107421875 0.0302734375 0.037109375
1 0.3974609375 0.4794921875 0.017578125 0.0224609375
1 0.4306640625 0.46484375 0.01171875 0.015625
1 0.4482421875 0.4560546875 0.0087890625 0.01171875
1 0.4609375 0.451171875 0.0068359375 0.009765625
1 0.4697265625 0.447265625 0.005859375 0.0078125
1 0.4755859375 0.4453125 0.0048828125 0.0068359375
1 0.509765625 0.4423828125 0.00390625 0.0068359375
1 0.5576171875 0.44140625 0.00390625 0.0048828125
1 0.625 0.4404296875 0.00390625 0.005859375
1 0.703125 0.4404296875 0.00390625 0.005859375
1 0.8603515625 0.44140625 0.0048828125 0.005859375
1 0.9296875 0.4423828125 0.0068359375 0.0078125
1 0.998046875 0.4462890625 0.0029296875 0.0107421875
1 0.99609375 0.4521484375 0.005859375 0.0126953125