1 0.4111328125 0.421875 0.0029296875 0.0048828125
1 0.447265625 0.423828125 0.00390625 0.005859375
1 0.4921875 0.427734375 0.00390625 0.005859375
1 0.5517578125 0.431640625 0.00390625 0.005859375
1 0.615234375 0.435546875 0.0048828125 0.0068359375
1 0.685546875 0.4404296875 0.005859375 0.0078125
1 0.7373046875 0.4462890625 0.0078125 0.0087890625
1 0.7880859375 0.451171875 0.0087890625 0.0107421875
1 0.85546875 0.45703125 0.009765625 0.0107421875
1 0.9638671875 0.462890625 0.0107421875 0.0126953125
1 0.08984375 0.4228515625 0.009765625 0.0107421875
1 0.177734375 0.421875 0.0078125 0.009765625
1 0.234375 0.4208984375 0.005859375 0.0078125
1 0.2255859375 0.4189453125 0.0048828125 0.0068359375
1 0.1923828125 0.416015625 0.0048828125 0.005859375
1 0.14453125 0.4130859375 0.0048828125 0.005859375
1 0.3837890625 0.419921875 0.0029296875 0.0048828125
1 0.3583984375 0.41796875 0.0029296875 0.00390625
1 0.3349609375 0.416015625 0.0029296875 0.00390625
1 0.29296875 0.4140625 0.001953125 0.00390625
1 0.2626953125 0.412109375 0.001953125 0.00390625
1 0.2060546875 0.41015625 0.001953125 0.0029296875
1 0.158203125 0.408203125 0.001953125 0.00390625
1 0.1171875 0.40625 0.0029296875 0.00390625
1 0.0732421875 0.404296875 0.0029296875 0.00390625
1 0.01953125 0.4033203125 0.00390625 0.00390625
1 0.0302734375 0.408203125 0.0048828125 0.005859375
1 0.09375 0.41015625 0.0048828125 0.005859375
2 0.267578125 0.4140625 0.0029296875 0.00390625
2 0.2861328125 0.4150390625 0.00390625 0.0048828125
2 0.306640625 0.416015625 0.00390625 0.0048828125
2 0.33203125 0.4189453125 0.00390625 0.005859375
2 0.35546875 0.419921875 0.00390625 0.005859375
2 0.388671875 0.4228515625 0.0048828125 0.005859375
2 0.4306640625 0.42578125 0.00390625 0.005859375
2 0.48828125 0.4296875 0.005859375 0.0078125
2 0.5537109375 0.4345703125 0.005859375 0.0078125
2 0.607421875 0.439453125 0.0068359375 0.0087890625
2 0.654296875 0.4462890625 0.0087890625 0.0107421875
2 0.7724609375 0.4580078125 0.0107421875 0.0146484375
2 0.9775390625 0.470703125 0.0146484375 0.0166015625
2 0.23828125 0.412109375 0.001953125 0.00390625
2 0.1923828125 0.41015625 0.0029296875 0.0048828125
2 0.1435546875 0.408203125 0.00390625 0.0048828125
2 0.087890625 0.40625 0.00390625 0.0048828125
2 0.0361328125 0.4052734375 0.00390625 0.0048828125
2 0.0068359375 0.404296875 0.00390625 0.0048828125
2 0.0126953125 0.4052734375 0.00390625 0.0048828125
2 0.0546875 0.4072265625 0.00390625 0.005859375
2 0.11328125 0.41015625 0.0048828125 0.005859375
2 0.173828125 0.4130859375 0.0048828125 0.005859375
2 0.2314453125 0.416015625 0.00390625 0.005859375
2 0.2734375 0.41796875 0.0048828125 0.0068359375
2 0.3046875 0.4208984375 0.005859375 0.0078125
2 0.3310546875 0.423828125 0.005859375 0.0078125
2 0.3349609375 0.42578125 0.005859375 0.0087890625
2 0.2958984375 0.4267578125 0.0078125 0.009765625
2 0.24609375 0.4287109375 0.0087890625 0.0107421875
2 0.1689453125 0.431640625 0.01171875 0.013671875
2 0.1279296875 0.4384765625 0.015625 0.0185546875
2 0.162109375 0.451171875 0.0205078125 0.0224609375
2 0.24609375 0.4755859375 0.029296875 0.0322265625
2 0.4990234375 0.5517578125 0.0546875 0.0615234375
0 0.4365234375 0.4169921875 0.00390625 0.0078125