2 0.3427734375 0.416015625 0.0048828125 0.005859375
2 0.384765625 0.41796875 0.0048828125 0.0078125
2 0.416015625 0.4208984375 0.0048828125 0.0078125
2 0.4248046875 0.4228515625 0.005859375 0.0078125
2 0.4228515625 0.4287109375 0.0078125 0.0107421875
2 0.41015625 0.43359375 0.0107421875 0.0126953125
2 0.4208984375 0.4443359375 0.0126953125 0.017578125
2 0.501953125 0.4609375 0.0185546875 0.0244140625
2 0.8408203125 0.50390625 0.033203125 0.037109375
2 0.47265625 0.5771484375 0.064453125 0.0791015625
2 0.2294921875 0.4755859375 0.03125 0.03515625
2 0.1494140625 0.4443359375 0.0185546875 0.0224609375
2 0.11328125 0.4296875 0.0146484375 0.0166015625
2 0.08984375 0.4208984375 0.01171875 0.013671875
2 0.076171875 0.4150390625 0.009765625 0.013671875
2 0.1181640625 0.41015625 0.005859375 0.0078125
2 0.1943359375 0.4111328125 0.005859375 0.0068359375
2 0.2724609375 0.4140625 0.0048828125 0.005859375
1 0.275390625 0.412109375 0.00390625 0.0048828125
1 0.33984375 0.4150390625 0.00390625 0.005859375
1 0.4072265625 0.41796875 0.00390625 0.005859375
1 0.4677734375 0.4208984375 0.0048828125 0.0068359375
1 0.5029296875 0.423828125 0.005859375 0.0078125
1 0.515625 0.4267578125 0.0068359375 0.0087890625
1 0.5302734375 0.4306640625 0.0078125 0.009765625
1 0.5498046875 0.4375 0.009765625 0.0126953125
1 0.6171875 0.44921875 0.0126953125 0.0166015625
1 0.830078125 0.4716796875 0.0185546875 0.021484375
1 0.037109375 0.40625 0.0068359375 0.0078125
1 0.1240234375 0.408203125 0.0048828125 0.0068359375