2 0.037109375 0.447265625 0.0126953125 0.0146484375
2 0.1875 0.4453125 0.009765625 0.0107421875
2 0.265625 0.4423828125 0.0068359375 0.0087890625
2 0.2705078125 0.4384765625 0.005859375 0.0078125
2 0.3046875 0.43359375 0.00390625 0.005859375
2 0.3798828125 0.4326171875 0.00390625 0.005859375
2 0.3759765625 0.431640625 0.0029296875 0.0048828125
2 0.404296875 0.4306640625 0.0029296875 0.00390625
2 0.4404296875 0.4306640625 0.0029296875 0.00390625
2 0.4794921875 0.431640625 0.001953125 0.00390625
2 0.51953125 0.4326171875 0.001953125 0.00390625
2 0.53125 0.43359375 0.001953125 0.00390625
2 0.53515625 0.435546875 0.0029296875 0.0048828125
2 0.5380859375 0.4384765625 0.00390625 0.0048828125
2 0.5439453125 0.439453125 0.00390625 0.005859375
2 0.548828125 0.4423828125 0.0048828125 0.0068359375
2 0.5556640625 0.4443359375 0.005859375 0.0078125
2 0.5625 0.447265625 0.005859375 0.0078125
2 0.5703125 0.451171875 0.0078125 0.0107421875
2 0.5244140625 0.4560546875 0.0087890625 0.0126953125
2 0.478515625 0.462890625 0.013671875 0.017578125
2 0.5126953125 0.4736328125 0.0166015625 0.0224609375
2 0.6455078125 0.494140625 0.0263671875 0.03125
2 0.900390625 0.578125 0.0654296875 0.06640625
1 0.0107421875 0.48779296875 0.021484375 0.0439453125
1 0.0068359375 0.4697265625 0.01171875 0.0234375
1 0.076171875 0.4580078125 0.0146484375 0.0166015625
1 0.2060546875 0.4521484375 0.0107421875 0.0126953125
1 0.337890625 0.4482421875 0.0078125 0.0107421875
1 0.3828125 0.4443359375 0.005859375 0.0087890625
1 0.390625 0.44140625 0.005859375 0.0078125
1 0.3486328125 0.4384765625 0.0048828125 0.005859375
1 0.3408203125 0.4365234375 0.00390625 0.005859375
1 0.376953125 0.435546875 0.00390625 0.005859375
1 0.42578125 0.435546875 0.00390625 0.005859375
1 0.4423828125 0.435546875 0.0029296875 0.0048828125
1 0.439453125 0.43359375 0.0029296875 0.0048828125
1 0.423828125 0.4326171875 0.00390625 0.0048828125
1 0.421875 0.431640625 0.0029296875 0.00390625
1 0.4345703125 0.431640625 0.0029296875 0.00390625
1 0.4599609375 0.431640625 0.001953125 0.0029296875
1 0.4814453125 0.4326171875 0.001953125 0.00390625
1 0.4921875 0.43359375 0.001953125 0.00390625
1 0.4921875 0.435546875 0.0029296875 0.0048828125
1 0.4892578125 0.4345703125 0.00390625 0.00390625
1 0.4892578125 0.439453125 0.00390625 0.005859375
1 0.484375 0.44140625 0.00390625 0.005859375
1 0.4814453125 0.443359375 0.0048828125 0.0078125
1 0.478515625 0.4462890625 0.0068359375 0.0087890625
1 0.4619140625 0.4501953125 0.0087890625 0.0107421875
1 0.375 0.455078125 0.0107421875 0.0126953125
1 0.3193359375 0.4609375 0.0126953125 0.0166015625
1 0.2919921875 0.47265625 0.0146484375 0.0205078125
1 0.287109375 0.49609375 0.02734375 0.03125
1 0.201171875 0.5771484375 0.064453125 0.0693359375
2 0.2470703125 0.43359375 0.005859375 0.0078125
2 0.2548828125 0.4345703125 0.00390625 0.0078125