1 0.02734375 0.4091796875 0.005859375 0.0068359375
1 0.0244140625 0.408203125 0.0048828125 0.0068359375
1 0.0234375 0.4033203125 0.00390625 0.0048828125
1 0.0537109375 0.4033203125 0.00390625 0.00390625
1 0.0859375 0.404296875 0.0029296875 0.00390625
1 0.1279296875 0.40625 0.0029296875 0.00390625
1 0.2197265625 0.4091796875 0.0029296875 0.0029296875
1 0.2568359375 0.4111328125 0.0029296875 0.001953125
1 0.2900390625 0.4130859375 0.001953125 0.0029296875
1 0.3154296875 0.4140625 0.001953125 0.0029296875
1 0.333984375 0.416015625 0.001953125 0.0029296875
1 0.365234375 0.41796875 0.001953125 0.0029296875
1 0.3916015625 0.419921875 0.001953125 0.00390625
1 0.431640625 0.4228515625 0.0029296875 0.00390625
1 0.462890625 0.42578125 0.0029296875 0.0048828125
1 0.4697265625 0.4267578125 0.00390625 0.005859375
1 0.4580078125 0.427734375 0.00390625 0.005859375
1 0.4345703125 0.4296875 0.005859375 0.0078125
1 0.41015625 0.431640625 0.0068359375 0.0087890625
1 0.4462890625 0.435546875 0.0078125 0.0107421875
1 0.5400390625 0.443359375 0.009765625 0.0126953125
1 0.6787109375 0.4521484375 0.0107421875 0.013671875
1 0.8330078125 0.4609375 0.0126953125 0.0146484375
2 0.357421875 0.529296875 0.04296875 0.0556640625
2 0.1943359375 0.4677734375 0.02734375 0.0302734375
2 0.0986328125 0.43359375 0.0146484375 0.017578125
2 0.0732421875 0.42578125 0.0107421875 0.013671875
2 0.0556640625 0.4189453125 0.0087890625 0.0107421875
2 0.044921875 0.4140625 0.0068359375 0.009765625
2 0.0576171875 0.4130859375 0.0068359375 0.0087890625
2 0.1142578125 0.4130859375 0.005859375 0.0078125
2 0.1201171875 0.4111328125 0.0048828125 0.005859375
2 0.078125 0.4091796875 0.0048828125 0.005859375
2 0.0205078125 0.4052734375 0.00390625 0.005859375
2 0.01171875 0.404296875 0.00390625 0.0048828125
2 0.0087890625 0.4033203125 0.0029296875 0.0048828125
2 0.037109375 0.4033203125 0.0029296875 0.0048828125
2 0.08203125 0.4052734375 0.0029296875 0.00390625
2 0.123046875 0.40625 0.0029296875 0.00390625
2 0.1689453125 0.408203125 0.0029296875 0.00390625
2 0.2138671875 0.41015625 0.0029296875 0.00390625
2 0.7763671875 0.4677734375 0.0166015625 0.01953125
2 0.5546875 0.455078125 0.013671875 0.017578125
2 0.4091796875 0.4443359375 0.0107421875 0.0146484375
2 0.3291015625 0.435546875 0.009765625 0.0126953125
2 0.2880859375 0.4296875 0.0078125 0.0107421875
2 0.29296875 0.4267578125 0.0068359375 0.009765625
2 0.333984375 0.42578125 0.005859375 0.0078125
2 0.365234375 0.4248046875 0.0048828125 0.0068359375
2 0.388671875 0.423828125 0.00390625 0.005859375
2 0.3818359375 0.421875 0.00390625 0.005859375
2 0.357421875 0.419921875 0.00390625 0.0048828125
2 0.3310546875 0.41796875 0.00390625 0.00390625
2 0.306640625 0.416015625 0.0029296875 0.00390625
2 0.283203125 0.4140625 0.0029296875 0.00390625
2 0.2666015625 0.4130859375 0.0029296875 0.00390625
2 0.2421875 0.4111328125 0.0029296875 0.00390625
0 0.1357421875 0.4384765625 0.0205078125 0.037109375
0 0.1474609375 0.44140625 0.0244140625 0.0390625
2 0.138671875 0.4462890625 0.0146484375 0.0205078125