2 0.6962890625 0.408203125 0.001953125 0.0029296875
2 0.7099609375 0.4072265625 0.00390625 0.00390625
2 0.712890625 0.408203125 0.001953125 0.0029296875
2 0.7001953125 0.4091796875 0.001953125 0.00390625
2 0.681640625 0.41015625 0.0029296875 0.00390625
2 0.658203125 0.412109375 0.0029296875 0.00390625
2 0.638671875 0.4140625 0.0029296875 0.00390625
2 0.630859375 0.4150390625 0.0029296875 0.0048828125
2 0.642578125 0.416015625 0.00390625 0.005859375
2 0.6767578125 0.416015625 0.00390625 0.005859375
2 0.728515625 0.4150390625 0.0048828125 0.005859375
2 0.796875 0.4130859375 0.0048828125 0.0068359375
2 0.8525390625 0.4130859375 0.005859375 0.0078125
2 0.912109375 0.4140625 0.0078125 0.009765625
2 0.978515625 0.416015625 0.0107421875 0.0126953125
2 0.9140625 0.4287109375 0.013671875 0.0166015625
2 0.7802734375 0.4267578125 0.0107421875 0.013671875
2 0.6787109375 0.42578125 0.0078125 0.0107421875
2 0.611328125 0.42578125 0.0068359375 0.0087890625
2 0.5703125 0.4248046875 0.005859375 0.0078125
2 0.5615234375 0.4228515625 0.0048828125 0.0068359375
2 0.5654296875 0.4208984375 0.00390625 0.005859375
2 0.568359375 0.41796875 0.0029296875 0.0048828125
2 0.572265625 0.4169921875 0.0029296875 0.0048828125
2 0.5751953125 0.416015625 0.00390625 0.0048828125
2 0.5791015625 0.4140625 0.0029296875 0.00390625
2 0.5849609375 0.4130859375 0.001953125 0.00390625
2 0.6025390625 0.412109375 0.001953125 0.0029296875
2 0.6337890625 0.41015625 0.001953125 0.00390625
2 0.6669921875 0.4091796875 0.001953125 0.0029296875
1 0.6767578125 0.408203125 0.001953125 0.001953125
1 0.759765625 0.4052734375 0.0029296875 0.00390625
1 0.74609375 0.4072265625 0.001953125 0.00390625
1 0.728515625 0.4091796875 0.001953125 0.00390625
1 0.70703125 0.41015625 0.0029296875 0.00390625
1 0.69140625 0.412109375 0.0029296875 0.0048828125
1 0.69921875 0.4130859375 0.0029296875 0.0048828125
1 0.724609375 0.4130859375 0.0029296875 0.0048828125
1 0.79296875 0.4111328125 0.00390625 0.005859375
1 0.859375 0.4091796875 0.0048828125 0.0068359375
1 0.9208984375 0.408203125 0.005859375 0.0078125
1 0.990234375 0.408203125 0.0078125 0.0087890625
1 0.4794921875 0.5947265625 0.05078125 0.0556640625
1 0.8037109375 0.4794921875 0.0283203125 0.033203125
1 0.8056640625 0.4521484375 0.021484375 0.025390625
1 0.759765625 0.439453125 0.0146484375 0.017578125
1 0.6689453125 0.43359375 0.0107421875 0.013671875
1 0.5732421875 0.431640625 0.0087890625 0.0107421875
1 0.5048828125 0.4306640625 0.0068359375 0.0087890625
1 0.48046875 0.427734375 0.005859375 0.0078125
1 0.4912109375 0.42578125 0.0048828125 0.0068359375
1 0.5029296875 0.4228515625 0.00390625 0.005859375
1 0.51171875 0.421875 0.00390625 0.0048828125
1 0.5205078125 0.4189453125 0.0029296875 0.0048828125
1 0.5263671875 0.41796875 0.0029296875 0.00390625
1 0.5322265625 0.4169921875 0.0029296875 0.00390625
1 0.5341796875 0.416015625 0.001953125 0.00390625
1 0.5380859375 0.416015625 0.001953125 0.0029296875
1 0.54296875 0.4150390625 0.001953125 0.00390625
1 0.5546875 0.4140625 0.001953125 0.00390625
1 0.6103515625 0.4111328125 0.001953125 0.0029296875
1 0.640625 0.4091796875 0.001953125 0.0029296875