2 0.451171875 0.4384765625 0.0029296875 0.00390625
2 0.4658203125 0.439453125 0.0029296875 0.00390625
2 0.44921875 0.4404296875 0.0029296875 0.00390625
2 0.4267578125 0.44140625 0.00390625 0.0048828125
2 0.3955078125 0.4423828125 0.00390625 0.0048828125
2 0.3662109375 0.4443359375 0.00390625 0.005859375
2 0.3505859375 0.4453125 0.0048828125 0.005859375
2 0.3564453125 0.447265625 0.0048828125 0.0078125
2 0.3935546875 0.44921875 0.005859375 0.0078125
2 0.4521484375 0.4501953125 0.005859375 0.0087890625
2 0.5322265625 0.451171875 0.0068359375 0.0087890625
2 0.595703125 0.453125 0.0087890625 0.0107421875
2 0.6669921875 0.458984375 0.01171875 0.0146484375
2 0.7626953125 0.46875 0.0166015625 0.01953125
2 0.681640625 0.51953125 0.037109375 0.04296875
2 0.4375 0.48828125 0.021484375 0.02734375
2 0.2978515625 0.474609375 0.015625 0.0205078125
2 0.2177734375 0.4677734375 0.0126953125 0.015625
2 0.1865234375 0.4619140625 0.0107421875 0.0126953125
2 0.203125 0.45703125 0.0078125 0.009765625
2 0.2333984375 0.453125 0.0068359375 0.0087890625
2 0.2548828125 0.44921875 0.005859375 0.0078125
2 0.271484375 0.447265625 0.0048828125 0.0068359375
2 0.2841796875 0.4453125 0.00390625 0.005859375
2 0.2939453125 0.443359375 0.00390625 0.005859375
2 0.3017578125 0.4423828125 0.00390625 0.0048828125
2 0.3095703125 0.44140625 0.0029296875 0.00390625
2 0.3203125 0.4404296875 0.0029296875 0.00390625
2 0.3447265625 0.4404296875 0.0029296875 0.00390625
2 0.3828125 0.4384765625 0.0029296875 0.00390625
2 0.419921875 0.4384765625 0.001953125 0.00390625
1 0.4326171875 0.4375 0.001953125 0.00390625
1 0.462890625 0.4375 0.001953125 0.0029296875
1 0.4931640625 0.4375 0.001953125 0.00390625
1 0.5166015625 0.4384765625 0.0029296875 0.00390625
1 0.4990234375 0.439453125 0.0029296875 0.0048828125
1 0.4775390625 0.4404296875 0.0029296875 0.00390625
1 0.4521484375 0.4423828125 0.0029296875 0.0048828125
1 0.4287109375 0.4443359375 0.00390625 0.005859375
1 0.431640625 0.4453125 0.00390625 0.005859375
1 0.4580078125 0.447265625 0.0048828125 0.0068359375
1 0.53515625 0.4462890625 0.0048828125 0.0078125
1 0.607421875 0.447265625 0.0068359375 0.0087890625
1 0.67578125 0.4482421875 0.0068359375 0.0087890625
1 0.755859375 0.4521484375 0.0087890625 0.0107421875
1 0.8583984375 0.4580078125 0.0126953125 0.0146484375
1 0.1630859375 0.58984375 0.0595703125 0.0673828125
1 0.140625 0.51171875 0.033203125 0.03515625
1 0.0390625 0.48828125 0.0234375 0.0244140625
1 0.0126953125 0.4658203125 0.0126953125 0.0126953125
1 0.0791015625 0.458984375 0.0087890625 0.0107421875
1 0.1337890625 0.4541015625 0.0078125 0.0087890625
1 0.16796875 0.451171875 0.005859375 0.0078125
1 0.1962890625 0.4482421875 0.0048828125 0.005859375
1 0.216796875 0.4462890625 0.00390625 0.005859375
1 0.236328125 0.4443359375 0.00390625 0.0048828125
1 0.244140625 0.443359375 0.0029296875 0.0048828125
1 0.255859375 0.4423828125 0.0029296875 0.0048828125
1 0.267578125 0.44140625 0.0029296875 0.00390625
1 0.2861328125 0.4404296875 0.001953125 0.00390625
1 0.3173828125 0.439453125 0.001953125 0.00390625
1 0.357421875 0.439453125 0.001953125 0.00390625
1 0.392578125 0.4384765625 0.0029296875 0.00390625