2 0.4775390625 0.4833984375 0.0185546875 0.0224609375
2 0.6435546875 0.5126953125 0.0341796875 0.037109375
1 0.1416015625 0.529296875 0.0390625 0.04296875
2 0.412109375 0.4716796875 0.0126953125 0.0166015625
2 0.3818359375 0.4658203125 0.0107421875 0.013671875
2 0.9599609375 0.45703125 0.0126953125 0.0146484375
2 0.837890625 0.453125 0.0087890625 0.0107421875
2 0.4052734375 0.4609375 0.0078125 0.0107421875
2 0.4599609375 0.455078125 0.0068359375 0.0087890625
1 0.1806640625 0.4921875 0.021484375 0.025390625
1 0.9921875 0.451171875 0.009765625 0.0107421875
2 0.79296875 0.4482421875 0.0068359375 0.0087890625
1 0.3447265625 0.45703125 0.0068359375 0.0087890625
1 0.283203125 0.4609375 0.0078125 0.009765625
2 0.5 0.4521484375 0.005859375 0.0078125
1 0.3369140625 0.4482421875 0.00390625 0.0048828125
1 0.375 0.4482421875 0.00390625 0.0048828125
2 0.5810546875 0.4453125 0.00390625 0.005859375
1 0.576171875 0.443359375 0.0029296875 0.0048828125
2 0.478515625 0.447265625 0.00390625 0.005859375
1 0.4130859375 0.4482421875 0.00390625 0.005859375
2 0.5322265625 0.4501953125 0.005859375 0.0068359375
2 0.7392578125 0.447265625 0.005859375 0.0078125
1 0.4482421875 0.451171875 0.0048828125 0.0068359375
1 0.9384765625 0.4482421875 0.0078125 0.0087890625
2 0.6748046875 0.4462890625 0.0048828125 0.0068359375
1 0.4404296875 0.44921875 0.00390625 0.005859375
1 0.4052734375 0.453125 0.0048828125 0.0068359375
2 0.349609375 0.447265625 0.00390625 0.0048828125
2 0.619140625 0.4462890625 0.00390625 0.005859375
1 0.6806640625 0.4443359375 0.00390625 0.005859375
2 0.505859375 0.447265625 0.0048828125 0.0068359375
2 0.396484375 0.447265625 0.00390625 0.0048828125
1 0.8837890625 0.4462890625 0.005859375 0.0078125
1 0.2509765625 0.44921875 0.00390625 0.0048828125
2 0.48828125 0.443359375 0.0029296875 0.00390625
2 0.5283203125 0.4443359375 0.0029296875 0.0048828125
1 0.380859375 0.4443359375 0.001953125 0.00390625
2 0.5498046875 0.4443359375 0.00390625 0.005859375
2 0.4091796875 0.443359375 0.0029296875 0.00390625
2 0.3056640625 0.447265625 0.00390625 0.0048828125
1 0.291015625 0.4482421875 0.0029296875 0.0048828125
2 0.37109375 0.4443359375 0.0029296875 0.00390625
1 0.4931640625 0.4423828125 0.001953125 0.00390625
2 0.4716796875 0.443359375 0.0029296875 0.00390625
1 0.2001953125 0.4736328125 0.0126953125 0.015625
1 0.236328125 0.4658203125 0.009765625 0.01171875
2 0.505859375 0.4443359375 0.0029296875 0.0048828125
2 0.27734375 0.4482421875 0.0029296875 0.0048828125
2 0.443359375 0.447265625 0.0029296875 0.0048828125
2 0.4462890625 0.443359375 0.001953125 0.00390625
1 0.2802734375 0.4462890625 0.0029296875 0.00390625
1 0.466796875 0.4423828125 0.001953125 0.0029296875
1 0.3173828125 0.4453125 0.0029296875 0.00390625
1 0.24609375 0.447265625 0.0029296875 0.00390625
1 0.419921875 0.443359375 0.001953125 0.0029296875
2 0.271484375 0.447265625 0.00390625 0.00390625
2 0.3291015625 0.4453125 0.0029296875 0.00390625
1 0.53125 0.4423828125 0.0029296875 0.00390625
2 0.2919921875 0.4462890625 0.001953125 0.00390625
1 0.2255859375 0.4482421875 0.00390625 0.0048828125
1 0.21875 0.4482421875 0.00390625 0.0048828125
1 0.3505859375 0.443359375 0.001953125 0.0029296875
1 0.552734375 0.4404296875 0.0029296875 0.00390625
0 0.546875 0.443359375 0.0029296875 0.0087890625
0 0.55078125 0.443359375 0.0048828125 0.009765625