1 0.806640625 0.4482421875 0.01953125 0.0234375
1 0.7275390625 0.48046875 0.0322265625 0.0361328125
1 0.8662109375 0.423828125 0.0107421875 0.013671875
1 0.8818359375 0.4169921875 0.0087890625 0.0107421875
1 0.892578125 0.4130859375 0.0068359375 0.0087890625
1 0.904296875 0.4091796875 0.005859375 0.0078125
1 0.9208984375 0.4013671875 0.00390625 0.00390625
0 0.837890625 0.4287109375 0.017578125 0.0322265625
0 0.849609375 0.42578125 0.017578125 0.03125
1 0.5146484375 0.5732421875 0.0673828125 0.0732421875
1 0.6552734375 0.4296875 0.0107421875 0.0166015625
1 0.7275390625 0.419921875 0.0087890625 0.0107421875
2 0.0966796875 0.4482421875 0.01171875 0.0146484375
2 0.150390625 0.447265625 0.0087890625 0.01171875