1 0.0576171875 0.4306640625 0.015625 0.0166015625
1 0.13671875 0.4267578125 0.0126953125 0.013671875
1 0.234375 0.4267578125 0.0087890625 0.01171875
1 0.3134765625 0.427734375 0.0087890625 0.0107421875
1 0.3779296875 0.4296875 0.0078125 0.009765625
1 0.44140625 0.4306640625 0.0068359375 0.0087890625
1 0.525390625 0.43359375 0.005859375 0.0087890625
1 0.60546875 0.4365234375 0.0068359375 0.0087890625
1 0.724609375 0.44140625 0.0078125 0.0087890625
1 0.833984375 0.4482421875 0.0078125 0.009765625
1 0.974609375 0.4580078125 0.0087890625 0.009765625
2 0.2021484375 0.5224609375 0.0439453125 0.052734375
2 0.240234375 0.4580078125 0.021484375 0.025390625
2 0.2626953125 0.4384765625 0.01171875 0.015625
2 0.341796875 0.4345703125 0.009765625 0.0126953125
2 0.4443359375 0.435546875 0.0078125 0.0107421875
2 0.533203125 0.4384765625 0.0078125 0.0107421875
2 0.634765625 0.44140625 0.0078125 0.0107421875
2 0.7548828125 0.4482421875 0.0087890625 0.0107421875
2 0.8671875 0.4560546875 0.0107421875 0.0126953125