2 0.3662109375 0.4111328125 0.00390625 0.005859375
2 0.3974609375 0.412109375 0.0048828125 0.005859375
2 0.4169921875 0.4150390625 0.00390625 0.005859375
2 0.4130859375 0.416015625 0.0048828125 0.0078125
2 0.3994140625 0.4189453125 0.005859375 0.0087890625
2 0.373046875 0.4208984375 0.0078125 0.009765625
2 0.3564453125 0.4248046875 0.0087890625 0.01171875
2 0.3740234375 0.431640625 0.0107421875 0.0146484375
2 0.4892578125 0.447265625 0.0146484375 0.01953125
2 0.7177734375 0.466796875 0.01953125 0.0234375
2 0.30078125 0.4970703125 0.041015625 0.0458984375
2 0.2177734375 0.44921875 0.021484375 0.0244140625
2 0.1904296875 0.431640625 0.0146484375 0.017578125
2 0.1728515625 0.4208984375 0.0107421875 0.013671875
2 0.1630859375 0.4150390625 0.0087890625 0.0107421875
2 0.154296875 0.4111328125 0.0078125 0.0087890625
2 0.1494140625 0.408203125 0.005859375 0.0078125
2 0.154296875 0.40625 0.0048828125 0.0068359375
2 0.1875 0.4052734375 0.0048828125 0.005859375
2 0.248046875 0.40625 0.00390625 0.005859375
2 0.310546875 0.408203125 0.00390625 0.005859375
1 0.3173828125 0.408203125 0.0029296875 0.0048828125
1 0.369140625 0.41015625 0.0029296875 0.00390625
1 0.4228515625 0.412109375 0.0029296875 0.0048828125
1 0.4697265625 0.4150390625 0.00390625 0.005859375
1 0.4912109375 0.4189453125 0.0048828125 0.0068359375
1 0.4873046875 0.4208984375 0.005859375 0.0078125
1 0.4814453125 0.423828125 0.0068359375 0.0087890625
1 0.4970703125 0.4296875 0.0087890625 0.0107421875
1 0.587890625 0.4404296875 0.0126953125 0.0146484375
1 0.74609375 0.4541015625 0.013671875 0.0166015625
1 0.013671875 0.4111328125 0.009765625 0.0107421875
1 0.0224609375 0.4072265625 0.0078125 0.009765625
1 0.033203125 0.404296875 0.0068359375 0.0087890625
1 0.046875 0.40234375 0.005859375 0.0078125
1 0.07421875 0.4013671875 0.0048828125 0.0068359375
1 0.12890625 0.40234375 0.0048828125 0.0068359375
1 0.1962890625 0.404296875 0.00390625 0.005859375
1 0.251953125 0.4052734375 0.00390625 0.005859375
1 0.9169921875 0.4404296875 0.0078125 0.01171875
1 0.7685546875 0.4296875 0.005859375 0.0087890625
2 0.796875 0.4267578125 0.00390625 0.0048828125
2 0.8330078125 0.427734375 0.0029296875 0.005859375