2 0.4990234375 0.564453125 0.0625 0.0693359375
2 0.34375 0.4775390625 0.0283203125 0.033203125
2 0.3427734375 0.4521484375 0.0185546875 0.0224609375
2 0.384765625 0.439453125 0.0126953125 0.015625
2 0.375 0.4326171875 0.009765625 0.0126953125
2 0.3369140625 0.42578125 0.0087890625 0.0107421875
2 0.27734375 0.4189453125 0.0078125 0.009765625
2 0.2080078125 0.4140625 0.0068359375 0.0087890625
2 0.1494140625 0.4091796875 0.0078125 0.0087890625
2 0.08203125 0.404296875 0.0068359375 0.0087890625
2 0.041015625 0.400390625 0.005859375 0.0078125
2 0.0185546875 0.3984375 0.005859375 0.0068359375
2 0.05078125 0.3984375 0.00390625 0.005859375
2 0.0927734375 0.3994140625 0.00390625 0.005859375
2 0.09765625 0.3984375 0.0029296875 0.0048828125
2 0.0654296875 0.396484375 0.0029296875 0.00390625
2 0.04296875 0.39453125 0.0029296875 0.00390625
2 0.046875 0.3935546875 0.001953125 0.00390625
2 0.0703125 0.39453125 0.001953125 0.00390625
2 0.1083984375 0.396484375 0.001953125 0.00390625
2 0.140625 0.3984375 0.0029296875 0.00390625
2 0.171875 0.400390625 0.0029296875 0.00390625
2 0.2138671875 0.4033203125 0.0029296875 0.00390625
2 0.26953125 0.4072265625 0.0029296875 0.00390625
2 0.3017578125 0.4091796875 0.0029296875 0.00390625
2 0.3193359375 0.4111328125 0.00390625 0.005859375
2 0.3408203125 0.4140625 0.00390625 0.005859375
2 0.361328125 0.416015625 0.00390625 0.005859375
2 0.3896484375 0.4189453125 0.0048828125 0.0068359375
2 0.443359375 0.4228515625 0.005859375 0.0068359375
2 0.5068359375 0.4287109375 0.005859375 0.0078125
2 0.576171875 0.4345703125 0.0068359375 0.0087890625
2 0.61328125 0.4404296875 0.0078125 0.009765625
2 0.7314453125 0.455078125 0.0087890625 0.01171875
2 0.953125 0.4775390625 0.0146484375 0.0166015625
1 0.9853515625 0.4716796875 0.013671875 0.0146484375
1 0.7958984375 0.455078125 0.009765625 0.01171875
1 0.7294921875 0.4462890625 0.0048828125 0.0087890625
1 0.6865234375 0.4404296875 0.005859375 0.0078125
1 0.6142578125 0.43359375 0.00390625 0.005859375
1 0.533203125 0.4267578125 0.00390625 0.005859375
1 0.4599609375 0.421875 0.00390625 0.0048828125
1 0.3984375 0.416015625 0.0029296875 0.00390625
1 0.37109375 0.4130859375 0.0029296875 0.00390625
1 0.3046875 0.408203125 0.001953125 0.00390625
1 0.2607421875 0.4052734375 0.001953125 0.00390625
1 0.220703125 0.40234375 0.0029296875 0.0029296875
1 0.1923828125 0.4013671875 0.0029296875 0.00390625
1 0.1474609375 0.3984375 0.0029296875 0.0029296875
1 0.0908203125 0.3955078125 0.001953125 0.0029296875
1 0.02734375 0.3916015625 0.001953125 0.00390625
1 0.0078125 0.3935546875 0.00390625 0.0048828125
1 0.0029296875 0.39453125 0.00390625 0.005859375
1 0.06640625 0.4072265625 0.0078125 0.009765625
1 0.125 0.4130859375 0.009765625 0.01171875
1 0.17578125 0.4208984375 0.0107421875 0.013671875
1 0.146484375 0.4267578125 0.013671875 0.0166015625
1 0.0185546875 0.435546875 0.0244140625 0.0234375