1 0.029296875 0.400390625 0.0068359375 0.0068359375
1 0.0712890625 0.404296875 0.0068359375 0.0078125
1 0.115234375 0.4072265625 0.0078125 0.0078125
1 0.17578125 0.412109375 0.0078125 0.0087890625
1 0.24609375 0.41796875 0.0078125 0.009765625
1 0.3359375 0.4248046875 0.0087890625 0.0107421875
1 0.44140625 0.43359375 0.009765625 0.0126953125
1 0.5703125 0.443359375 0.0107421875 0.013671875
1 0.7490234375 0.45703125 0.0126953125 0.0146484375
1 0.990234375 0.4755859375 0.0185546875 0.01953125
2 0.2392578125 0.515625 0.05078125 0.0546875
2 0.005859375 0.4052734375 0.0078125 0.009765625
2 0.056640625 0.41015625 0.0087890625 0.0107421875
2 0.1318359375 0.416015625 0.009765625 0.01171875
2 0.232421875 0.4267578125 0.0107421875 0.013671875
2 0.3447265625 0.4365234375 0.0126953125 0.0166015625
2 0.49609375 0.4501953125 0.0146484375 0.0185546875
2 0.71875 0.4697265625 0.01953125 0.0224609375