2 0.982421875 0.4287109375 0.0146484375 0.015625
2 0.84765625 0.42578125 0.0107421875 0.0126953125
2 0.7470703125 0.42578125 0.0078125 0.0107421875
2 0.6669921875 0.4248046875 0.0068359375 0.0087890625
2 0.6376953125 0.423828125 0.005859375 0.0078125
2 0.634765625 0.4208984375 0.00390625 0.0068359375
2 0.63671875 0.41796875 0.00390625 0.005859375
2 0.638671875 0.416015625 0.00390625 0.0048828125
2 0.640625 0.4140625 0.0029296875 0.00390625
2 0.6484375 0.4130859375 0.001953125 0.00390625
2 0.6640625 0.412109375 0.001953125 0.00390625
2 0.6953125 0.41015625 0.001953125 0.00390625
2 0.7275390625 0.4111328125 0.0029296875 0.00390625
2 0.765625 0.4091796875 0.0029296875 0.00390625
2 0.7529296875 0.408203125 0.001953125 0.0029296875
2 0.70703125 0.4130859375 0.0029296875 0.00390625
2 0.693359375 0.4150390625 0.00390625 0.0048828125
2 0.7041015625 0.4150390625 0.0029296875 0.0048828125
2 0.740234375 0.4150390625 0.00390625 0.005859375
2 0.79296875 0.4140625 0.00390625 0.0068359375
2 0.8544921875 0.4130859375 0.0048828125 0.0078125
2 0.9296875 0.4130859375 0.0068359375 0.0087890625
2 0.994140625 0.4140625 0.0078125 0.009765625
1 0.828125 0.5 0.04296875 0.0439453125
1 0.888671875 0.455078125 0.0224609375 0.025390625
1 0.818359375 0.4384765625 0.013671875 0.0166015625
1 0.7412109375 0.4326171875 0.009765625 0.0126953125
1 0.6298828125 0.4306640625 0.0078125 0.0107421875
1 0.568359375 0.4296875 0.0068359375 0.0087890625
1 0.5439453125 0.4287109375 0.005859375 0.0078125
1 0.5498046875 0.42578125 0.0048828125 0.0068359375
1 0.5595703125 0.4228515625 0.00390625 0.005859375
1 0.5703125 0.421875 0.00390625 0.005859375
1 0.5771484375 0.419921875 0.00390625 0.0048828125
1 0.583984375 0.4189453125 0.0029296875 0.00390625
1 0.587890625 0.41796875 0.001953125 0.00390625
1 0.5927734375 0.4169921875 0.001953125 0.0029296875
1 0.5966796875 0.416015625 0.001953125 0.0029296875
1 0.6005859375 0.4150390625 0.001953125 0.0029296875
1 0.6044921875 0.4150390625 0.001953125 0.0029296875
1 0.6220703125 0.4130859375 0.001953125 0.0029296875
1 0.685546875 0.41015625 0.001953125 0.0029296875
1 0.7724609375 0.4072265625 0.001953125 0.0029296875
1 0.8125 0.4072265625 0.001953125 0.0029296875
1 0.82421875 0.4072265625 0.0029296875 0.0029296875
1 0.806640625 0.408203125 0.001953125 0.00390625
1 0.783203125 0.41015625 0.0029296875 0.00390625
1 0.7587890625 0.4111328125 0.001953125 0.00390625
1 0.751953125 0.412109375 0.0029296875 0.0048828125
1 0.7578125 0.4130859375 0.0029296875 0.0048828125
1 0.7900390625 0.412109375 0.0029296875 0.0048828125
1 0.8515625 0.4111328125 0.00390625 0.005859375
1 0.935546875 0.4091796875 0.005859375 0.0068359375