1 0.5048828125 0.4248046875 0.0029296875 0.00390625
1 0.533203125 0.42578125 0.0029296875 0.0048828125
1 0.5693359375 0.4287109375 0.00390625 0.0048828125
1 0.615234375 0.431640625 0.00390625 0.005859375
1 0.6640625 0.4345703125 0.00390625 0.005859375
1 0.7177734375 0.439453125 0.0048828125 0.0068359375
1 0.7470703125 0.443359375 0.0068359375 0.0087890625
1 0.7734375 0.447265625 0.0078125 0.0087890625
1 0.8232421875 0.451171875 0.0078125 0.009765625
1 0.91796875 0.4560546875 0.0087890625 0.0107421875
1 0.0029296875 0.443359375 0.005859375 0.025390625
1 0.03515625 0.4375 0.0185546875 0.01953125
1 0.0771484375 0.4267578125 0.0126953125 0.013671875
1 0.123046875 0.4228515625 0.0087890625 0.0107421875
1 0.173828125 0.4208984375 0.0078125 0.0087890625
1 0.2373046875 0.421875 0.005859375 0.0078125
1 0.3017578125 0.421875 0.0048828125 0.0068359375
1 0.3466796875 0.421875 0.00390625 0.0048828125
1 0.3447265625 0.4208984375 0.00390625 0.005859375
1 0.3212890625 0.41796875 0.00390625 0.0048828125
1 0.287109375 0.416015625 0.00390625 0.0048828125
1 0.484375 0.421875 0.0029296875 0.00390625
1 0.4638671875 0.4208984375 0.001953125 0.00390625
1 0.447265625 0.419921875 0.001953125 0.00390625
1 0.4140625 0.41796875 0.001953125 0.0029296875
1 0.34375 0.4150390625 0.001953125 0.0029296875
1 0.3056640625 0.4130859375 0.001953125 0.0029296875
1 0.2744140625 0.412109375 0.001953125 0.0029296875
1 0.240234375 0.41015625 0.0029296875 0.00390625
1 0.2021484375 0.4091796875 0.001953125 0.00390625
1 0.1669921875 0.41015625 0.00390625 0.0048828125
1 0.142578125 0.408203125 0.00390625 0.0048828125
1 0.13671875 0.408203125 0.0029296875 0.00390625
1 0.20703125 0.412109375 0.00390625 0.0048828125
1 0.2509765625 0.4140625 0.00390625 0.0048828125
2 0.390625 0.4169921875 0.0029296875 0.00390625
2 0.404296875 0.41796875 0.001953125 0.00390625
2 0.419921875 0.419921875 0.0029296875 0.00390625
2 0.4384765625 0.4208984375 0.0029296875 0.00390625
2 0.4560546875 0.421875 0.0029296875 0.0048828125
2 0.48046875 0.423828125 0.0029296875 0.0048828125
2 0.51171875 0.4267578125 0.00390625 0.0048828125
2 0.5537109375 0.4296875 0.00390625 0.005859375
2 0.6015625 0.43359375 0.0048828125 0.0068359375
2 0.6376953125 0.4375 0.005859375 0.0078125
2 0.654296875 0.44140625 0.0068359375 0.0087890625
2 0.7236328125 0.44921875 0.0087890625 0.01171875
2 0.876953125 0.458984375 0.0107421875 0.013671875
2 0.3681640625 0.416015625 0.001953125 0.0029296875
2 0.3310546875 0.4150390625 0.001953125 0.00390625
2 0.2939453125 0.4130859375 0.001953125 0.00390625
2 0.2509765625 0.4111328125 0.001953125 0.00390625
2 0.212890625 0.41015625 0.0029296875 0.00390625
2 0.19140625 0.41015625 0.0029296875 0.00390625
2 0.1962890625 0.41015625 0.0029296875 0.0048828125
2 0.224609375 0.412109375 0.0029296875 0.00390625
2 0.2666015625 0.4140625 0.0029296875 0.00390625
2 0.310546875 0.416015625 0.0029296875 0.0048828125
2 0.353515625 0.4189453125 0.00390625 0.0048828125
2 0.3857421875 0.4208984375 0.00390625 0.005859375
2 0.408203125 0.4228515625 0.00390625 0.005859375
2 0.42578125 0.4248046875 0.00390625 0.005859375
2 0.421875 0.42578125 0.0048828125 0.0068359375
2 0.38671875 0.42578125 0.005859375 0.0078125
2 0.34375 0.42578125 0.005859375 0.0078125
2 0.2841796875 0.4267578125 0.0078125 0.0087890625
2 0.2490234375 0.4287109375 0.0087890625 0.01171875
2 0.2587890625 0.4345703125 0.0107421875 0.013671875
2 0.2841796875 0.4443359375 0.0146484375 0.017578125
2 0.3359375 0.462890625 0.0205078125 0.0244140625
2 0.482421875 0.5205078125 0.0439453125 0.048828125
0 0.453125 0.4208984375 0.00390625 0.0078125
0 0.45703125 0.4208984375 0.00390625 0.0087890625
0 0.50390625 0.421875 0.0029296875 0.0078125
0 0.5078125 0.4228515625 0.0048828125 0.009765625