1 0.2734375 0.5556640625 0.0498046875 0.0595703125
1 0.1796875 0.501953125 0.0302734375 0.033203125
1 0.0859375 0.4794921875 0.0205078125 0.021484375
1 0.111328125 0.466796875 0.0146484375 0.0166015625
1 0.1650390625 0.458984375 0.0107421875 0.013671875
1 0.232421875 0.4541015625 0.0087890625 0.0107421875
1 0.2783203125 0.4501953125 0.0068359375 0.0087890625
1 0.240234375 0.44921875 0.005859375 0.0087890625
1 0.2109375 0.447265625 0.005859375 0.0078125
1 0.234375 0.4462890625 0.0048828125 0.0068359375
1 0.279296875 0.4443359375 0.0048828125 0.005859375
1 0.3359375 0.4423828125 0.00390625 0.005859375
1 0.400390625 0.44140625 0.00390625 0.005859375
1 0.4541015625 0.44140625 0.00390625 0.005859375
1 0.498046875 0.44140625 0.00390625 0.005859375
1 0.544921875 0.44140625 0.00390625 0.005859375
1 0.576171875 0.4423828125 0.00390625 0.005859375
1 0.6064453125 0.443359375 0.0048828125 0.0068359375
1 0.6416015625 0.4453125 0.0048828125 0.0078125
1 0.7265625 0.44921875 0.0078125 0.0087890625
1 0.82421875 0.453125 0.0087890625 0.0107421875
1 0.96875 0.458984375 0.013671875 0.0146484375
2 0.7373046875 0.53125 0.0458984375 0.0498046875
2 0.4833984375 0.48828125 0.0234375 0.02734375
2 0.3388671875 0.4716796875 0.015625 0.0205078125
2 0.28515625 0.46484375 0.01171875 0.0166015625
2 0.3125 0.458984375 0.009765625 0.013671875
2 0.3525390625 0.453125 0.0087890625 0.0107421875
2 0.373046875 0.44921875 0.0068359375 0.0087890625
2 0.3330078125 0.447265625 0.005859375 0.0078125
2 0.3798828125 0.443359375 0.0048828125 0.0068359375
2 0.4443359375 0.443359375 0.005859375 0.0068359375
2 0.48828125 0.443359375 0.005859375 0.0068359375
2 0.52734375 0.4443359375 0.005859375 0.0078125
2 0.5546875 0.4462890625 0.005859375 0.0078125
2 0.587890625 0.4482421875 0.0068359375 0.0087890625
2 0.6328125 0.451171875 0.0078125 0.0107421875
2 0.7109375 0.4560546875 0.0107421875 0.0126953125
2 0.833984375 0.462890625 0.0146484375 0.0166015625
1 0.9921875 0.39453125 0.0146484375 0.0224609375
1 0.67578125 0.4462890625 0.0068359375 0.0087890625