1 0.9423828125 0.474609375 0.0048828125 0.0078125
1 0.8291015625 0.4677734375 0.0048828125 0.0078125
1 0.751953125 0.4638671875 0.005859375 0.0087890625
1 0.69140625 0.4619140625 0.005859375 0.0078125
1 0.6591796875 0.4638671875 0.0068359375 0.0087890625
1 0.6611328125 0.46875 0.0078125 0.0107421875
1 0.71875 0.4755859375 0.009765625 0.01171875
1 0.798828125 0.4853515625 0.01171875 0.0146484375
1 0.8662109375 0.49609375 0.0146484375 0.0166015625
1 0.7744140625 0.4990234375 0.0185546875 0.021484375
1 0.6103515625 0.4990234375 0.01953125 0.0234375
1 0.3984375 0.5029296875 0.02734375 0.03125
1 0.048828125 0.529296875 0.048828125 0.0537109375
2 0.7255859375 0.583984375 0.0537109375 0.0673828125
2 0.85546875 0.5341796875 0.03515625 0.0390625
2 0.9365234375 0.4853515625 0.009765625 0.0126953125
2 0.8515625 0.4775390625 0.0087890625 0.0107421875
2 0.7919921875 0.4716796875 0.0068359375 0.009765625
2 0.7998046875 0.46875 0.005859375 0.0087890625
2 0.8681640625 0.470703125 0.005859375 0.0078125
2 0.94921875 0.4755859375 0.0068359375 0.0087890625