2 0.7236328125 0.498046875 0.0283203125 0.0322265625
2 0.6435546875 0.4697265625 0.015625 0.01953125
2 0.6103515625 0.458984375 0.0107421875 0.0146484375
2 0.587890625 0.453125 0.0078125 0.0107421875
2 0.57421875 0.44921875 0.005859375 0.0078125
2 0.56640625 0.4453125 0.0048828125 0.0078125
2 0.5732421875 0.443359375 0.0048828125 0.0068359375
2 0.5986328125 0.44140625 0.0048828125 0.005859375
2 0.65234375 0.4404296875 0.0048828125 0.005859375
2 0.7158203125 0.4404296875 0.0048828125 0.005859375
2 0.7880859375 0.4404296875 0.005859375 0.0068359375
2 0.8212890625 0.44140625 0.005859375 0.0078125
2 0.8408203125 0.443359375 0.005859375 0.0078125
2 0.8447265625 0.4462890625 0.0078125 0.009765625
2 0.8193359375 0.4501953125 0.0087890625 0.0107421875
2 0.8056640625 0.4560546875 0.009765625 0.013671875
2 0.8134765625 0.4638671875 0.0146484375 0.0166015625
2 0.8876953125 0.47265625 0.021484375 0.0224609375
1 0.2177734375 0.55859375 0.0546875 0.0615234375
1 0.37109375 0.4931640625 0.0244140625 0.029296875
1 0.4189453125 0.47265625 0.0146484375 0.0185546875
1 0.4453125 0.4609375 0.0107421875 0.013671875
1 0.4599609375 0.4541015625 0.0078125 0.0107421875
1 0.470703125 0.44921875 0.005859375 0.0087890625
1 0.4794921875 0.4462890625 0.005859375 0.0078125
1 0.484375 0.4443359375 0.00390625 0.005859375
1 0.5166015625 0.4423828125 0.00390625 0.005859375
1 0.5634765625 0.4404296875 0.00390625 0.0048828125
1 0.6279296875 0.439453125 0.00390625 0.005859375
1 0.703125 0.439453125 0.00390625 0.005859375
1 0.8525390625 0.439453125 0.0048828125 0.005859375
1 0.9169921875 0.44140625 0.005859375 0.0068359375
1 0.9814453125 0.44140625 0.005859375 0.005859375
1 0.98046875 0.4462890625 0.0078125 0.009765625
1 0.96875 0.44921875 0.0087890625 0.01171875
1 0.9814453125 0.4560546875 0.0126953125 0.0146484375