1 0.5693359375 0.599609375 0.0537109375 0.0458984375
1 0.5478515625 0.45703125 0.017578125 0.021484375
1 0.5869140625 0.4423828125 0.0126953125 0.015625
1 0.642578125 0.43359375 0.0107421875 0.0126953125
1 0.712890625 0.4267578125 0.0087890625 0.0107421875
1 0.765625 0.421875 0.0078125 0.009765625
1 0.7265625 0.4208984375 0.0068359375 0.0087890625
1 0.7001953125 0.4189453125 0.005859375 0.0078125
1 0.7734375 0.4140625 0.0048828125 0.0068359375
1 0.83984375 0.4111328125 0.0048828125 0.005859375
2 0.8115234375 0.453125 0.0224609375 0.025390625
2 0.75390625 0.44140625 0.015625 0.01953125
2 0.794921875 0.4326171875 0.013671875 0.0166015625
2 0.8515625 0.423828125 0.01171875 0.013671875
2 0.8828125 0.41796875 0.0087890625 0.0107421875
2 0.8310546875 0.4169921875 0.0068359375 0.0087890625
2 0.8349609375 0.4140625 0.005859375 0.0078125
2 0.896484375 0.41015625 0.005859375 0.0087890625
2 0.9921875 0.408203125 0.0078125 0.0087890625
1 0.5859375 0.494140625 0.033203125 0.0380859375
1 0.9267578125 0.4072265625 0.005859375 0.0078125