1 0.8232421875 0.5029296875 0.0419921875 0.048828125
1 0.958984375 0.435546875 0.0185546875 0.0205078125
1 0.90625 0.4267578125 0.013671875 0.015625
2 0.9169921875 0.4169921875 0.0107421875 0.0126953125
1 0.6376953125 0.421875 0.005859375 0.0087890625
1 0.61328125 0.41796875 0.00390625 0.005859375
2 0.7392578125 0.41796875 0.0068359375 0.0087890625
1 0.9736328125 0.4501953125 0.0244140625 0.02734375
2 0.9833984375 0.4052734375 0.0068359375 0.0087890625
1 0.7099609375 0.4228515625 0.0078125 0.009765625
2 0.693359375 0.4169921875 0.005859375 0.0078125
1 0.6201171875 0.416015625 0.00390625 0.005859375
1 0.6259765625 0.4150390625 0.0029296875 0.0048828125
1 0.607421875 0.419921875 0.0048828125 0.0078125
2 0.9228515625 0.40625 0.0048828125 0.0068359375
2 0.7421875 0.408203125 0.0029296875 0.0048828125
1 0.990234375 0.4013671875 0.0048828125 0.0068359375
1 0.916015625 0.4033203125 0.00390625 0.005859375
1 0.630859375 0.4130859375 0.0029296875 0.00390625
2 0.8486328125 0.4072265625 0.00390625 0.005859375
2 0.755859375 0.4091796875 0.00390625 0.0048828125
2 0.681640625 0.416015625 0.00390625 0.005859375
2 0.7939453125 0.4091796875 0.00390625 0.005859375
1 0.3369140625 0.59765625 0.05859375 0.0517578125
2 0.7490234375 0.4072265625 0.0029296875 0.00390625
1 0.8095703125 0.4228515625 0.009765625 0.013671875
1 0.8427734375 0.40625 0.0029296875 0.0048828125
2 0.70703125 0.40625 0.001953125 0.00390625
1 0.634765625 0.412109375 0.001953125 0.00390625
1 0.8203125 0.4033203125 0.001953125 0.00390625
2 0.7685546875 0.40625 0.0029296875 0.00390625
1 0.646484375 0.408203125 0.001953125 0.0029296875
2 0.79296875 0.404296875 0.0029296875 0.00390625
2 0.82421875 0.40234375 0.001953125 0.0029296875
1 0.814453125 0.40625 0.0029296875 0.00390625
1 0.8046875 0.4052734375 0.001953125 0.00390625
2 0.689453125 0.4072265625 0.0029296875 0.00390625
1 0.8603515625 0.400390625 0.0029296875 0.00390625
2 0.810546875 0.4033203125 0.001953125 0.00390625
1 0.6396484375 0.4111328125 0.001953125 0.00390625
2 0.68359375 0.41015625 0.00390625 0.005859375
1 0.8759765625 0.3994140625 0.001953125 0.00390625
1 0.642578125 0.4091796875 0.0029296875 0.00390625
2 0.6845703125 0.4072265625 0.0029296875 0.00390625
2 0.8046875 0.4013671875 0.001953125 0.0029296875
2 0.73828125 0.404296875 0.001953125 0.0029296875
2 0.7734375 0.4033203125 0.001953125 0.0029296875
1 0.873046875 0.3994140625 0.0029296875 0.00390625
1 0.681640625 0.4072265625 0.001953125 0.00390625
1 0.7138671875 0.4052734375 0.001953125 0.0029296875
1 0.8427734375 0.4033203125 0.0029296875 0.00390625
2 0.8095703125 0.4140625 0.00390625 0.005859375
1 0.74609375 0.404296875 0.001953125 0.0029296875
1 0.8154296875 0.40234375 0.0029296875 0.00390625
1 0.7841796875 0.40234375 0.001953125 0.0029296875