2 0.2978515625 0.462890625 0.01953125 0.0224609375
2 0.427734375 0.4453125 0.013671875 0.0166015625
2 0.4951171875 0.4345703125 0.009765625 0.013671875
2 0.5546875 0.4267578125 0.0087890625 0.01171875
2 0.7939453125 0.4150390625 0.0078125 0.009765625
2 0.921875 0.412109375 0.0078125 0.0107421875
1 0.1728515625 0.5224609375 0.0419921875 0.0458984375
1 0.5185546875 0.4765625 0.025390625 0.0283203125
1 0.630859375 0.4482421875 0.0166015625 0.021484375
1 0.6376953125 0.435546875 0.0126953125 0.015625
1 0.669921875 0.4287109375 0.0107421875 0.0126953125
1 0.73828125 0.421875 0.009765625 0.0126953125
1 0.912109375 0.41796875 0.01171875 0.0126953125
1 0.9501953125 0.421875 0.0146484375 0.0166015625
1 0.9345703125 0.431640625 0.0146484375 0.017578125
1 0.908203125 0.4462890625 0.0205078125 0.0234375
1 0.84765625 0.486328125 0.03515625 0.0400390625