2 0.6396484375 0.517578125 0.033203125 0.0400390625
2 0.4384765625 0.4892578125 0.01953125 0.0234375
1 0.1494140625 0.5537109375 0.04296875 0.0517578125
1 0.1201171875 0.50390625 0.0234375 0.0263671875
2 0.8193359375 0.4658203125 0.0126953125 0.0146484375
1 0.17578125 0.482421875 0.0146484375 0.0166015625
2 0.4208984375 0.478515625 0.0146484375 0.0185546875
1 0.3076171875 0.4697265625 0.0107421875 0.0126953125
2 0.6474609375 0.4658203125 0.0107421875 0.0146484375
1 0.6298828125 0.4599609375 0.0087890625 0.0107421875
1 0.46875 0.4638671875 0.0087890625 0.0107421875
2 0.525390625 0.4697265625 0.0126953125 0.015625
1 0.80859375 0.4580078125 0.0087890625 0.01171875