1 0.3076171875 0.5185546875 0.0341796875 0.0380859375
1 0.3876953125 0.484375 0.017578125 0.0224609375
1 0.4208984375 0.470703125 0.01171875 0.015625
1 0.4384765625 0.462890625 0.0087890625 0.01171875
1 0.451171875 0.4580078125 0.0078125 0.009765625
1 0.4580078125 0.455078125 0.005859375 0.0078125
1 0.4638671875 0.4521484375 0.00390625 0.005859375
1 0.46875 0.451171875 0.00390625 0.005859375
1 0.4716796875 0.44921875 0.00390625 0.0048828125
1 0.474609375 0.4482421875 0.0029296875 0.0048828125
1 0.478515625 0.447265625 0.0029296875 0.0048828125
1 0.498046875 0.4462890625 0.0029296875 0.00390625
1 0.5302734375 0.4462890625 0.0029296875 0.00390625
1 0.568359375 0.4462890625 0.001953125 0.00390625
1 0.6005859375 0.4462890625 0.001953125 0.00390625
1 0.6376953125 0.4462890625 0.0029296875 0.00390625
1 0.740234375 0.4482421875 0.0029296875 0.0048828125
1 0.763671875 0.44921875 0.0029296875 0.0048828125
1 0.791015625 0.4501953125 0.00390625 0.005859375
1 0.82421875 0.4521484375 0.00390625 0.005859375
1 0.8671875 0.4541015625 0.005859375 0.0068359375
1 0.9228515625 0.45703125 0.005859375 0.0087890625
1 0.998046875 0.4609375 0.00390625 0.0078125
2 0.8193359375 0.5185546875 0.03515625 0.0380859375
2 0.69140625 0.4853515625 0.0185546875 0.0224609375
2 0.63671875 0.470703125 0.0126953125 0.015625
2 0.607421875 0.462890625 0.0087890625 0.0126953125
2 0.5888671875 0.458984375 0.0078125 0.009765625
2 0.576171875 0.4560546875 0.005859375 0.0087890625
2 0.56640625 0.453125 0.0048828125 0.0068359375
2 0.55859375 0.451171875 0.00390625 0.005859375
2 0.552734375 0.4501953125 0.00390625 0.0048828125
2 0.5478515625 0.4482421875 0.0029296875 0.0048828125
2 0.5439453125 0.447265625 0.0029296875 0.00390625
2 0.560546875 0.447265625 0.0029296875 0.0048828125
2 0.59765625 0.447265625 0.0029296875 0.00390625
2 0.6416015625 0.447265625 0.0029296875 0.0048828125
2 0.673828125 0.4482421875 0.00390625 0.0048828125
2 0.6884765625 0.44921875 0.00390625 0.005859375
2 0.7099609375 0.4501953125 0.00390625 0.005859375
2 0.734375 0.4521484375 0.0048828125 0.0068359375
2 0.765625 0.4541015625 0.005859375 0.0078125
2 0.806640625 0.4560546875 0.0068359375 0.0087890625
2 0.861328125 0.4599609375 0.0078125 0.009765625
2 0.94140625 0.46484375 0.0107421875 0.0126953125