1 0.00390625 0.42578125 0.0078125 0.0166015625
1 0.091796875 0.4208984375 0.0126953125 0.0146484375
1 0.03515625 0.4150390625 0.01171875 0.0126953125
1 0.041015625 0.41015625 0.0078125 0.0087890625
1 0.111328125 0.4091796875 0.0078125 0.0087890625
1 0.1923828125 0.4111328125 0.005859375 0.0078125
1 0.279296875 0.4130859375 0.005859375 0.0068359375
1 0.34765625 0.416015625 0.0048828125 0.0068359375
1 0.40234375 0.41796875 0.0048828125 0.0068359375
1 0.458984375 0.4208984375 0.0048828125 0.0068359375
1 0.4990234375 0.423828125 0.005859375 0.0078125
1 0.541015625 0.427734375 0.005859375 0.0078125
1 0.5908203125 0.4326171875 0.0078125 0.0087890625
1 0.640625 0.4375 0.0078125 0.009765625
1 0.716796875 0.4453125 0.0087890625 0.0107421875
1 0.8720703125 0.458984375 0.013671875 0.015625
2 0.13671875 0.5 0.044921875 0.048828125
2 0.0419921875 0.462890625 0.03125 0.03515625
2 0.1259765625 0.4423828125 0.01953125 0.0234375
2 0.20703125 0.431640625 0.013671875 0.0166015625
2 0.2412109375 0.4248046875 0.009765625 0.0126953125
2 0.181640625 0.4189453125 0.0078125 0.0107421875
2 0.1865234375 0.4150390625 0.0068359375 0.0087890625
2 0.251953125 0.4150390625 0.0068359375 0.0087890625
2 0.3369140625 0.41796875 0.005859375 0.0087890625
2 0.3935546875 0.4208984375 0.005859375 0.0087890625
2 0.4453125 0.4248046875 0.0068359375 0.0087890625
2 0.4853515625 0.4296875 0.0078125 0.0107421875
2 0.537109375 0.435546875 0.0087890625 0.01171875
2 0.6103515625 0.4443359375 0.01171875 0.0146484375
2 0.7490234375 0.4599609375 0.0166015625 0.0185546875
2 0.9970703125 0.4921875 0.005859375 0.0224609375