1 0.00390625 0.5068359375 0.0078125 0.041015625
1 0.283203125 0.4677734375 0.025390625 0.029296875
1 0.453125 0.4599609375 0.0185546875 0.0224609375
1 0.6083984375 0.458984375 0.0146484375 0.0166015625
1 0.7470703125 0.4609375 0.0126953125 0.0146484375
1 0.8359375 0.4619140625 0.0107421875 0.0126953125
1 0.82421875 0.4560546875 0.0078125 0.0107421875
1 0.8076171875 0.451171875 0.0078125 0.0087890625
1 0.83203125 0.4482421875 0.0048828125 0.0068359375
1 0.880859375 0.4501953125 0.0048828125 0.0068359375
1 0.921875 0.451171875 0.0048828125 0.005859375
1 0.90234375 0.4482421875 0.00390625 0.005859375
1 0.88671875 0.4462890625 0.0029296875 0.0048828125
1 0.880859375 0.4453125 0.0029296875 0.0048828125
1 0.8994140625 0.4453125 0.0029296875 0.0048828125
1 0.9296875 0.4462890625 0.0029296875 0.00390625
1 0.953125 0.447265625 0.0029296875 0.00390625
1 0.94140625 0.4443359375 0.001953125 0.0029296875
1 0.9189453125 0.4443359375 0.001953125 0.0029296875
1 0.9169921875 0.443359375 0.001953125 0.0029296875
1 0.9267578125 0.443359375 0.001953125 0.0029296875
1 0.947265625 0.4443359375 0.001953125 0.0029296875
1 0.9638671875 0.4443359375 0.0029296875 0.00390625
1 0.935546875 0.443359375 0.001953125 0.0029296875
1 0.96875 0.4443359375 0.001953125 0.0029296875
2 0.603515625 0.6025390625 0.0400390625 0.04296875
2 0.5439453125 0.5068359375 0.0361328125 0.0419921875
2 0.646484375 0.4833984375 0.0224609375 0.0283203125
2 0.814453125 0.4814453125 0.0205078125 0.0224609375
2 0.9482421875 0.4765625 0.015625 0.017578125
2 0.9951171875 0.4736328125 0.0087890625 0.0146484375
2 0.9482421875 0.4638671875 0.0087890625 0.0126953125
2 0.9150390625 0.4580078125 0.0087890625 0.0107421875
2 0.892578125 0.4541015625 0.0068359375 0.0087890625
2 0.9404296875 0.4560546875 0.005859375 0.0087890625
2 0.970703125 0.4560546875 0.005859375 0.0078125
2 0.9892578125 0.455078125 0.005859375 0.0078125
2 0.9580078125 0.451171875 0.00390625 0.005859375
2 0.94140625 0.4482421875 0.0029296875 0.0048828125
2 0.96875 0.4501953125 0.00390625 0.0048828125
2 0.994140625 0.44921875 0.0029296875 0.0048828125
2 0.9716796875 0.4453125 0.001953125 0.0029296875
2 0.9619140625 0.4462890625 0.0029296875 0.00390625
2 0.990234375 0.447265625 0.0029296875 0.00390625
2 0.9951171875 0.4462890625 0.001953125 0.00390625