1 0.7392578125 0.4501953125 0.0048828125 0.0078125
1 0.845703125 0.4501953125 0.0048828125 0.0087890625
1 0.259765625 0.51953125 0.03125 0.0400390625
1 0.373046875 0.482421875 0.017578125 0.0234375
1 0.4150390625 0.46484375 0.01171875 0.015625
1 0.44140625 0.458984375 0.009765625 0.0126953125
1 0.505859375 0.455078125 0.0078125 0.0107421875
1 0.568359375 0.4521484375 0.0068359375 0.009765625
1 0.63671875 0.4501953125 0.0068359375 0.0087890625
2 0.8564453125 0.4541015625 0.0078125 0.009765625
2 0.9765625 0.45703125 0.009765625 0.01171875
2 0.7509765625 0.515625 0.0302734375 0.0380859375
2 0.6572265625 0.4814453125 0.0185546875 0.0224609375
2 0.6181640625 0.4658203125 0.0107421875 0.0146484375
2 0.603515625 0.458984375 0.009765625 0.0126953125
2 0.65625 0.455078125 0.0078125 0.0107421875
2 0.7412109375 0.4541015625 0.0068359375 0.0087890625