1 0.3486328125 0.4951171875 0.013671875 0.0263671875
1 0.3828125 0.474609375 0.0146484375 0.0185546875
1 0.4052734375 0.462890625 0.009765625 0.013671875
1 0.4189453125 0.4560546875 0.0078125 0.0107421875
1 0.4306640625 0.4521484375 0.0068359375 0.0087890625
1 0.4443359375 0.4501953125 0.005859375 0.0078125
1 0.48828125 0.4462890625 0.0048828125 0.0068359375
1 0.513671875 0.4453125 0.0048828125 0.005859375
1 0.4560546875 0.4443359375 0.00390625 0.005859375
1 0.4462890625 0.443359375 0.00390625 0.0048828125
1 0.44921875 0.4423828125 0.0029296875 0.0048828125
1 0.4599609375 0.44140625 0.0029296875 0.00390625
1 0.482421875 0.44140625 0.001953125 0.00390625
1 0.505859375 0.4404296875 0.001953125 0.00390625
1 0.52734375 0.4404296875 0.001953125 0.0029296875
1 0.5517578125 0.4404296875 0.0029296875 0.00390625
1 0.5849609375 0.439453125 0.0029296875 0.00390625
1 0.6640625 0.439453125 0.0029296875 0.0029296875
1 0.7001953125 0.4384765625 0.001953125 0.00390625
1 0.736328125 0.439453125 0.001953125 0.00390625
1 0.7646484375 0.439453125 0.001953125 0.00390625
1 0.7880859375 0.439453125 0.0029296875 0.00390625
1 0.830078125 0.4404296875 0.0029296875 0.00390625
1 0.8671875 0.44140625 0.00390625 0.0048828125
1 0.9287109375 0.443359375 0.0048828125 0.005859375
1 0.984375 0.4443359375 0.0048828125 0.0068359375
1 0.9912109375 0.4482421875 0.0068359375 0.0087890625
1 0.9658203125 0.4521484375 0.0087890625 0.0107421875
1 0.94140625 0.4560546875 0.01171875 0.0126953125
1 0.232421875 0.5458984375 0.048828125 0.0546875
2 0.8056640625 0.5302734375 0.044921875 0.048828125
2 0.599609375 0.470703125 0.0146484375 0.0185546875
2 0.5654296875 0.4619140625 0.0107421875 0.013671875
2 0.5439453125 0.455078125 0.0078125 0.0107421875
2 0.5322265625 0.4501953125 0.0068359375 0.0087890625
2 0.5400390625 0.4482421875 0.005859375 0.0078125
2 0.5830078125 0.4462890625 0.005859375 0.0078125
2 0.5498046875 0.4443359375 0.00390625 0.005859375
2 0.5068359375 0.4443359375 0.00390625 0.0048828125
2 0.5 0.4423828125 0.0029296875 0.00390625
2 0.4970703125 0.44140625 0.00390625 0.0048828125
2 0.515625 0.44140625 0.0029296875 0.00390625
2 0.548828125 0.44140625 0.0029296875 0.00390625
2 0.580078125 0.4404296875 0.0029296875 0.00390625
2 0.6181640625 0.439453125 0.00390625 0.0048828125
2 0.658203125 0.439453125 0.0029296875 0.00390625
2 0.8505859375 0.46484375 0.0146484375 0.0166015625
2 0.7802734375 0.458984375 0.0107421875 0.0126953125
2 0.7744140625 0.4541015625 0.0078125 0.0107421875
2 0.818359375 0.451171875 0.0078125 0.009765625
2 0.8505859375 0.4482421875 0.0078125 0.0078125
2 0.8759765625 0.4462890625 0.005859375 0.0078125
2 0.8603515625 0.4443359375 0.0048828125 0.0068359375
2 0.82421875 0.443359375 0.00390625 0.005859375
2 0.7900390625 0.4423828125 0.00390625 0.0048828125
2 0.7587890625 0.44140625 0.00390625 0.0048828125
2 0.73046875 0.4404296875 0.00390625 0.0048828125
2 0.7119140625 0.439453125 0.0029296875 0.0048828125
2 0.6865234375 0.439453125 0.0029296875 0.00390625
0 0.33203125 0.4892578125 0.0283203125 0.05078125
0 0.349609375 0.482421875 0.025390625 0.0439453125
0 0.6611328125 0.478515625 0.0205078125 0.0439453125
0 0.6806640625 0.4814453125 0.029296875 0.0498046875
1 0.052734375 0.486328125 0.0205078125 0.025390625
1 0.2197265625 0.4658203125 0.01171875 0.015625
2 0.66796875 0.48828125 0.0166015625 0.0244140625