2 0.4462890625 0.4150390625 0.0029296875 0.0048828125
2 0.4736328125 0.4169921875 0.00390625 0.0048828125
2 0.4873046875 0.41796875 0.00390625 0.0048828125
2 0.4794921875 0.4189453125 0.00390625 0.005859375
2 0.462890625 0.4208984375 0.0048828125 0.0068359375
2 0.435546875 0.421875 0.005859375 0.0078125
2 0.4140625 0.4248046875 0.0078125 0.009765625
2 0.41796875 0.4287109375 0.0087890625 0.01171875
2 0.4873046875 0.439453125 0.01171875 0.0146484375
2 0.63671875 0.4521484375 0.0146484375 0.0185546875
2 0.8544921875 0.46875 0.01953125 0.0205078125
2 0.3642578125 0.505859375 0.0419921875 0.046875
2 0.3046875 0.455078125 0.01953125 0.025390625
2 0.2841796875 0.4365234375 0.0126953125 0.0166015625
2 0.27734375 0.4267578125 0.0087890625 0.0126953125
2 0.271484375 0.4208984375 0.0068359375 0.009765625
2 0.267578125 0.4169921875 0.0048828125 0.0087890625
2 0.2646484375 0.4140625 0.0048828125 0.0078125
2 0.2685546875 0.41015625 0.00390625 0.005859375
2 0.2958984375 0.41015625 0.00390625 0.005859375
2 0.3466796875 0.4111328125 0.00390625 0.0048828125
2 0.3994140625 0.4130859375 0.00390625 0.0048828125
1 0.4072265625 0.412109375 0.0029296875 0.00390625
1 0.4521484375 0.4140625 0.001953125 0.00390625
1 0.4990234375 0.416015625 0.0029296875 0.00390625
1 0.5400390625 0.4189453125 0.00390625 0.0048828125
1 0.5556640625 0.4208984375 0.00390625 0.005859375
1 0.55078125 0.421875 0.00390625 0.005859375
1 0.541015625 0.4228515625 0.0048828125 0.0068359375
1 0.529296875 0.4296875 0.0068359375 0.009765625
1 0.587890625 0.4375 0.0087890625 0.01171875
1 0.7001953125 0.447265625 0.01171875 0.0146484375
1 0.912109375 0.458984375 0.013671875 0.015625
1 0.005859375 0.455078125 0.009765625 0.0302734375
1 0.0751953125 0.43359375 0.017578125 0.01953125
1 0.119140625 0.423828125 0.0126953125 0.0146484375
1 0.142578125 0.4169921875 0.009765625 0.0107421875
1 0.1611328125 0.4130859375 0.0068359375 0.0087890625
1 0.1669921875 0.41015625 0.0048828125 0.005859375
1 0.17578125 0.408203125 0.0048828125 0.0068359375
1 0.185546875 0.4072265625 0.0048828125 0.005859375
1 0.20703125 0.4072265625 0.00390625 0.0048828125
1 0.25 0.4072265625 0.00390625 0.005859375
1 0.3046875 0.4091796875 0.0029296875 0.0048828125
1 0.3515625 0.41015625 0.0029296875 0.0048828125