2 0.642578125 0.4384765625 0.001953125 0.00390625
2 0.6552734375 0.439453125 0.0029296875 0.00390625
2 0.658203125 0.4404296875 0.0029296875 0.00390625
2 0.650390625 0.44140625 0.0029296875 0.0048828125
2 0.626953125 0.44140625 0.00390625 0.005859375
2 0.615234375 0.44140625 0.00390625 0.005859375
2 0.6201171875 0.443359375 0.00390625 0.005859375
2 0.650390625 0.4462890625 0.005859375 0.0078125
2 0.705078125 0.451171875 0.005859375 0.0078125
2 0.7685546875 0.4560546875 0.0068359375 0.0087890625
2 0.86328125 0.462890625 0.0087890625 0.0107421875
2 0.9755859375 0.47265625 0.0107421875 0.01171875
2 0.4208984375 0.5390625 0.046875 0.0537109375
2 0.380859375 0.4765625 0.0224609375 0.0263671875
2 0.44140625 0.458984375 0.0126953125 0.0166015625
2 0.4619140625 0.4501953125 0.009765625 0.0126953125
2 0.48046875 0.439453125 0.0048828125 0.0078125
2 0.4580078125 0.4384765625 0.005859375 0.0078125
2 0.4482421875 0.435546875 0.0048828125 0.0068359375
2 0.4521484375 0.4345703125 0.00390625 0.005859375
2 0.4794921875 0.4345703125 0.00390625 0.005859375
2 0.4990234375 0.43359375 0.00390625 0.0048828125
2 0.4755859375 0.4306640625 0.0029296875 0.00390625
2 0.4814453125 0.4306640625 0.001953125 0.00390625
2 0.50390625 0.4306640625 0.0029296875 0.00390625
2 0.5087890625 0.4306640625 0.001953125 0.00390625
2 0.458984375 0.4267578125 0.001953125 0.0029296875
2 0.4521484375 0.4267578125 0.001953125 0.0029296875
2 0.4677734375 0.4267578125 0.001953125 0.0029296875
2 0.4921875 0.4287109375 0.001953125 0.0029296875
2 0.521484375 0.4296875 0.001953125 0.0029296875
2 0.5537109375 0.431640625 0.001953125 0.00390625
2 0.580078125 0.4326171875 0.001953125 0.0029296875
2 0.603515625 0.4345703125 0.001953125 0.0029296875
2 0.6162109375 0.435546875 0.001953125 0.00390625
1 0.69140625 0.4404296875 0.0029296875 0.00390625
1 0.7109375 0.443359375 0.0029296875 0.00390625
1 0.7314453125 0.4443359375 0.0029296875 0.00390625
1 0.6396484375 0.4365234375 0.001953125 0.00390625
1 0.5283203125 0.4296875 0.001953125 0.0029296875
1 0.4189453125 0.427734375 0.0029296875 0.00390625
1 0.41015625 0.423828125 0.001953125 0.00390625
1 0.423828125 0.4248046875 0.0029296875 0.00390625
1 0.4501953125 0.427734375 0.00390625 0.00390625
1 0.4638671875 0.4287109375 0.001953125 0.0029296875
1 0.421875 0.4267578125 0.0029296875 0.0048828125
1 0.44921875 0.4326171875 0.00390625 0.0048828125
1 0.416015625 0.4306640625 0.00390625 0.005859375
1 0.3759765625 0.4296875 0.00390625 0.005859375
1 0.3544921875 0.4306640625 0.00390625 0.005859375
1 0.3505859375 0.431640625 0.0048828125 0.0078125
1 0.35546875 0.4365234375 0.0068359375 0.0087890625
1 0.3388671875 0.439453125 0.0087890625 0.0107421875
1 0.271484375 0.4423828125 0.0126953125 0.013671875
1 0.1640625 0.4501953125 0.017578125 0.01953125
1 0.0029296875 0.4765625 0.005859375 0.0244140625
1 0.931640625 0.46484375 0.0078125 0.0087890625
1 0.8095703125 0.4560546875 0.005859375 0.0078125
1 0.7451171875 0.4501953125 0.0048828125 0.0068359375
1 0.7021484375 0.4462890625 0.00390625 0.005859375
1 0.71875 0.4453125 0.0029296875 0.0048828125
0 0.630859375 0.4365234375 0.00390625 0.0068359375
0 0.671875 0.4384765625 0.0029296875 0.005859375