1 0.01953125 0.40234375 0.0029296875 0.00390625
1 0.0517578125 0.40234375 0.00390625 0.00390625
1 0.0947265625 0.404296875 0.0029296875 0.00390625
1 0.1875 0.408203125 0.0029296875 0.0029296875
1 0.28125 0.4130859375 0.001953125 0.0029296875
1 0.2998046875 0.4140625 0.001953125 0.0029296875
1 0.3291015625 0.416015625 0.0029296875 0.0029296875
1 0.353515625 0.4169921875 0.0029296875 0.00390625
1 0.390625 0.419921875 0.0029296875 0.00390625
1 0.419921875 0.4228515625 0.0029296875 0.0048828125
1 0.4248046875 0.4248046875 0.00390625 0.005859375
1 0.412109375 0.4248046875 0.0048828125 0.005859375
1 0.38671875 0.42578125 0.005859375 0.0078125
1 0.3583984375 0.427734375 0.0078125 0.0087890625
1 0.3876953125 0.431640625 0.0068359375 0.0087890625
1 0.470703125 0.4375 0.0078125 0.0107421875
1 0.5888671875 0.4453125 0.009765625 0.0126953125
1 0.8779296875 0.458984375 0.0078125 0.0107421875
1 0.7216796875 0.451171875 0.009765625 0.0126953125
2 0.51171875 0.5859375 0.06640625 0.0751953125
2 0.228515625 0.48828125 0.033203125 0.037109375
2 0.130859375 0.453125 0.021484375 0.0244140625
2 0.0556640625 0.4287109375 0.0126953125 0.015625
2 0.0341796875 0.421875 0.009765625 0.0126953125
2 0.0185546875 0.416015625 0.0087890625 0.0107421875
2 0.0087890625 0.412109375 0.0068359375 0.0087890625
2 0.021484375 0.41015625 0.0068359375 0.0078125
2 0.078125 0.4111328125 0.0048828125 0.0068359375
2 0.083984375 0.4091796875 0.0048828125 0.005859375
2 0.0419921875 0.4072265625 0.0048828125 0.005859375
2 0.001953125 0.40234375 0.00390625 0.0048828125
2 0.046875 0.4033203125 0.00390625 0.00390625
2 0.0888671875 0.4052734375 0.0029296875 0.00390625
2 0.1357421875 0.40625 0.0029296875 0.00390625
2 0.1796875 0.408203125 0.0029296875 0.00390625
2 0.8759765625 0.4677734375 0.0146484375 0.0185546875
2 0.6513671875 0.4560546875 0.0126953125 0.0166015625
2 0.4658203125 0.4462890625 0.01171875 0.0146484375
2 0.34375 0.4375 0.009765625 0.013671875
2 0.275390625 0.4306640625 0.0087890625 0.01171875
2 0.240234375 0.42578125 0.0078125 0.009765625
2 0.248046875 0.4228515625 0.005859375 0.0087890625
2 0.2890625 0.4228515625 0.005859375 0.0078125
2 0.3212890625 0.421875 0.0048828125 0.0068359375
2 0.3466796875 0.4208984375 0.00390625 0.005859375
2 0.341796875 0.4189453125 0.00390625 0.005859375
2 0.3193359375 0.41796875 0.00390625 0.0048828125
2 0.294921875 0.416015625 0.0029296875 0.00390625
2 0.2705078125 0.4140625 0.0029296875 0.0048828125
2 0.2490234375 0.412109375 0.0029296875 0.00390625
2 0.2333984375 0.4111328125 0.0029296875 0.00390625
2 0.208984375 0.41015625 0.0029296875 0.00390625
0 0.087890625 0.431640625 0.013671875 0.03125
0 0.09765625 0.4326171875 0.021484375 0.0322265625
2 0.08984375 0.4384765625 0.015625 0.0185546875