1 0.2021484375 0.533203125 0.0458984375 0.048828125
1 0.365234375 0.4853515625 0.021484375 0.025390625
1 0.4677734375 0.470703125 0.015625 0.01953125
1 0.568359375 0.4619140625 0.01171875 0.0146484375
1 0.6337890625 0.4560546875 0.009765625 0.0126953125
1 0.587890625 0.4521484375 0.0078125 0.0107421875
1 0.5595703125 0.44921875 0.0078125 0.0087890625
1 0.5888671875 0.447265625 0.005859375 0.0078125
1 0.640625 0.4453125 0.005859375 0.0078125
1 0.7099609375 0.4443359375 0.0048828125 0.0078125
2 0.73828125 0.54296875 0.0498046875 0.056640625
2 0.6220703125 0.4970703125 0.0263671875 0.033203125
2 0.6767578125 0.4765625 0.0185546875 0.0224609375
2 0.7412109375 0.46484375 0.0146484375 0.017578125
2 0.7685546875 0.4560546875 0.0107421875 0.0146484375
2 0.7060546875 0.4521484375 0.0087890625 0.0107421875
2 0.76953125 0.4462890625 0.0078125 0.0087890625
2 0.8671875 0.4462890625 0.0078125 0.009765625
2 0.9462890625 0.4482421875 0.0078125 0.009765625
1 0.7958984375 0.443359375 0.005859375 0.0078125
1 0.8779296875 0.443359375 0.0068359375 0.0087890625
1 0.9521484375 0.443359375 0.005859375 0.0087890625