2 0.458984375 0.46875 0.0185546875 0.0244140625
2 0.5615234375 0.458984375 0.0166015625 0.01953125
2 0.41015625 0.509765625 0.037109375 0.0458984375
1 0.10546875 0.45703125 0.025390625 0.0263671875
2 0.6826171875 0.4560546875 0.01171875 0.015625
1 0.2919921875 0.4462890625 0.0166015625 0.0185546875
1 0.4365234375 0.443359375 0.0126953125 0.0146484375
2 0.7900390625 0.4560546875 0.0107421875 0.013671875
2 0.978515625 0.45703125 0.0087890625 0.0107421875
2 0.9033203125 0.45703125 0.009765625 0.01171875
1 0.564453125 0.443359375 0.009765625 0.01171875
1 0.9453125 0.4501953125 0.005859375 0.0078125
1 0.6669921875 0.4443359375 0.0087890625 0.01171875
1 0.8671875 0.4482421875 0.0078125 0.0087890625
1 0.7958984375 0.447265625 0.0068359375 0.009765625