1 0.1708984375 0.40625 0.00390625 0.0048828125
1 0.234375 0.4091796875 0.00390625 0.0048828125
1 0.29296875 0.412109375 0.00390625 0.0048828125
1 0.3310546875 0.4140625 0.00390625 0.0048828125
1 0.3544921875 0.416015625 0.00390625 0.005859375
1 0.369140625 0.41796875 0.00390625 0.005859375
1 0.3759765625 0.419921875 0.0048828125 0.0068359375
1 0.38671875 0.421875 0.005859375 0.0078125
1 0.4521484375 0.4267578125 0.0068359375 0.0087890625
1 0.5302734375 0.431640625 0.0078125 0.0087890625
1 0.650390625 0.439453125 0.0078125 0.009765625
1 0.732421875 0.4482421875 0.009765625 0.01171875
1 0.8291015625 0.4609375 0.013671875 0.0146484375
1 0.99609375 0.48046875 0.0068359375 0.0224609375
1 0.0390625 0.40234375 0.005859375 0.005859375
1 0.095703125 0.4033203125 0.0048828125 0.005859375
2 0.2255859375 0.41015625 0.00390625 0.005859375
2 0.2734375 0.412109375 0.0048828125 0.005859375
2 0.2998046875 0.4140625 0.00390625 0.0068359375
2 0.296875 0.4150390625 0.0048828125 0.0068359375
2 0.30078125 0.41796875 0.005859375 0.0078125
2 0.3173828125 0.4208984375 0.0078125 0.0087890625
2 0.39453125 0.4267578125 0.0078125 0.009765625
2 0.474609375 0.4326171875 0.0087890625 0.0107421875
2 0.5625 0.4384765625 0.009765625 0.0126953125
2 0.6328125 0.44921875 0.01171875 0.0146484375
2 0.7177734375 0.4609375 0.0146484375 0.0185546875
2 0.93359375 0.490234375 0.0234375 0.02734375
2 0.353515625 0.509765625 0.041015625 0.0478515625
2 0.20703125 0.4599609375 0.025390625 0.0283203125
2 0.142578125 0.4375 0.0185546875 0.0205078125
2 0.11328125 0.42578125 0.013671875 0.015625
2 0.08984375 0.41796875 0.01171875 0.0126953125
2 0.072265625 0.4130859375 0.0087890625 0.0107421875
2 0.0634765625 0.41015625 0.0068359375 0.0087890625
2 0.056640625 0.4052734375 0.005859375 0.0078125
2 0.1005859375 0.4052734375 0.0048828125 0.0068359375
2 0.16015625 0.4072265625 0.00390625 0.005859375