2 0.4384765625 0.501953125 0.033203125 0.0400390625
2 0.4638671875 0.462890625 0.017578125 0.0224609375
1 0.1318359375 0.458984375 0.0244140625 0.02734375
2 0.4853515625 0.451171875 0.0126953125 0.017578125
2 0.5009765625 0.443359375 0.0107421875 0.013671875
2 0.8505859375 0.4541015625 0.0107421875 0.0126953125
2 0.458984375 0.4365234375 0.0087890625 0.0107421875
1 0.1396484375 0.4189453125 0.0078125 0.009765625
1 0.2685546875 0.4443359375 0.0146484375 0.017578125
1 0.890625 0.4521484375 0.009765625 0.0107421875
2 0.3955078125 0.4296875 0.0078125 0.0107421875
2 0.4912109375 0.4306640625 0.005859375 0.0078125
2 0.6962890625 0.4443359375 0.0087890625 0.0107421875
1 0.2216796875 0.423828125 0.0087890625 0.009765625
1 0.40234375 0.4208984375 0.00390625 0.005859375
1 0.4462890625 0.423828125 0.00390625 0.005859375
2 0.5732421875 0.435546875 0.0068359375 0.009765625
2 0.171875 0.416015625 0.0078125 0.0087890625
2 0.078125 0.412109375 0.0068359375 0.0087890625
2 0.3330078125 0.4248046875 0.0068359375 0.0087890625
1 0.640625 0.4365234375 0.005859375 0.0078125
2 0.384765625 0.421875 0.0048828125 0.0068359375
2 0.2607421875 0.4208984375 0.0078125 0.0087890625
1 0.3271484375 0.4365234375 0.0107421875 0.013671875
2 0.3408203125 0.4189453125 0.0048828125 0.0068359375
1 0.755859375 0.4443359375 0.0068359375 0.0087890625
2 0.4296875 0.42578125 0.0048828125 0.0068359375
1 0.2900390625 0.4296875 0.0087890625 0.01171875
2 0.3056640625 0.416015625 0.00390625 0.005859375
1 0.068359375 0.40625 0.00390625 0.005859375
1 0.0556640625 0.4140625 0.0078125 0.0087890625
2 0.1708984375 0.41015625 0.00390625 0.005859375
1 0.3662109375 0.41796875 0.00390625 0.0048828125
2 0.0302734375 0.40625 0.0048828125 0.005859375
2 0.232421875 0.412109375 0.00390625 0.005859375
2 0.275390625 0.4150390625 0.00390625 0.005859375
2 0.1064453125 0.408203125 0.00390625 0.005859375
1 0.1220703125 0.4072265625 0.0029296875 0.0048828125
1 0.2998046875 0.4150390625 0.0029296875 0.00390625
1 0.2587890625 0.412109375 0.0029296875 0.00390625
1 0.1845703125 0.4091796875 0.0029296875 0.00390625
1 0.0078125 0.404296875 0.00390625 0.005859375
0 0.423828125 0.4228515625 0.0068359375 0.0126953125
0 0.43359375 0.4228515625 0.0078125 0.0126953125