2 0.990234375 0.59765625 0.01953125 0.0517578125
2 0.6953125 0.4990234375 0.0283203125 0.033203125
2 0.5576171875 0.4765625 0.017578125 0.0224609375
2 0.4140625 0.4658203125 0.0126953125 0.0166015625
2 0.29296875 0.4619140625 0.0107421875 0.013671875
2 0.18359375 0.4599609375 0.009765625 0.0126953125
2 0.0810546875 0.458984375 0.0087890625 0.01171875
2 0.0439453125 0.4560546875 0.0078125 0.009765625
2 0.0478515625 0.4521484375 0.005859375 0.0087890625
2 0.056640625 0.4501953125 0.0048828125 0.0068359375
2 0.0625 0.4482421875 0.00390625 0.005859375
2 0.068359375 0.447265625 0.00390625 0.0048828125
2 0.072265625 0.4453125 0.00390625 0.0048828125
2 0.0771484375 0.443359375 0.0029296875 0.00390625
2 0.0810546875 0.4423828125 0.001953125 0.00390625
2 0.091796875 0.4423828125 0.001953125 0.00390625
2 0.1142578125 0.44140625 0.0029296875 0.00390625
2 0.1533203125 0.4404296875 0.001953125 0.00390625
2 0.1923828125 0.439453125 0.001953125 0.0029296875
2 0.2275390625 0.439453125 0.001953125 0.00390625
2 0.2353515625 0.439453125 0.0029296875 0.00390625
2 0.2333984375 0.4404296875 0.001953125 0.0029296875
2 0.21875 0.44140625 0.001953125 0.00390625
2 0.1884765625 0.4423828125 0.0029296875 0.00390625
2 0.162109375 0.443359375 0.00390625 0.0048828125
2 0.1416015625 0.4453125 0.0048828125 0.005859375
2 0.1552734375 0.4462890625 0.00390625 0.005859375
2 0.1962890625 0.447265625 0.00390625 0.005859375
2 0.2529296875 0.447265625 0.005859375 0.0078125
2 0.3125 0.447265625 0.0048828125 0.0078125
2 0.376953125 0.4482421875 0.005859375 0.0087890625
2 0.427734375 0.4501953125 0.0078125 0.0087890625
2 0.486328125 0.453125 0.0087890625 0.0107421875
2 0.5732421875 0.4580078125 0.0107421875 0.013671875
2 0.701171875 0.46484375 0.0146484375 0.017578125
2 0.9384765625 0.4775390625 0.0224609375 0.0244140625
1 0.3037109375 0.505859375 0.0302734375 0.0341796875
1 0.244140625 0.478515625 0.017578125 0.021484375
1 0.1630859375 0.4697265625 0.0146484375 0.0166015625
1 0.0068359375 0.4677734375 0.01171875 0.0146484375
1 0.001953125 0.4453125 0.00390625 0.005859375
1 0.01171875 0.4443359375 0.0029296875 0.00390625
1 0.01953125 0.4443359375 0.0029296875 0.00390625
1 0.0263671875 0.443359375 0.0029296875 0.0029296875
1 0.0537109375 0.4423828125 0.001953125 0.0029296875
1 0.1435546875 0.4404296875 0.001953125 0.00390625
1 0.1943359375 0.4384765625 0.001953125 0.0029296875
1 0.2421875 0.4384765625 0.001953125 0.0029296875
1 0.2666015625 0.4384765625 0.001953125 0.0029296875
1 0.28125 0.439453125 0.001953125 0.0029296875
1 0.291015625 0.439453125 0.0029296875 0.00390625
1 0.2734375 0.4404296875 0.0029296875 0.00390625
1 0.25 0.44140625 0.0029296875 0.00390625
1 0.22265625 0.4423828125 0.0029296875 0.00390625
1 0.2138671875 0.4443359375 0.00390625 0.0048828125
1 0.21875 0.4443359375 0.00390625 0.0048828125
1 0.3125 0.443359375 0.00390625 0.0048828125
1 0.3828125 0.4453125 0.0048828125 0.0068359375
1 0.451171875 0.4453125 0.005859375 0.0078125
1 0.501953125 0.447265625 0.0068359375 0.0087890625
1 0.572265625 0.4501953125 0.005859375 0.0078125
1 0.662109375 0.453125 0.0087890625 0.0107421875
1 0.80859375 0.458984375 0.0126953125 0.0146484375