1 0.0634765625 0.4208984375 0.0107421875 0.0107421875
1 0.169921875 0.4228515625 0.0068359375 0.0087890625
1 0.248046875 0.4248046875 0.0068359375 0.0087890625
1 0.33203125 0.427734375 0.0068359375 0.0087890625
1 0.41015625 0.431640625 0.0068359375 0.0078125
1 0.4921875 0.435546875 0.0068359375 0.0078125
1 0.580078125 0.44140625 0.0078125 0.0087890625
1 0.677734375 0.44921875 0.0078125 0.009765625
1 0.810546875 0.4599609375 0.0107421875 0.0126953125
2 0.390625 0.51171875 0.0400390625 0.046875
2 0.234375 0.46484375 0.0224609375 0.02734375
2 0.1640625 0.4443359375 0.015625 0.0205078125
2 0.1259765625 0.43359375 0.0126953125 0.0146484375
2 0.166015625 0.4287109375 0.009765625 0.01171875
2 0.263671875 0.4296875 0.0087890625 0.0107421875
2 0.375 0.43359375 0.0087890625 0.009765625
2 0.46875 0.439453125 0.0087890625 0.0107421875
2 0.5556640625 0.447265625 0.0107421875 0.0126953125
2 0.6923828125 0.4609375 0.0126953125 0.015625
2 0.90625 0.4814453125 0.01953125 0.0205078125