1 0.0693359375 0.6005859375 0.0595703125 0.0458984375
1 0.33203125 0.505859375 0.0283203125 0.033203125
1 0.3935546875 0.4794921875 0.015625 0.0205078125
1 0.421875 0.4677734375 0.01171875 0.0146484375
1 0.4384765625 0.4609375 0.0087890625 0.0107421875
1 0.4482421875 0.45703125 0.005859375 0.0087890625
1 0.4560546875 0.4541015625 0.005859375 0.0078125
1 0.4609375 0.4521484375 0.00390625 0.005859375
1 0.46484375 0.4501953125 0.00390625 0.005859375
1 0.4697265625 0.4482421875 0.00390625 0.0048828125
1 0.47265625 0.447265625 0.0029296875 0.00390625
1 0.4755859375 0.4462890625 0.0029296875 0.00390625
1 0.4931640625 0.4453125 0.001953125 0.00390625
1 0.5234375 0.4453125 0.001953125 0.0029296875
1 0.5576171875 0.4453125 0.001953125 0.0029296875
1 0.587890625 0.4453125 0.001953125 0.00390625
1 0.6220703125 0.4453125 0.0029296875 0.00390625
1 0.654296875 0.4453125 0.001953125 0.00390625
1 0.685546875 0.4462890625 0.001953125 0.00390625
1 0.7119140625 0.4462890625 0.0029296875 0.00390625
1 0.7314453125 0.447265625 0.0029296875 0.00390625
1 0.7529296875 0.4482421875 0.00390625 0.005859375
1 0.7783203125 0.44921875 0.00390625 0.0048828125
1 0.810546875 0.451171875 0.00390625 0.005859375
1 0.8505859375 0.4521484375 0.0048828125 0.0068359375
1 0.9033203125 0.455078125 0.005859375 0.0078125
1 0.97265625 0.4580078125 0.0078125 0.0087890625
2 0.7734375 0.5048828125 0.029296875 0.0322265625
2 0.6708984375 0.4794921875 0.0166015625 0.0205078125
2 0.6240234375 0.4677734375 0.01171875 0.015625
2 0.59765625 0.4609375 0.0087890625 0.01171875
2 0.580078125 0.45703125 0.0068359375 0.009765625
2 0.568359375 0.4541015625 0.005859375 0.0078125
2 0.5595703125 0.4521484375 0.0048828125 0.0068359375
2 0.552734375 0.4501953125 0.00390625 0.005859375
2 0.546875 0.44921875 0.0029296875 0.0048828125
2 0.54296875 0.4482421875 0.0029296875 0.00390625
2 0.5390625 0.447265625 0.0029296875 0.00390625
2 0.53515625 0.4462890625 0.0029296875 0.00390625
2 0.5498046875 0.4462890625 0.001953125 0.0029296875
2 0.583984375 0.4453125 0.0029296875 0.00390625
2 0.625 0.4462890625 0.0029296875 0.0048828125
2 0.65234375 0.4462890625 0.0029296875 0.00390625
2 0.6640625 0.447265625 0.00390625 0.0048828125
2 0.6806640625 0.4482421875 0.00390625 0.0048828125
2 0.7001953125 0.44921875 0.0048828125 0.005859375
2 0.7236328125 0.451171875 0.0048828125 0.0068359375
2 0.7529296875 0.4521484375 0.005859375 0.0068359375
2 0.7900390625 0.455078125 0.0068359375 0.0078125
2 0.841796875 0.4580078125 0.0078125 0.009765625
2 0.916015625 0.4619140625 0.0107421875 0.01171875