2 0.9208984375 0.4267578125 0.0126953125 0.0146484375
2 0.798828125 0.42578125 0.009765625 0.01171875
2 0.705078125 0.4248046875 0.0068359375 0.009765625
2 0.6279296875 0.42578125 0.0068359375 0.0087890625
2 0.599609375 0.4248046875 0.0048828125 0.0068359375
2 0.5947265625 0.421875 0.0048828125 0.0068359375
2 0.595703125 0.41796875 0.00390625 0.0068359375
2 0.6015625 0.4140625 0.001953125 0.0029296875
2 0.6171875 0.4130859375 0.001953125 0.00390625
2 0.646484375 0.412109375 0.0029296875 0.00390625
2 0.6767578125 0.41015625 0.001953125 0.0029296875
2 0.7080078125 0.4091796875 0.001953125 0.00390625
2 0.71484375 0.41015625 0.0029296875 0.00390625
2 0.7021484375 0.4111328125 0.0029296875 0.00390625
2 0.6787109375 0.4130859375 0.0029296875 0.00390625
2 0.6591796875 0.416015625 0.00390625 0.005859375
2 0.6474609375 0.416015625 0.00390625 0.005859375
2 0.693359375 0.416015625 0.00390625 0.005859375
2 0.7431640625 0.4150390625 0.00390625 0.005859375
2 0.7998046875 0.4140625 0.005859375 0.0078125
2 0.869140625 0.4130859375 0.0068359375 0.0087890625
2 0.9287109375 0.4140625 0.0078125 0.0087890625
1 0.513671875 0.591796875 0.05859375 0.0615234375
1 0.80859375 0.4853515625 0.0341796875 0.0390625
1 0.8466796875 0.44921875 0.0205078125 0.0234375
1 0.77734375 0.4365234375 0.0126953125 0.015625
1 0.7041015625 0.431640625 0.0087890625 0.01171875
1 0.5966796875 0.4306640625 0.0078125 0.009765625
1 0.5361328125 0.4306640625 0.0068359375 0.0087890625
1 0.5087890625 0.4296875 0.005859375 0.0078125
1 0.5126953125 0.4267578125 0.00390625 0.0068359375
1 0.521484375 0.4248046875 0.00390625 0.005859375
1 0.5302734375 0.4228515625 0.00390625 0.0048828125
1 0.537109375 0.4208984375 0.0029296875 0.0048828125
1 0.541015625 0.419921875 0.0029296875 0.00390625
1 0.5458984375 0.4189453125 0.0029296875 0.00390625
1 0.5498046875 0.41796875 0.001953125 0.00390625
1 0.5537109375 0.4169921875 0.001953125 0.0029296875
1 0.556640625 0.416015625 0.001953125 0.0029296875
1 0.55859375 0.416015625 0.001953125 0.0029296875
1 0.576171875 0.4150390625 0.001953125 0.00390625
1 0.6376953125 0.412109375 0.001953125 0.0029296875
1 0.720703125 0.4091796875 0.001953125 0.0029296875
1 0.744140625 0.408203125 0.001953125 0.0029296875
1 0.7587890625 0.4072265625 0.001953125 0.0029296875
1 0.7529296875 0.4091796875 0.001953125 0.00390625
1 0.7314453125 0.41015625 0.001953125 0.00390625
1 0.708984375 0.4130859375 0.0029296875 0.0048828125
1 0.703125 0.4130859375 0.0029296875 0.00390625
1 0.7392578125 0.4130859375 0.0029296875 0.0048828125
1 0.873046875 0.41015625 0.005859375 0.0068359375
1 0.95703125 0.408203125 0.0068359375 0.0078125