1 0.3095703125 0.4189453125 0.00390625 0.0048828125
1 0.3330078125 0.4208984375 0.00390625 0.0048828125
1 0.3603515625 0.423828125 0.00390625 0.005859375
1 0.392578125 0.42578125 0.00390625 0.005859375
1 0.431640625 0.4296875 0.0048828125 0.0068359375
1 0.48046875 0.4326171875 0.005859375 0.0078125
1 0.5419921875 0.4375 0.0068359375 0.0087890625
1 0.62109375 0.4453125 0.005859375 0.0078125
1 0.7265625 0.453125 0.0087890625 0.0107421875
1 0.87890625 0.4658203125 0.0126953125 0.013671875
1 0.009765625 0.4052734375 0.00390625 0.0048828125
1 0.1103515625 0.408203125 0.0029296875 0.00390625
1 0.19921875 0.412109375 0.001953125 0.00390625
1 0.2333984375 0.4140625 0.001953125 0.0029296875
1 0.255859375 0.4150390625 0.0029296875 0.00390625
1 0.271484375 0.416015625 0.0029296875 0.00390625
2 0.205078125 0.4130859375 0.0029296875 0.00390625
2 0.216796875 0.4140625 0.0029296875 0.00390625
2 0.23046875 0.416015625 0.0029296875 0.0048828125
2 0.2470703125 0.4169921875 0.00390625 0.0048828125
2 0.265625 0.4189453125 0.0048828125 0.005859375
2 0.2890625 0.4208984375 0.0048828125 0.0068359375
2 0.3154296875 0.423828125 0.0048828125 0.0068359375
2 0.3486328125 0.427734375 0.005859375 0.0078125
2 0.390625 0.4306640625 0.0068359375 0.0087890625
2 0.4443359375 0.435546875 0.0078125 0.009765625
2 0.517578125 0.443359375 0.0087890625 0.01171875
2 0.6201171875 0.453125 0.0107421875 0.013671875
2 0.78125 0.46875 0.013671875 0.017578125
2 0.537109375 0.552734375 0.05078125 0.060546875
2 0.29296875 0.4775390625 0.0283203125 0.0322265625
2 0.2060546875 0.451171875 0.0185546875 0.021484375
2 0.16015625 0.4384765625 0.013671875 0.0166015625
2 0.1328125 0.4296875 0.0107421875 0.0126953125
2 0.11328125 0.4248046875 0.0087890625 0.0107421875
2 0.099609375 0.419921875 0.0078125 0.009765625
2 0.0888671875 0.4169921875 0.0068359375 0.0078125
2 0.0810546875 0.4140625 0.0048828125 0.0068359375
2 0.0751953125 0.412109375 0.00390625 0.005859375
2 0.0693359375 0.4111328125 0.00390625 0.005859375
2 0.064453125 0.4091796875 0.0029296875 0.0048828125
2 0.060546875 0.408203125 0.0029296875 0.00390625
2 0.0791015625 0.408203125 0.0029296875 0.00390625
2 0.125 0.4091796875 0.0029296875 0.00390625
2 0.171875 0.4111328125 0.0029296875 0.00390625