1 0.9697265625 0.4609375 0.00390625 0.005859375
1 0.9111328125 0.458984375 0.00390625 0.005859375
1 0.8544921875 0.4580078125 0.00390625 0.005859375
1 0.8037109375 0.4560546875 0.00390625 0.005859375
1 0.7490234375 0.455078125 0.00390625 0.005859375
1 0.6953125 0.453125 0.0048828125 0.005859375
1 0.6494140625 0.4521484375 0.0048828125 0.0068359375
1 0.572265625 0.44921875 0.005859375 0.0078125
1 0.490234375 0.4462890625 0.0048828125 0.0068359375
1 0.4072265625 0.443359375 0.0048828125 0.0068359375
1 0.3115234375 0.4404296875 0.0048828125 0.0078125
1 0.2021484375 0.4365234375 0.005859375 0.0078125
1 0.0771484375 0.4326171875 0.0068359375 0.0087890625
2 0.0537109375 0.4384765625 0.01171875 0.0166015625
1 0.111328125 0.4638671875 0.0185546875 0.0205078125
1 0.2412109375 0.4775390625 0.0185546875 0.0224609375
1 0.173828125 0.501953125 0.033203125 0.03515625
2 0.6083984375 0.5908203125 0.0546875 0.064453125
2 0.5595703125 0.515625 0.0302734375 0.037109375
2 0.525390625 0.4873046875 0.01953125 0.0234375
2 0.47265625 0.474609375 0.015625 0.0185546875
2 0.35546875 0.4619140625 0.0146484375 0.015625
2 0.2509765625 0.4521484375 0.01171875 0.0146484375
2 0.1455078125 0.4462890625 0.0126953125 0.0146484375
2 0.13671875 0.435546875 0.0078125 0.009765625
2 0.220703125 0.4375 0.0068359375 0.0087890625
2 0.322265625 0.44140625 0.0068359375 0.0087890625
2 0.4228515625 0.4443359375 0.005859375 0.0087890625
2 0.513671875 0.447265625 0.005859375 0.0078125
2 0.587890625 0.4501953125 0.0048828125 0.0078125
2 0.6572265625 0.453125 0.0048828125 0.0078125
2 0.7275390625 0.455078125 0.005859375 0.0078125
2 0.7724609375 0.45703125 0.0048828125 0.0068359375
2 0.818359375 0.4580078125 0.00390625 0.005859375
2 0.8662109375 0.458984375 0.00390625 0.005859375
2 0.90625 0.4599609375 0.00390625 0.005859375
2 0.9462890625 0.4609375 0.00390625 0.0068359375
2 0.97265625 0.462890625 0.00390625 0.005859375
2 0.9970703125 0.470703125 0.005859375 0.0087890625
2 0.9892578125 0.466796875 0.0048828125 0.0068359375
2 0.9814453125 0.46484375 0.00390625 0.005859375