2 0.9677734375 0.5673828125 0.0634765625 0.06640625
2 0.654296875 0.4970703125 0.0263671875 0.033203125
2 0.453125 0.474609375 0.0166015625 0.021484375
2 0.3125 0.466796875 0.0126953125 0.0166015625
2 0.19140625 0.462890625 0.01171875 0.0146484375
2 0.0859375 0.4609375 0.009765625 0.013671875
2 0.0576171875 0.4560546875 0.009765625 0.01171875
2 0.0732421875 0.4521484375 0.0078125 0.0087890625
2 0.08984375 0.44921875 0.005859375 0.0078125
2 0.1025390625 0.447265625 0.0048828125 0.0068359375
2 0.11328125 0.4453125 0.00390625 0.005859375
2 0.1201171875 0.4443359375 0.0029296875 0.0048828125
2 0.1259765625 0.4423828125 0.0029296875 0.00390625
2 0.130859375 0.44140625 0.001953125 0.00390625
2 0.1357421875 0.44140625 0.001953125 0.0029296875
2 0.1484375 0.4404296875 0.0029296875 0.00390625
2 0.1708984375 0.439453125 0.001953125 0.00390625
2 0.2099609375 0.4384765625 0.001953125 0.00390625
2 0.248046875 0.4375 0.001953125 0.0029296875
2 0.2822265625 0.4375 0.001953125 0.00390625
2 0.2890625 0.4375 0.0029296875 0.00390625
2 0.2861328125 0.4384765625 0.0029296875 0.00390625
2 0.26953125 0.439453125 0.0029296875 0.00390625
2 0.23828125 0.44140625 0.0029296875 0.0048828125
2 0.2099609375 0.4423828125 0.00390625 0.005859375
2 0.1865234375 0.4443359375 0.0048828125 0.005859375
2 0.197265625 0.4453125 0.0048828125 0.0068359375
2 0.2373046875 0.4462890625 0.005859375 0.0078125
2 0.2939453125 0.4462890625 0.005859375 0.0078125
2 0.35546875 0.447265625 0.005859375 0.0078125
2 0.423828125 0.4482421875 0.0078125 0.009765625
2 0.478515625 0.451171875 0.0078125 0.0107421875
2 0.546875 0.4560546875 0.0107421875 0.013671875
2 0.6572265625 0.4638671875 0.0146484375 0.0166015625
2 0.8466796875 0.4775390625 0.021484375 0.0244140625
1 0.2041015625 0.5732421875 0.0556640625 0.064453125
1 0.2099609375 0.49609375 0.0244140625 0.029296875
1 0.138671875 0.478515625 0.0185546875 0.021484375
1 0.0068359375 0.4482421875 0.005859375 0.0078125
1 0.0244140625 0.4462890625 0.0048828125 0.005859375
1 0.041015625 0.4443359375 0.0048828125 0.005859375
1 0.0537109375 0.443359375 0.00390625 0.0048828125
1 0.06640625 0.4423828125 0.0029296875 0.00390625
1 0.076171875 0.44140625 0.0029296875 0.00390625
1 0.0849609375 0.4404296875 0.0029296875 0.00390625
1 0.11328125 0.439453125 0.001953125 0.0029296875
1 0.1513671875 0.4384765625 0.001953125 0.00390625
1 0.2001953125 0.4375 0.001953125 0.0029296875
1 0.25 0.4375 0.001953125 0.0029296875
1 0.296875 0.4375 0.001953125 0.0029296875
1 0.3203125 0.4375 0.001953125 0.0029296875
1 0.3349609375 0.4375 0.0029296875 0.0029296875
1 0.34375 0.4384765625 0.0029296875 0.00390625
1 0.3251953125 0.4384765625 0.0029296875 0.00390625
1 0.30078125 0.4404296875 0.0029296875 0.00390625
1 0.271484375 0.44140625 0.0029296875 0.0048828125
1 0.26171875 0.4423828125 0.00390625 0.005859375
1 0.263671875 0.443359375 0.00390625 0.005859375
1 0.2978515625 0.4443359375 0.00390625 0.005859375
1 0.3583984375 0.4443359375 0.0048828125 0.0068359375
1 0.4326171875 0.4443359375 0.005859375 0.0078125
1 0.5068359375 0.4453125 0.0068359375 0.0087890625
1 0.564453125 0.4482421875 0.0078125 0.0087890625
1 0.6484375 0.4521484375 0.0087890625 0.01171875
1 0.765625 0.4580078125 0.01171875 0.0146484375
1 0.984375 0.4677734375 0.0185546875 0.0205078125