1 0.859375 0.4384765625 0.0166015625 0.0185546875
1 0.890625 0.4267578125 0.01171875 0.013671875
1 0.9111328125 0.4189453125 0.009765625 0.01171875
1 0.927734375 0.4130859375 0.0078125 0.009765625
1 0.8125 0.4580078125 0.0166015625 0.02734375
1 0.9560546875 0.40234375 0.00390625 0.0048828125
0 0.796875 0.4501953125 0.03125 0.046875
0 0.814453125 0.447265625 0.03125 0.0439453125
1 0.69921875 0.49609375 0.0361328125 0.0439453125
1 0.9482421875 0.41015625 0.005859375 0.0087890625
1 0.96875 0.4033203125 0.005859375 0.0068359375