2 0.9775390625 0.4501953125 0.009765625 0.01171875
2 0.85546875 0.5439453125 0.0517578125 0.05859375
2 0.6806640625 0.4873046875 0.0224609375 0.02734375
2 0.6259765625 0.46875 0.013671875 0.017578125
2 0.6083984375 0.458984375 0.009765625 0.0126953125
2 0.6474609375 0.453125 0.0078125 0.0107421875
2 0.7353515625 0.4501953125 0.0078125 0.009765625
2 0.8466796875 0.4501953125 0.0078125 0.009765625
1 0.8330078125 0.447265625 0.005859375 0.0078125
1 0.9443359375 0.447265625 0.0087890625 0.009765625
1 0.3095703125 0.53125 0.041015625 0.0458984375
1 0.380859375 0.4892578125 0.021484375 0.025390625
1 0.419921875 0.4697265625 0.0126953125 0.0166015625
1 0.4462890625 0.4609375 0.0107421875 0.0126953125
1 0.486328125 0.455078125 0.0078125 0.0107421875
1 0.5546875 0.451171875 0.0078125 0.0087890625
1 0.642578125 0.44921875 0.005859375 0.0078125
1 0.7216796875 0.447265625 0.005859375 0.0078125