1 0.0537109375 0.4267578125 0.0126953125 0.0146484375
1 0.119140625 0.423828125 0.0107421875 0.0126953125
1 0.1103515625 0.4208984375 0.0087890625 0.01171875
1 0.052734375 0.41796875 0.0087890625 0.0107421875
1 0.041015625 0.40625 0.0048828125 0.005859375
1 0.0859375 0.4072265625 0.00390625 0.005859375
1 0.125 0.408203125 0.0048828125 0.005859375
1 0.1650390625 0.4091796875 0.00390625 0.00390625
1 0.2158203125 0.4111328125 0.00390625 0.005859375
1 0.263671875 0.4130859375 0.00390625 0.00390625
1 0.328125 0.4150390625 0.0029296875 0.00390625
1 0.375 0.4169921875 0.0029296875 0.00390625
1 0.4208984375 0.4189453125 0.0029296875 0.00390625
1 0.4599609375 0.421875 0.0029296875 0.00390625
1 0.4931640625 0.423828125 0.00390625 0.005859375
1 0.5556640625 0.427734375 0.00390625 0.005859375
1 0.609375 0.431640625 0.0048828125 0.0068359375
1 0.69921875 0.4384765625 0.0048828125 0.0068359375
1 0.794921875 0.4453125 0.0078125 0.0087890625
1 0.8525390625 0.451171875 0.0078125 0.009765625
1 0.8994140625 0.4580078125 0.0107421875 0.0126953125
1 0.978515625 0.470703125 0.015625 0.017578125
2 0.6787109375 0.5986328125 0.0625 0.0498046875
2 0.2841796875 0.48046875 0.0283203125 0.0341796875
2 0.1943359375 0.4365234375 0.0146484375 0.0185546875
2 0.265625 0.4296875 0.009765625 0.0126953125
2 0.2548828125 0.4248046875 0.0078125 0.0107421875
2 0.1826171875 0.419921875 0.0078125 0.0087890625
2 0.09375 0.4150390625 0.0068359375 0.0087890625
2 0.078125 0.412109375 0.005859375 0.0078125
2 0.0712890625 0.4091796875 0.0048828125 0.0068359375
2 0.10546875 0.4091796875 0.0048828125 0.005859375
2 0.162109375 0.4111328125 0.00390625 0.005859375
2 0.212890625 0.412109375 0.00390625 0.005859375
2 0.2685546875 0.4140625 0.00390625 0.0048828125
2 0.3251953125 0.416015625 0.00390625 0.0048828125
2 0.8017578125 0.478515625 0.0205078125 0.0234375
2 0.767578125 0.462890625 0.0146484375 0.017578125
2 0.7421875 0.453125 0.01171875 0.0146484375
2 0.712890625 0.4453125 0.0087890625 0.0107421875
2 0.65234375 0.4384765625 0.0078125 0.009765625
2 0.58984375 0.43359375 0.0068359375 0.0078125
2 0.53125 0.4296875 0.0048828125 0.0068359375
2 0.4794921875 0.42578125 0.0048828125 0.0068359375
2 0.4326171875 0.421875 0.00390625 0.005859375
2 0.40234375 0.419921875 0.00390625 0.0048828125
2 0.3642578125 0.41796875 0.00390625 0.0048828125
2 0.1943359375 0.44921875 0.0205078125 0.0224609375