1 0.1923828125 0.5869140625 0.0654296875 0.068359375
1 0.36328125 0.5029296875 0.025390625 0.03125
1 0.4189453125 0.4765625 0.0146484375 0.0185546875
1 0.4453125 0.46484375 0.0107421875 0.013671875
1 0.462890625 0.4580078125 0.0078125 0.0107421875
1 0.4814453125 0.4541015625 0.0068359375 0.0078125
1 0.5322265625 0.451171875 0.005859375 0.0078125
1 0.564453125 0.44921875 0.0048828125 0.0068359375
1 0.560546875 0.4482421875 0.00390625 0.005859375
1 0.5322265625 0.447265625 0.00390625 0.005859375
1 0.4970703125 0.447265625 0.00390625 0.005859375
1 0.4853515625 0.447265625 0.00390625 0.005859375
1 0.490234375 0.4443359375 0.0029296875 0.00390625
1 0.501953125 0.443359375 0.0029296875 0.00390625
1 0.5263671875 0.443359375 0.001953125 0.00390625
1 0.5517578125 0.4423828125 0.001953125 0.00390625
1 0.576171875 0.4423828125 0.0029296875 0.00390625
1 0.6015625 0.44140625 0.0029296875 0.00390625
1 0.6376953125 0.4404296875 0.0029296875 0.00390625
1 0.7275390625 0.439453125 0.001953125 0.00390625
1 0.76953125 0.439453125 0.0029296875 0.00390625
2 0.98046875 0.5712890625 0.0380859375 0.0693359375
2 0.7275390625 0.498046875 0.02734375 0.03125
2 0.6474609375 0.474609375 0.015625 0.01953125
2 0.607421875 0.4619140625 0.0107421875 0.013671875
2 0.587890625 0.4560546875 0.0078125 0.0107421875
2 0.595703125 0.4521484375 0.0068359375 0.0087890625
2 0.6552734375 0.591796875 0.005859375 0.0078125
2 0.64453125 0.4482421875 0.0068359375 0.0087890625
2 0.603515625 0.4462890625 0.0048828125 0.005859375
2 0.5537109375 0.4462890625 0.00390625 0.005859375
2 0.5458984375 0.4453125 0.00390625 0.0048828125
2 0.5419921875 0.443359375 0.0029296875 0.00390625
2 0.5634765625 0.443359375 0.00390625 0.0048828125
2 0.599609375 0.4423828125 0.0029296875 0.0048828125
2 0.6337890625 0.44140625 0.0029296875 0.00390625
2 0.6767578125 0.44140625 0.00390625 0.00390625
2 0.7216796875 0.4404296875 0.00390625 0.0048828125
2 0.9619140625 0.4697265625 0.0185546875 0.01953125
2 0.9267578125 0.4609375 0.013671875 0.0146484375
2 0.9736328125 0.4560546875 0.01171875 0.013671875
2 0.9931640625 0.4453125 0.0078125 0.0087890625
2 0.9404296875 0.4443359375 0.005859375 0.0078125
2 0.890625 0.443359375 0.0048828125 0.0068359375
2 0.84765625 0.4423828125 0.0048828125 0.005859375
2 0.810546875 0.44140625 0.0048828125 0.005859375
2 0.787109375 0.4404296875 0.00390625 0.005859375
2 0.7548828125 0.4404296875 0.00390625 0.005859375
1 0.876953125 0.439453125 0.00390625 0.005859375
1 0.93359375 0.4404296875 0.00390625 0.0068359375
1 0.9853515625 0.44140625 0.0048828125 0.0068359375