1 0.650390625 0.4375 0.001953125 0.0029296875
1 0.6611328125 0.439453125 0.001953125 0.0029296875
1 0.6728515625 0.4404296875 0.001953125 0.0029296875
1 0.7021484375 0.443359375 0.0029296875 0.00390625
1 0.720703125 0.4453125 0.0029296875 0.00390625
1 0.7421875 0.4482421875 0.00390625 0.0048828125
1 0.76953125 0.4501953125 0.0048828125 0.005859375
1 0.8037109375 0.453125 0.0048828125 0.0068359375
1 0.8466796875 0.4580078125 0.005859375 0.0078125
1 0.904296875 0.4638671875 0.0078125 0.0087890625
1 0.9853515625 0.4716796875 0.0087890625 0.0107421875
1 0.1982421875 0.4677734375 0.025390625 0.0283203125
1 0.302734375 0.4521484375 0.015625 0.0185546875
1 0.3544921875 0.4453125 0.0107421875 0.0126953125
1 0.384765625 0.4404296875 0.0087890625 0.0107421875
1 0.40625 0.4375 0.005859375 0.0087890625
1 0.419921875 0.435546875 0.0048828125 0.0078125
1 0.431640625 0.43359375 0.00390625 0.005859375
1 0.4404296875 0.4326171875 0.00390625 0.005859375
1 0.447265625 0.431640625 0.0029296875 0.0048828125
1 0.453125 0.431640625 0.0029296875 0.00390625
1 0.4580078125 0.4306640625 0.001953125 0.00390625
1 0.4619140625 0.4296875 0.001953125 0.00390625
1 0.4892578125 0.427734375 0.001953125 0.001953125
1 0.626953125 0.435546875 0.001953125 0.001953125
2 0.583984375 0.4326171875 0.001953125 0.001953125
2 0.5869140625 0.43359375 0.001953125 0.001953125
2 0.591796875 0.43359375 0.001953125 0.0029296875
2 0.5966796875 0.4345703125 0.001953125 0.001953125
2 0.6015625 0.4345703125 0.001953125 0.0029296875
2 0.6083984375 0.435546875 0.001953125 0.0029296875
2 0.615234375 0.4365234375 0.001953125 0.0029296875
2 0.623046875 0.4375 0.001953125 0.00390625
2 0.6318359375 0.4384765625 0.0029296875 0.00390625
2 0.642578125 0.4404296875 0.0029296875 0.00390625
2 0.654296875 0.44140625 0.0029296875 0.0048828125
2 0.669921875 0.443359375 0.00390625 0.0048828125
2 0.6884765625 0.4462890625 0.00390625 0.005859375
2 0.7119140625 0.4482421875 0.0048828125 0.0068359375
2 0.7412109375 0.453125 0.005859375 0.0078125
2 0.78125 0.4580078125 0.0068359375 0.0087890625
2 0.837890625 0.46484375 0.0078125 0.0107421875
2 0.923828125 0.4755859375 0.01171875 0.0146484375
2 0.6826171875 0.5615234375 0.0478515625 0.0595703125
2 0.59765625 0.4892578125 0.021484375 0.0283203125
2 0.560546875 0.4658203125 0.013671875 0.0185546875
2 0.5458984375 0.4560546875 0.009765625 0.013671875
2 0.537109375 0.44921875 0.0078125 0.0107421875
2 0.5302734375 0.4443359375 0.005859375 0.0078125
2 0.5263671875 0.44140625 0.00390625 0.0068359375
2 0.5244140625 0.439453125 0.00390625 0.005859375
2 0.5205078125 0.4365234375 0.00390625 0.0048828125
2 0.5166015625 0.4345703125 0.00390625 0.0048828125
2 0.513671875 0.431640625 0.00390625 0.0048828125
2 0.509765625 0.4287109375 0.0029296875 0.00390625
2 0.5673828125 0.431640625 0.001953125 0.0029296875