2 0.0869140625 0.47265625 0.033203125 0.03515625
2 0.96484375 0.4638671875 0.0126953125 0.0146484375
2 0.3544921875 0.5341796875 0.052734375 0.0576171875
2 0.0771484375 0.4228515625 0.009765625 0.01171875
2 0.783203125 0.4560546875 0.0107421875 0.013671875
2 0.51171875 0.4384765625 0.0087890625 0.0107421875
2 0.6162109375 0.447265625 0.009765625 0.013671875
2 0.1357421875 0.4208984375 0.0087890625 0.009765625
1 0.986328125 0.458984375 0.0107421875 0.0126953125
1 0.05078125 0.4130859375 0.0068359375 0.0078125
1 0.775390625 0.4501953125 0.0078125 0.009765625
1 0.060546875 0.416015625 0.0078125 0.0087890625
1 0.0087890625 0.41015625 0.005859375 0.0078125
1 0.5419921875 0.4326171875 0.005859375 0.0078125
2 0.466796875 0.431640625 0.0068359375 0.0087890625
1 0.888671875 0.4541015625 0.0087890625 0.01171875
2 0.1083984375 0.412109375 0.005859375 0.0068359375
1 0.4755859375 0.427734375 0.0048828125 0.0068359375
2 0.056640625 0.41015625 0.0048828125 0.0068359375
2 0.1806640625 0.419921875 0.0078125 0.0087890625
2 0.123046875 0.408203125 0.00390625 0.005859375
1 0.587890625 0.4375 0.0068359375 0.0087890625
2 0.1474609375 0.4150390625 0.005859375 0.0078125
1 0.6318359375 0.4423828125 0.0078125 0.009765625
1 0.130859375 0.4072265625 0.0029296875 0.00390625
2 0.064453125 0.4052734375 0.0029296875 0.0048828125
2 0.2421875 0.416015625 0.0048828125 0.005859375
2 0.3486328125 0.423828125 0.005859375 0.0068359375
2 0.1767578125 0.412109375 0.00390625 0.005859375
1 0.6884765625 0.4453125 0.0078125 0.009765625
2 0.005859375 0.4033203125 0.00390625 0.0048828125
2 0.1005859375 0.4072265625 0.00390625 0.0048828125
1 0.3525390625 0.4208984375 0.00390625 0.0048828125
2 0.4150390625 0.427734375 0.005859375 0.0078125
2 0.177734375 0.41796875 0.005859375 0.0078125
2 0.287109375 0.419921875 0.0048828125 0.005859375
2 0.1474609375 0.41015625 0.00390625 0.005859375
1 0.1806640625 0.41015625 0.0029296875 0.0048828125
1 0.0947265625 0.4052734375 0.0029296875 0.0048828125
1 0.236328125 0.4140625 0.00390625 0.0048828125
1 0.4130859375 0.4248046875 0.00390625 0.005859375
1 0.0244140625 0.4033203125 0.0029296875 0.0029296875
2 0.205078125 0.4140625 0.00390625 0.005859375
0 0.2001953125 0.412109375 0.005859375 0.009765625
0 0.2060546875 0.412109375 0.0068359375 0.009765625