1 0.6943359375 0.4296875 0.001953125 0.00390625
1 0.7197265625 0.431640625 0.0029296875 0.00390625
1 0.751953125 0.43359375 0.00390625 0.0048828125
1 0.7939453125 0.4365234375 0.00390625 0.005859375
1 0.8408203125 0.439453125 0.005859375 0.0068359375
1 0.892578125 0.4443359375 0.005859375 0.0068359375
1 0.9111328125 0.447265625 0.0068359375 0.0087890625
1 0.92578125 0.4501953125 0.0078125 0.009765625
1 0.9736328125 0.4541015625 0.0087890625 0.009765625
1 0.1240234375 0.4609375 0.02734375 0.02734375
1 0.2490234375 0.4404296875 0.013671875 0.015625
1 0.2880859375 0.43359375 0.0107421875 0.0126953125
1 0.3193359375 0.427734375 0.0078125 0.009765625
1 0.353515625 0.42578125 0.005859375 0.0078125
1 0.3916015625 0.42578125 0.005859375 0.0078125
1 0.4404296875 0.4267578125 0.00390625 0.005859375
1 0.4931640625 0.4267578125 0.00390625 0.005859375
1 0.5341796875 0.4267578125 0.00390625 0.005859375
1 0.5185546875 0.4248046875 0.0029296875 0.00390625
1 0.4921875 0.4228515625 0.0029296875 0.00390625
1 0.67578125 0.4287109375 0.0029296875 0.00390625
1 0.658203125 0.427734375 0.001953125 0.0029296875
1 0.5166015625 0.4208984375 0.001953125 0.0029296875
1 0.4892578125 0.4189453125 0.001953125 0.0029296875
1 0.4619140625 0.4189453125 0.0029296875 0.00390625
1 0.4296875 0.4169921875 0.001953125 0.0029296875
1 0.40234375 0.4169921875 0.0029296875 0.0029296875
1 0.3828125 0.4169921875 0.00390625 0.00390625
1 0.37890625 0.416015625 0.00390625 0.00390625
1 0.400390625 0.41796875 0.0029296875 0.00390625
1 0.4296875 0.4189453125 0.001953125 0.00390625
1 0.462890625 0.4208984375 0.0029296875 0.00390625
2 0.58984375 0.4248046875 0.001953125 0.0029296875
2 0.6015625 0.4248046875 0.001953125 0.0029296875
2 0.6142578125 0.42578125 0.001953125 0.00390625
2 0.62890625 0.427734375 0.001953125 0.00390625
2 0.6435546875 0.4287109375 0.0029296875 0.00390625
2 0.6640625 0.4296875 0.0029296875 0.0048828125
2 0.6904296875 0.431640625 0.0029296875 0.0048828125
2 0.7265625 0.4345703125 0.00390625 0.005859375
2 0.76953125 0.4375 0.0048828125 0.0068359375
2 0.796875 0.4443359375 0.0068359375 0.0087890625
2 0.8486328125 0.4501953125 0.0087890625 0.0107421875
2 0.99609375 0.4599609375 0.0078125 0.0126953125
2 0.5703125 0.4228515625 0.001953125 0.0029296875
2 0.5380859375 0.421875 0.001953125 0.0029296875
2 0.5048828125 0.419921875 0.001953125 0.00390625
2 0.46875 0.4189453125 0.0029296875 0.00390625
2 0.4375 0.41796875 0.001953125 0.00390625
2 0.4208984375 0.41796875 0.0029296875 0.00390625
2 0.4228515625 0.41796875 0.0029296875 0.00390625
2 0.4443359375 0.4189453125 0.0029296875 0.00390625
2 0.4775390625 0.4208984375 0.001953125 0.00390625
2 0.513671875 0.4228515625 0.0029296875 0.00390625
2 0.548828125 0.4248046875 0.0029296875 0.00390625
2 0.5751953125 0.4267578125 0.0029296875 0.00390625
2 0.5927734375 0.427734375 0.0029296875 0.0048828125
2 0.60546875 0.4296875 0.0029296875 0.005859375
2 0.5986328125 0.4306640625 0.00390625 0.005859375
2 0.5634765625 0.4306640625 0.0048828125 0.005859375
2 0.5234375 0.4296875 0.0048828125 0.0068359375
2 0.4697265625 0.4296875 0.005859375 0.0078125
2 0.435546875 0.43359375 0.0078125 0.0107421875
2 0.4404296875 0.439453125 0.0087890625 0.01171875
2 0.4501953125 0.44921875 0.0126953125 0.0166015625
2 0.4658203125 0.4697265625 0.01953125 0.025390625
2 0.5087890625 0.5146484375 0.037109375 0.044921875
0 0.7314453125 0.4267578125 0.0048828125 0.0078125