1 0.2216796875 0.412109375 0.0029296875 0.00390625
1 0.23828125 0.4130859375 0.0029296875 0.00390625
1 0.2568359375 0.4150390625 0.0029296875 0.00390625
1 0.2763671875 0.4169921875 0.00390625 0.0048828125
1 0.30078125 0.4189453125 0.00390625 0.005859375
1 0.3291015625 0.4208984375 0.00390625 0.005859375
1 0.3623046875 0.423828125 0.00390625 0.005859375
1 0.40234375 0.4267578125 0.0048828125 0.0068359375
1 0.4501953125 0.4306640625 0.005859375 0.0078125
1 0.5107421875 0.4365234375 0.005859375 0.0087890625
1 0.58984375 0.4423828125 0.005859375 0.0087890625
1 0.693359375 0.4521484375 0.0087890625 0.01171875
1 0.8388671875 0.4638671875 0.01171875 0.013671875
2 0.99609375 0.49609375 0.0078125 0.0185546875
1 0.0537109375 0.4013671875 0.0029296875 0.00390625
1 0.1826171875 0.408203125 0.001953125 0.0029296875
1 0.20703125 0.4111328125 0.001953125 0.0029296875
2 0.1455078125 0.4072265625 0.001953125 0.0029296875
2 0.1552734375 0.408203125 0.0029296875 0.00390625
2 0.1669921875 0.41015625 0.001953125 0.00390625
2 0.1796875 0.4111328125 0.0029296875 0.00390625
2 0.1943359375 0.4130859375 0.0029296875 0.00390625
2 0.2109375 0.4140625 0.00390625 0.0048828125
2 0.2294921875 0.416015625 0.00390625 0.005859375
2 0.2529296875 0.41796875 0.0048828125 0.0068359375
2 0.2802734375 0.4208984375 0.005859375 0.0068359375
2 0.3134765625 0.4248046875 0.005859375 0.0078125
2 0.3564453125 0.4287109375 0.0068359375 0.0087890625
2 0.412109375 0.43359375 0.0078125 0.009765625
2 0.484375 0.44140625 0.0087890625 0.01171875
2 0.5859375 0.4521484375 0.0107421875 0.013671875
2 0.740234375 0.4677734375 0.013671875 0.017578125
2 0.4892578125 0.5517578125 0.0498046875 0.0634765625
2 0.25 0.4765625 0.02734375 0.0322265625
2 0.1640625 0.4482421875 0.0185546875 0.021484375
2 0.1181640625 0.4345703125 0.0146484375 0.0166015625
2 0.0888671875 0.42578125 0.0107421875 0.013671875
2 0.0703125 0.419921875 0.009765625 0.01171875
2 0.056640625 0.416015625 0.0078125 0.009765625
2 0.046875 0.4130859375 0.0068359375 0.0087890625
2 0.0380859375 0.41015625 0.0048828125 0.0068359375
2 0.03125 0.408203125 0.0048828125 0.005859375
2 0.025390625 0.4072265625 0.00390625 0.005859375
2 0.0205078125 0.4052734375 0.00390625 0.0048828125
2 0.0166015625 0.404296875 0.0029296875 0.00390625
2 0.0244140625 0.40234375 0.0029296875 0.00390625
2 0.06640625 0.4033203125 0.0029296875 0.00390625
2 0.109375 0.4052734375 0.001953125 0.0029296875