1 0.9921875 0.4775390625 0.0087890625 0.009765625
1 0.8984375 0.46875 0.0078125 0.009765625
1 0.83203125 0.4619140625 0.005859375 0.0078125
1 0.7607421875 0.4560546875 0.005859375 0.0068359375
1 0.6953125 0.451171875 0.0048828125 0.0068359375
1 0.626953125 0.447265625 0.005859375 0.0068359375
1 0.51953125 0.4462890625 0.005859375 0.0078125
1 0.4482421875 0.447265625 0.005859375 0.0078125
1 0.37890625 0.4453125 0.0068359375 0.0087890625
1 0.3017578125 0.4404296875 0.0068359375 0.0087890625
1 0.2373046875 0.4365234375 0.005859375 0.0078125
2 0.03515625 0.4443359375 0.005859375 0.0126953125
2 0.0751953125 0.4296875 0.0078125 0.009765625
2 0.1630859375 0.43359375 0.0078125 0.0107421875
2 0.23046875 0.4384765625 0.0068359375 0.0087890625
2 0.3134765625 0.4443359375 0.0078125 0.0107421875
2 0.3935546875 0.4482421875 0.0078125 0.0107421875
2 0.4873046875 0.451171875 0.0068359375 0.009765625
2 0.541015625 0.4501953125 0.0068359375 0.0087890625
2 0.568359375 0.44921875 0.0068359375 0.0078125
2 0.595703125 0.44921875 0.005859375 0.0078125
2 0.650390625 0.4501953125 0.005859375 0.0078125
2 0.7109375 0.4541015625 0.005859375 0.0078125
2 0.7548828125 0.4580078125 0.005859375 0.0078125
2 0.7998046875 0.462890625 0.0078125 0.009765625
2 0.8671875 0.4697265625 0.0087890625 0.0126953125
2 0.9833984375 0.48046875 0.0107421875 0.0146484375
2 0.08984375 0.458984375 0.0185546875 0.0205078125
2 0.19921875 0.482421875 0.025390625 0.029296875
2 0.3984375 0.5439453125 0.048828125 0.0556640625
0 0.0341796875 0.44140625 0.0146484375 0.0283203125
0 0.0439453125 0.443359375 0.017578125 0.02734375