2 0.443359375 0.556640625 0.0546875 0.068359375
2 0.5341796875 0.4814453125 0.0283203125 0.033203125
2 0.646484375 0.4619140625 0.017578125 0.021484375
2 0.71484375 0.4541015625 0.013671875 0.0166015625
2 0.771484375 0.44921875 0.0107421875 0.013671875
2 0.7900390625 0.4453125 0.0087890625 0.01171875
2 0.7744140625 0.44140625 0.0078125 0.0107421875
2 0.724609375 0.435546875 0.005859375 0.0078125
2 0.6689453125 0.4306640625 0.0048828125 0.0068359375
2 0.6162109375 0.427734375 0.00390625 0.005859375
2 0.568359375 0.423828125 0.00390625 0.005859375
2 0.5478515625 0.4208984375 0.0029296875 0.005859375
2 0.5439453125 0.419921875 0.00390625 0.005859375
2 0.54296875 0.416015625 0.0029296875 0.00390625
2 0.5478515625 0.416015625 0.001953125 0.0029296875
2 0.5595703125 0.416015625 0.001953125 0.0029296875
2 0.583984375 0.4169921875 0.0029296875 0.00390625
2 0.609375 0.419921875 0.001953125 0.00390625
2 0.634765625 0.419921875 0.0029296875 0.0029296875
2 0.6396484375 0.419921875 0.001953125 0.0029296875
2 0.62890625 0.419921875 0.001953125 0.00390625
2 0.591796875 0.4208984375 0.0029296875 0.00390625
2 0.5830078125 0.419921875 0.0029296875 0.00390625
2 0.6171875 0.4228515625 0.0029296875 0.0048828125
2 0.65234375 0.4248046875 0.0029296875 0.0048828125
2 0.6884765625 0.4267578125 0.00390625 0.0048828125
2 0.7294921875 0.4296875 0.00390625 0.005859375
2 0.7587890625 0.4326171875 0.0048828125 0.005859375
2 0.7890625 0.435546875 0.0048828125 0.0068359375
2 0.8291015625 0.4404296875 0.005859375 0.0078125
2 0.8779296875 0.4453125 0.0078125 0.009765625
2 0.951171875 0.4521484375 0.009765625 0.01171875
1 0.20703125 0.4580078125 0.0263671875 0.02734375
1 0.4248046875 0.4482421875 0.015625 0.0205078125
1 0.5439453125 0.443359375 0.01171875 0.015625
1 0.6240234375 0.4404296875 0.0087890625 0.01171875
1 0.6611328125 0.4375 0.0078125 0.009765625
1 0.6455078125 0.43359375 0.005859375 0.0078125
1 0.611328125 0.4296875 0.0048828125 0.0068359375
1 0.5478515625 0.4248046875 0.0048828125 0.0068359375
1 0.5068359375 0.421875 0.0048828125 0.005859375
1 0.4853515625 0.4189453125 0.00390625 0.005859375
1 0.48828125 0.41796875 0.0029296875 0.00390625
1 0.4931640625 0.4169921875 0.0029296875 0.00390625
1 0.498046875 0.416015625 0.0029296875 0.00390625
1 0.50390625 0.4150390625 0.001953125 0.0029296875
1 0.6455078125 0.4189453125 0.001953125 0.001953125
1 0.6689453125 0.421875 0.001953125 0.001953125
1 0.650390625 0.4208984375 0.001953125 0.0029296875
1 0.630859375 0.421875 0.001953125 0.00390625
1 0.626953125 0.4208984375 0.001953125 0.0029296875
1 0.69140625 0.42578125 0.0029296875 0.00390625
1 0.740234375 0.4287109375 0.00390625 0.0048828125
1 0.787109375 0.431640625 0.00390625 0.005859375
1 0.818359375 0.4345703125 0.00390625 0.005859375
1 0.859375 0.4384765625 0.0048828125 0.0068359375
1 0.90625 0.443359375 0.0068359375 0.0078125
1 0.9765625 0.44921875 0.0078125 0.0087890625