2 0.1630859375 0.4013671875 0.00390625 0.0048828125
2 0.1953125 0.4033203125 0.00390625 0.005859375
2 0.2236328125 0.404296875 0.00390625 0.0068359375
2 0.2392578125 0.40625 0.00390625 0.005859375
2 0.2578125 0.4111328125 0.0068359375 0.0087890625
2 0.224609375 0.412109375 0.005859375 0.0087890625
2 0.203125 0.4140625 0.0078125 0.0107421875
2 0.2529296875 0.419921875 0.0087890625 0.01171875
2 0.3876953125 0.4306640625 0.01171875 0.0146484375
2 0.51171875 0.44140625 0.013671875 0.017578125
2 0.5439453125 0.4599609375 0.0205078125 0.025390625
2 0.529296875 0.5009765625 0.0380859375 0.0439453125
2 0.001953125 0.3955078125 0.00390625 0.005859375
1 0.1455078125 0.4013671875 0.0048828125 0.0048828125
1 0.1669921875 0.404296875 0.0048828125 0.0068359375
1 0.18359375 0.40625 0.005859375 0.0078125
1 0.1552734375 0.4072265625 0.0068359375 0.0087890625
1 0.0751953125 0.408203125 0.009765625 0.009765625
1 0.0234375 0.4091796875 0.01171875 0.01171875
1 0.0439453125 0.4150390625 0.013671875 0.0146484375
1 0.150390625 0.42578125 0.015625 0.0166015625
1 0.2548828125 0.4384765625 0.0185546875 0.0205078125
1 0.19140625 0.462890625 0.02734375 0.0322265625
1 0.0068359375 0.396484375 0.005859375 0.0068359375