1 0.384765625 0.546875 0.0498046875 0.0556640625
1 0.572265625 0.4921875 0.0234375 0.0283203125
1 0.626953125 0.474609375 0.0146484375 0.0205078125
1 0.5576171875 0.4638671875 0.01171875 0.0146484375
1 0.5068359375 0.4580078125 0.0087890625 0.0126953125
1 0.45703125 0.4521484375 0.0078125 0.009765625
1 0.4931640625 0.44921875 0.005859375 0.0087890625
1 0.53125 0.4453125 0.00390625 0.005859375
1 0.55859375 0.4462890625 0.0048828125 0.0068359375
1 0.5107421875 0.443359375 0.00390625 0.005859375
1 0.498046875 0.44140625 0.00390625 0.005859375
1 0.5302734375 0.439453125 0.0029296875 0.00390625
1 0.544921875 0.439453125 0.001953125 0.00390625
1 0.51171875 0.4375 0.001953125 0.0029296875
1 0.5068359375 0.4375 0.001953125 0.0029296875
1 0.5244140625 0.4365234375 0.001953125 0.00390625
1 0.5126953125 0.435546875 0.001953125 0.0029296875
1 0.5185546875 0.4365234375 0.001953125 0.0029296875
1 0.5341796875 0.435546875 0.001953125 0.0029296875
1 0.556640625 0.4365234375 0.001953125 0.0029296875
1 0.5859375 0.4365234375 0.001953125 0.001953125
1 0.609375 0.4365234375 0.001953125 0.0029296875
1 0.6630859375 0.4375 0.001953125 0.0029296875
1 0.6748046875 0.4384765625 0.001953125 0.0029296875
1 0.6923828125 0.439453125 0.001953125 0.0029296875
1 0.705078125 0.439453125 0.001953125 0.00390625
1 0.7177734375 0.4404296875 0.001953125 0.00390625
1 0.7333984375 0.44140625 0.001953125 0.00390625
1 0.7529296875 0.4423828125 0.0029296875 0.0048828125
1 0.77734375 0.443359375 0.0029296875 0.00390625
1 0.8037109375 0.4453125 0.00390625 0.005859375
1 0.8359375 0.447265625 0.00390625 0.005859375
1 0.87890625 0.4482421875 0.0048828125 0.0068359375
1 0.9326171875 0.451171875 0.005859375 0.0078125
2 0.99609375 0.57421875 0.0078125 0.04296875
2 0.873046875 0.4931640625 0.02734375 0.0283203125
2 0.8076171875 0.4736328125 0.0166015625 0.0205078125
2 0.6845703125 0.462890625 0.01171875 0.0146484375
2 0.6181640625 0.45703125 0.0087890625 0.01171875
2 0.5751953125 0.453125 0.0078125 0.0107421875
2 0.6005859375 0.4501953125 0.005859375 0.0087890625
2 0.61328125 0.4482421875 0.005859375 0.0078125
2 0.6240234375 0.4462890625 0.0048828125 0.0078125
2 0.6044921875 0.4453125 0.0048828125 0.0068359375
2 0.572265625 0.443359375 0.00390625 0.005859375
2 0.5498046875 0.4423828125 0.0029296875 0.0048828125
2 0.56640625 0.44140625 0.0029296875 0.0048828125
2 0.578125 0.4404296875 0.0029296875 0.0048828125
2 0.583984375 0.4404296875 0.0029296875 0.00390625
2 0.5712890625 0.439453125 0.001953125 0.00390625
2 0.552734375 0.4384765625 0.001953125 0.0029296875
2 0.541015625 0.4384765625 0.001953125 0.0029296875
2 0.5478515625 0.4375 0.001953125 0.0029296875
2 0.5595703125 0.4375 0.001953125 0.0029296875
2 0.5673828125 0.4365234375 0.001953125 0.00390625
2 0.5732421875 0.4365234375 0.001953125 0.0029296875
2 0.6005859375 0.4365234375 0.001953125 0.0029296875
2 0.6171875 0.4365234375 0.001953125 0.0029296875
2 0.6298828125 0.4375 0.001953125 0.0029296875
2 0.6337890625 0.4375 0.001953125 0.001953125
2 0.638671875 0.4384765625 0.001953125 0.0029296875
2 0.64453125 0.4384765625 0.001953125 0.0029296875
2 0.6533203125 0.439453125 0.001953125 0.0029296875
2 0.662109375 0.439453125 0.001953125 0.00390625
2 0.6708984375 0.4404296875 0.0029296875 0.00390625
2 0.681640625 0.4404296875 0.0029296875 0.00390625
2 0.697265625 0.4423828125 0.00390625 0.0048828125
2 0.716796875 0.443359375 0.00390625 0.005859375
2 0.736328125 0.4443359375 0.00390625 0.005859375
2 0.7607421875 0.447265625 0.00390625 0.005859375
2 0.7919921875 0.4482421875 0.005859375 0.0078125
2 0.8330078125 0.451171875 0.0068359375 0.0078125
2 0.8916015625 0.4541015625 0.0078125 0.009765625
2 0.97265625 0.458984375 0.0107421875 0.01171875