1 0.0087890625 0.4091796875 0.005859375 0.0078125
1 0.048828125 0.408203125 0.0048828125 0.0068359375
1 0.0458984375 0.408203125 0.0048828125 0.0068359375
1 0.0126953125 0.4072265625 0.00390625 0.005859375
1 0.0078125 0.4013671875 0.001953125 0.00390625
1 0.04296875 0.40234375 0.0029296875 0.00390625
1 0.07421875 0.4033203125 0.00390625 0.00390625
1 0.10546875 0.404296875 0.0029296875 0.0048828125
1 0.1474609375 0.40625 0.00390625 0.00390625
1 0.2392578125 0.4091796875 0.0029296875 0.00390625
1 0.275390625 0.4111328125 0.001953125 0.0029296875
1 0.3095703125 0.4130859375 0.0029296875 0.0029296875
1 0.3349609375 0.4150390625 0.001953125 0.0029296875
1 0.38671875 0.41796875 0.001953125 0.00390625
1 0.4140625 0.419921875 0.0029296875 0.00390625
1 0.455078125 0.4228515625 0.00390625 0.0048828125
1 0.490234375 0.42578125 0.0029296875 0.0048828125
1 0.4970703125 0.427734375 0.00390625 0.005859375
1 0.4873046875 0.4296875 0.0048828125 0.005859375
1 0.46484375 0.4306640625 0.005859375 0.0078125
1 0.4423828125 0.4326171875 0.0068359375 0.0087890625
1 0.4833984375 0.4384765625 0.0087890625 0.0107421875
1 0.587890625 0.4462890625 0.0107421875 0.0126953125
1 0.7392578125 0.4560546875 0.0126953125 0.0146484375
1 0.912109375 0.4658203125 0.0146484375 0.0166015625
2 0.4892578125 0.57421875 0.05859375 0.0703125
2 0.2421875 0.478515625 0.0322265625 0.03515625
2 0.125 0.4365234375 0.0146484375 0.0185546875
2 0.09765625 0.427734375 0.01171875 0.0146484375
2 0.078125 0.419921875 0.0087890625 0.01171875
2 0.06640625 0.4150390625 0.0078125 0.009765625
2 0.0791015625 0.4130859375 0.0068359375 0.0087890625
2 0.1357421875 0.4130859375 0.005859375 0.0078125
2 0.1416015625 0.4111328125 0.0048828125 0.0068359375
2 0.0986328125 0.4091796875 0.0048828125 0.0068359375
2 0.041015625 0.40625 0.00390625 0.005859375
2 0.033203125 0.404296875 0.00390625 0.0048828125
2 0.029296875 0.4033203125 0.00390625 0.0048828125
2 0.056640625 0.4033203125 0.00390625 0.0048828125
2 0.1025390625 0.4052734375 0.00390625 0.00390625
2 0.142578125 0.4072265625 0.00390625 0.00390625
2 0.1884765625 0.408203125 0.0029296875 0.00390625
2 0.232421875 0.41015625 0.0029296875 0.00390625
2 0.8681640625 0.4755859375 0.0185546875 0.021484375
2 0.6171875 0.4609375 0.0146484375 0.0185546875
2 0.453125 0.447265625 0.0126953125 0.0166015625
2 0.3642578125 0.4375 0.0107421875 0.013671875
2 0.318359375 0.431640625 0.0087890625 0.01171875
2 0.3603515625 0.4267578125 0.005859375 0.0087890625
2 0.3916015625 0.42578125 0.005859375 0.0078125
2 0.4140625 0.4248046875 0.00390625 0.005859375
2 0.4052734375 0.421875 0.00390625 0.005859375
2 0.3798828125 0.419921875 0.00390625 0.0048828125
2 0.353515625 0.41796875 0.00390625 0.0048828125
2 0.3271484375 0.416015625 0.0029296875 0.00390625
2 0.3037109375 0.4140625 0.0029296875 0.0048828125
2 0.2861328125 0.4130859375 0.0029296875 0.00390625
2 0.26171875 0.4111328125 0.0029296875 0.00390625
0 0.1689453125 0.443359375 0.02734375 0.0390625
0 0.1796875 0.4462890625 0.03125 0.041015625
2 0.1728515625 0.4521484375 0.017578125 0.021484375