1 0.4384765625 0.4248046875 0.00390625 0.005859375
1 0.4775390625 0.4267578125 0.00390625 0.005859375
1 0.529296875 0.4306640625 0.00390625 0.005859375
1 0.5966796875 0.4345703125 0.0048828125 0.0068359375
1 0.6708984375 0.439453125 0.005859375 0.0078125
1 0.7568359375 0.4462890625 0.0068359375 0.0087890625
1 0.828125 0.453125 0.0087890625 0.0107421875
1 0.9013671875 0.4599609375 0.0107421875 0.0126953125
1 0.9892578125 0.466796875 0.0126953125 0.013671875
1 0.001953125 0.43212890625 0.00390625 0.0126953125
1 0.1064453125 0.4287109375 0.0107421875 0.0126953125
1 0.2021484375 0.4267578125 0.0078125 0.0107421875
1 0.259765625 0.4248046875 0.0068359375 0.0087890625
1 0.248046875 0.4228515625 0.005859375 0.0068359375
1 0.2109375 0.4189453125 0.005859375 0.0078125
1 0.1591796875 0.416015625 0.0048828125 0.0068359375
1 0.408203125 0.421875 0.00390625 0.0048828125
1 0.37890625 0.419921875 0.0029296875 0.00390625
1 0.30859375 0.416015625 0.0029296875 0.00390625
1 0.27734375 0.4150390625 0.001953125 0.00390625
1 0.21875 0.412109375 0.001953125 0.00390625
1 0.1689453125 0.41015625 0.0029296875 0.00390625
1 0.126953125 0.408203125 0.0029296875 0.0048828125
1 0.080078125 0.4072265625 0.00390625 0.0048828125
1 0.0263671875 0.40625 0.00390625 0.0048828125
1 0.037109375 0.41015625 0.0048828125 0.0068359375
1 0.1044921875 0.4130859375 0.0048828125 0.005859375
2 0.283203125 0.416015625 0.0029296875 0.00390625
2 0.3037109375 0.4169921875 0.00390625 0.0048828125
2 0.326171875 0.4189453125 0.0029296875 0.00390625
2 0.3544921875 0.4208984375 0.00390625 0.005859375
2 0.380859375 0.4228515625 0.00390625 0.005859375
2 0.41796875 0.42578125 0.0048828125 0.005859375
2 0.4658203125 0.4296875 0.0048828125 0.0068359375
2 0.5322265625 0.43359375 0.005859375 0.0078125
2 0.609375 0.4384765625 0.0068359375 0.009765625
2 0.6767578125 0.4453125 0.0078125 0.009765625
2 0.7490234375 0.455078125 0.0107421875 0.0126953125
2 0.9150390625 0.4697265625 0.0146484375 0.0166015625
2 0.2529296875 0.4150390625 0.0029296875 0.00390625
2 0.2041015625 0.412109375 0.0029296875 0.00390625
2 0.1552734375 0.41015625 0.00390625 0.0048828125
2 0.0966796875 0.4091796875 0.00390625 0.0048828125
2 0.04296875 0.4072265625 0.00390625 0.0048828125
2 0.01171875 0.40625 0.00390625 0.005859375
2 0.0185546875 0.4072265625 0.00390625 0.005859375
2 0.0625 0.41015625 0.0048828125 0.005859375
2 0.1240234375 0.412109375 0.0048828125 0.005859375
2 0.1884765625 0.416015625 0.0048828125 0.005859375
2 0.25 0.4189453125 0.00390625 0.005859375
2 0.2958984375 0.4208984375 0.005859375 0.0068359375
2 0.33203125 0.423828125 0.005859375 0.0078125
2 0.36328125 0.4267578125 0.005859375 0.0087890625
2 0.369140625 0.4296875 0.0068359375 0.0087890625
2 0.3310546875 0.431640625 0.0078125 0.0107421875
2 0.28125 0.43359375 0.009765625 0.0126953125
2 0.2021484375 0.439453125 0.0126953125 0.0166015625
2 0.1611328125 0.4501953125 0.01953125 0.0224609375
2 0.2158203125 0.470703125 0.02734375 0.0302734375
2 0.375 0.51953125 0.044921875 0.0498046875
0 0.4609375 0.419921875 0.00390625 0.0078125