2 0.884765625 0.4375 0.0166015625 0.0185546875
2 0.74609375 0.4326171875 0.01171875 0.013671875
2 0.64453125 0.431640625 0.0087890625 0.01171875
2 0.5654296875 0.4296875 0.0078125 0.009765625
2 0.541015625 0.427734375 0.005859375 0.0078125
2 0.5439453125 0.4248046875 0.00390625 0.005859375
2 0.55078125 0.4228515625 0.00390625 0.005859375
2 0.5556640625 0.4208984375 0.00390625 0.0048828125
2 0.560546875 0.4189453125 0.0029296875 0.00390625
2 0.564453125 0.41796875 0.0029296875 0.00390625
2 0.56640625 0.416015625 0.0048828125 0.0048828125
2 0.5703125 0.4150390625 0.001953125 0.00390625
2 0.5771484375 0.4150390625 0.001953125 0.00390625
2 0.5947265625 0.4130859375 0.001953125 0.00390625
2 0.625 0.412109375 0.001953125 0.00390625
2 0.658203125 0.41015625 0.001953125 0.0029296875
2 0.6884765625 0.41015625 0.001953125 0.0029296875
2 0.6953125 0.41015625 0.0029296875 0.00390625
2 0.693359375 0.4111328125 0.001953125 0.00390625
2 0.6787109375 0.4111328125 0.001953125 0.00390625
2 0.6533203125 0.4140625 0.0029296875 0.00390625
2 0.630859375 0.4150390625 0.0029296875 0.00390625
2 0.6142578125 0.4169921875 0.00390625 0.005859375
2 0.625 0.41796875 0.00390625 0.005859375
2 0.658203125 0.41796875 0.0048828125 0.0068359375
2 0.7099609375 0.4169921875 0.005859375 0.0078125
2 0.7705078125 0.416015625 0.005859375 0.0078125
2 0.8427734375 0.416015625 0.0078125 0.009765625
2 0.9072265625 0.41796875 0.0087890625 0.0107421875
2 0.9912109375 0.421875 0.0126953125 0.013671875
1 0.513671875 0.59375 0.0517578125 0.0576171875
1 0.7431640625 0.4814453125 0.029296875 0.03515625
1 0.693359375 0.4501953125 0.015625 0.0205078125
1 0.625 0.44140625 0.01171875 0.015625
1 0.5126953125 0.4375 0.009765625 0.01171875
1 0.455078125 0.435546875 0.0078125 0.009765625
1 0.4345703125 0.4326171875 0.0068359375 0.0087890625
1 0.44921875 0.4296875 0.005859375 0.0078125
1 0.4658203125 0.4267578125 0.0048828125 0.0068359375
1 0.4814453125 0.4248046875 0.00390625 0.005859375
1 0.4931640625 0.4228515625 0.0029296875 0.0048828125
1 0.501953125 0.4208984375 0.0029296875 0.00390625
1 0.509765625 0.419921875 0.0029296875 0.00390625
1 0.5166015625 0.4189453125 0.001953125 0.00390625
1 0.5224609375 0.41796875 0.001953125 0.00390625
1 0.5283203125 0.4169921875 0.001953125 0.0029296875
1 0.533203125 0.416015625 0.001953125 0.0029296875
1 0.5517578125 0.4150390625 0.001953125 0.0029296875
1 0.6171875 0.412109375 0.001953125 0.0029296875
1 0.7021484375 0.4091796875 0.001953125 0.0029296875
1 0.7265625 0.408203125 0.001953125 0.0029296875
1 0.740234375 0.4091796875 0.001953125 0.0029296875
1 0.75 0.4091796875 0.001953125 0.0029296875
1 0.732421875 0.41015625 0.0029296875 0.00390625
1 0.7099609375 0.412109375 0.0029296875 0.0048828125
1 0.68359375 0.4130859375 0.0029296875 0.00390625
1 0.67578125 0.4140625 0.0029296875 0.0048828125
1 0.6796875 0.416015625 0.0029296875 0.0048828125
1 0.8515625 0.4130859375 0.005859375 0.0078125
1 0.94140625 0.412109375 0.0078125 0.0087890625