2 0.5927734375 0.4208984375 0.0029296875 0.00390625
2 0.615234375 0.421875 0.0029296875 0.00390625
2 0.623046875 0.423828125 0.00390625 0.0048828125
2 0.6103515625 0.423828125 0.00390625 0.0048828125
2 0.5888671875 0.4248046875 0.00390625 0.005859375
2 0.556640625 0.4248046875 0.0048828125 0.0078125
2 0.529296875 0.42578125 0.005859375 0.0078125
2 0.5205078125 0.4287109375 0.0068359375 0.0087890625
2 0.5546875 0.435546875 0.0078125 0.0107421875
2 0.6474609375 0.4453125 0.0107421875 0.0146484375
2 0.8017578125 0.4580078125 0.015625 0.017578125
2 0.3583984375 0.4892578125 0.03515625 0.0400390625
2 0.3564453125 0.4541015625 0.0185546875 0.0234375
2 0.3828125 0.4384765625 0.01171875 0.015625
2 0.3984375 0.4296875 0.0087890625 0.01171875
2 0.4091796875 0.4248046875 0.0068359375 0.009765625
2 0.4150390625 0.421875 0.005859375 0.0078125
2 0.419921875 0.4189453125 0.00390625 0.005859375
2 0.423828125 0.4169921875 0.00390625 0.005859375
2 0.4267578125 0.416015625 0.0029296875 0.0048828125
2 0.4345703125 0.4150390625 0.00390625 0.0048828125
2 0.4599609375 0.4150390625 0.0029296875 0.00390625
2 0.50390625 0.416015625 0.0029296875 0.00390625
2 0.55078125 0.4189453125 0.0029296875 0.00390625
1 0.5615234375 0.41796875 0.0029296875 0.0029296875
1 0.6015625 0.4208984375 0.001953125 0.0029296875
1 0.6435546875 0.421875 0.0029296875 0.00390625
1 0.6796875 0.423828125 0.0029296875 0.00390625
1 0.6904296875 0.4267578125 0.00390625 0.005859375
1 0.677734375 0.427734375 0.00390625 0.005859375
1 0.6611328125 0.427734375 0.00390625 0.005859375
1 0.638671875 0.4287109375 0.0048828125 0.0068359375
1 0.625 0.431640625 0.005859375 0.0078125
1 0.6572265625 0.4365234375 0.0078125 0.009765625
1 0.734375 0.4453125 0.009765625 0.0126953125
1 0.9130859375 0.45703125 0.0126953125 0.0146484375
1 0.091796875 0.447265625 0.0234375 0.025390625
1 0.2109375 0.4326171875 0.0146484375 0.0166015625
1 0.2646484375 0.42578125 0.0107421875 0.0126953125
1 0.3017578125 0.4208984375 0.0087890625 0.0107421875
1 0.32421875 0.41796875 0.005859375 0.0078125
1 0.3427734375 0.4150390625 0.0048828125 0.0068359375
1 0.3505859375 0.4140625 0.00390625 0.005859375
1 0.3603515625 0.4130859375 0.00390625 0.005859375
1 0.3701171875 0.412109375 0.00390625 0.0048828125
1 0.3896484375 0.412109375 0.0029296875 0.00390625
1 0.4248046875 0.4130859375 0.001953125 0.00390625
1 0.470703125 0.4150390625 0.001953125 0.00390625
1 0.51171875 0.416015625 0.0029296875 0.00390625