1 0.13671875 0.4091796875 0.0029296875 0.00390625
1 0.1826171875 0.412109375 0.00390625 0.0048828125
1 0.220703125 0.4140625 0.00390625 0.005859375
1 0.2841796875 0.41796875 0.00390625 0.005859375
1 0.3369140625 0.419921875 0.0048828125 0.0068359375
1 0.494140625 0.4306640625 0.005859375 0.0087890625
1 0.5341796875 0.4345703125 0.0078125 0.0087890625
1 0.560546875 0.439453125 0.0087890625 0.0107421875
1 0.599609375 0.447265625 0.0107421875 0.013671875
1 0.669921875 0.458984375 0.0146484375 0.017578125
1 0.86328125 0.4755859375 0.01953125 0.021484375
2 0.1689453125 0.533203125 0.0517578125 0.060546875
2 0.009765625 0.40625 0.0048828125 0.005859375
2 0.8837890625 0.5048828125 0.0283203125 0.0341796875
2 0.5751953125 0.474609375 0.0224609375 0.0263671875
2 0.4443359375 0.455078125 0.0146484375 0.017578125
2 0.439453125 0.4443359375 0.0107421875 0.0146484375
2 0.4326171875 0.4375 0.0078125 0.01171875
2 0.4189453125 0.431640625 0.0078125 0.009765625
2 0.37109375 0.4267578125 0.0068359375 0.0087890625
2 0.3134765625 0.4228515625 0.005859375 0.0078125
2 0.255859375 0.4189453125 0.005859375 0.0068359375
2 0.2001953125 0.416015625 0.0048828125 0.0068359375
2 0.1474609375 0.4130859375 0.0048828125 0.005859375
2 0.111328125 0.41015625 0.00390625 0.005859375
2 0.0634765625 0.408203125 0.00390625 0.005859375