1 0.591796875 0.5771484375 0.0673828125 0.080078125
1 0.8125 0.4755859375 0.0341796875 0.0380859375
1 0.716796875 0.4482421875 0.01953125 0.0234375
1 0.607421875 0.4365234375 0.013671875 0.017578125
1 0.509765625 0.43359375 0.0107421875 0.013671875
1 0.9951171875 0.408203125 0.0087890625 0.0107421875
1 0.9013671875 0.408203125 0.0078125 0.0087890625
1 0.8359375 0.408203125 0.005859375 0.0078125
1 0.7392578125 0.408203125 0.00390625 0.005859375
1 0.6884765625 0.4091796875 0.00390625 0.0048828125
1 0.607421875 0.412109375 0.00390625 0.0048828125
1 0.5458984375 0.4140625 0.00390625 0.0048828125
1 0.4970703125 0.416015625 0.00390625 0.0048828125
1 0.4443359375 0.4189453125 0.00390625 0.005859375
1 0.384765625 0.4208984375 0.00390625 0.005859375
1 0.3291015625 0.4248046875 0.0048828125 0.005859375
1 0.28125 0.427734375 0.005859375 0.0078125
1 0.259765625 0.4306640625 0.005859375 0.0078125
1 0.2529296875 0.4326171875 0.005859375 0.0087890625
1 0.2822265625 0.43359375 0.0078125 0.0087890625
1 0.3447265625 0.4326171875 0.0078125 0.0107421875
1 0.4287109375 0.4326171875 0.0087890625 0.01171875
2 0.7060546875 0.4111328125 0.0048828125 0.0068359375
2 0.7470703125 0.412109375 0.005859375 0.0078125
2 0.7998046875 0.412109375 0.0068359375 0.0087890625
2 0.880859375 0.4130859375 0.0087890625 0.0107421875
2 0.98046875 0.4150390625 0.01171875 0.0146484375
2 0.6552734375 0.412109375 0.00390625 0.005859375
2 0.58984375 0.4140625 0.00390625 0.005859375
2 0.5263671875 0.416015625 0.00390625 0.005859375
2 0.4580078125 0.4189453125 0.0048828125 0.005859375
2 0.39453125 0.4228515625 0.0048828125 0.0068359375
2 0.3525390625 0.4267578125 0.0068359375 0.0087890625
2 0.3955078125 0.427734375 0.005859375 0.0087890625
2 0.470703125 0.42578125 0.0078125 0.009765625
2 0.564453125 0.4248046875 0.0087890625 0.01171875
2 0.677734375 0.4248046875 0.009765625 0.0126953125
2 0.7958984375 0.4267578125 0.0126953125 0.0166015625
2 0.9453125 0.43359375 0.01953125 0.0224609375
1 0.7802734375 0.4072265625 0.0048828125 0.0048828125