1 0.095703125 0.4326171875 0.0126953125 0.015625
1 0.1630859375 0.4287109375 0.0107421875 0.0126953125
1 0.154296875 0.42578125 0.009765625 0.01171875
1 0.0966796875 0.4228515625 0.0087890625 0.0107421875
1 0.0244140625 0.4189453125 0.0087890625 0.009765625
1 0.0048828125 0.4140625 0.005859375 0.0087890625
1 0.0126953125 0.412109375 0.005859375 0.0068359375
1 0.01953125 0.4111328125 0.0048828125 0.0068359375
1 0.0419921875 0.41015625 0.005859375 0.0068359375
1 0.0859375 0.4111328125 0.005859375 0.005859375
1 0.1298828125 0.412109375 0.0048828125 0.005859375
1 0.16796875 0.4130859375 0.0048828125 0.005859375
1 0.2080078125 0.4140625 0.00390625 0.0048828125
1 0.2568359375 0.4150390625 0.00390625 0.0048828125
1 0.3046875 0.416015625 0.00390625 0.0048828125
1 0.416015625 0.419921875 0.0029296875 0.00390625
1 0.4638671875 0.4228515625 0.0029296875 0.0048828125
1 0.50390625 0.4248046875 0.0029296875 0.00390625
1 0.5400390625 0.4267578125 0.00390625 0.005859375
1 0.6064453125 0.431640625 0.0048828125 0.005859375
1 0.6650390625 0.4345703125 0.0048828125 0.0068359375
1 0.8779296875 0.4501953125 0.0078125 0.009765625
1 0.94921875 0.45703125 0.0107421875 0.01171875
2 0.3623046875 0.5029296875 0.03515625 0.0419921875
2 0.24609375 0.4580078125 0.021484375 0.0244140625
2 0.2421875 0.443359375 0.0146484375 0.0185546875
2 0.3134765625 0.4345703125 0.0107421875 0.013671875
2 0.30078125 0.4287109375 0.0087890625 0.0107421875
2 0.2265625 0.423828125 0.0087890625 0.009765625
2 0.1376953125 0.4189453125 0.0068359375 0.0087890625
2 0.1220703125 0.416015625 0.005859375 0.0078125
2 0.1162109375 0.4140625 0.0048828125 0.0068359375
2 0.1494140625 0.4130859375 0.00390625 0.005859375
2 0.205078125 0.4150390625 0.0048828125 0.005859375
2 0.2548828125 0.416015625 0.00390625 0.0048828125
2 0.3095703125 0.4169921875 0.00390625 0.005859375
2 0.3671875 0.4189453125 0.00390625 0.005859375
2 0.958984375 0.494140625 0.0263671875 0.02734375
2 0.884765625 0.4736328125 0.0185546875 0.0205078125
2 0.837890625 0.4609375 0.0126953125 0.015625
2 0.79296875 0.451171875 0.009765625 0.01171875
2 0.7197265625 0.443359375 0.0078125 0.009765625
2 0.6484375 0.4375 0.0078125 0.0087890625
2 0.583984375 0.43359375 0.005859375 0.0078125
2 0.52734375 0.4296875 0.0048828125 0.0068359375
2 0.4775390625 0.42578125 0.0048828125 0.005859375
2 0.4453125 0.423828125 0.00390625 0.005859375
2 0.40625 0.4208984375 0.00390625 0.005859375