1 0.0400390625 0.4111328125 0.0048828125 0.0068359375
1 0.037109375 0.41015625 0.0048828125 0.0068359375
1 0.001953125 0.4052734375 0.0029296875 0.0048828125
1 0.03515625 0.404296875 0.0029296875 0.00390625
1 0.06640625 0.4052734375 0.00390625 0.0048828125
1 0.099609375 0.40625 0.0029296875 0.00390625
1 0.1416015625 0.4072265625 0.0029296875 0.00390625
1 0.234375 0.4111328125 0.0029296875 0.00390625
1 0.271484375 0.412109375 0.001953125 0.00390625
1 0.3056640625 0.4140625 0.001953125 0.00390625
1 0.3310546875 0.4150390625 0.001953125 0.00390625
1 0.3515625 0.416015625 0.001953125 0.00390625
1 0.3837890625 0.4189453125 0.0029296875 0.00390625
1 0.4111328125 0.4208984375 0.0029296875 0.00390625
1 0.453125 0.423828125 0.00390625 0.0048828125
1 0.48828125 0.4267578125 0.00390625 0.0048828125
1 0.49609375 0.4287109375 0.0048828125 0.005859375
1 0.486328125 0.4306640625 0.0048828125 0.0068359375
1 0.4638671875 0.431640625 0.005859375 0.0078125
1 0.44140625 0.4345703125 0.0078125 0.009765625
1 0.484375 0.439453125 0.0087890625 0.0107421875
1 0.591796875 0.4482421875 0.0107421875 0.013671875
1 0.7490234375 0.4580078125 0.01171875 0.0146484375
1 0.927734375 0.466796875 0.0146484375 0.015625
2 0.5185546875 0.591796875 0.0576171875 0.064453125
2 0.236328125 0.486328125 0.033203125 0.037109375
2 0.1630859375 0.4560546875 0.0224609375 0.025390625
2 0.1142578125 0.4404296875 0.015625 0.01953125
2 0.0859375 0.4296875 0.01171875 0.0146484375
2 0.0673828125 0.421875 0.0087890625 0.01171875
2 0.056640625 0.4169921875 0.0078125 0.009765625
2 0.0703125 0.4150390625 0.0068359375 0.0087890625
2 0.12890625 0.4150390625 0.005859375 0.0078125
2 0.1337890625 0.4130859375 0.0048828125 0.005859375
2 0.0908203125 0.41015625 0.0048828125 0.005859375
2 0.0322265625 0.4072265625 0.00390625 0.005859375
2 0.0234375 0.40625 0.00390625 0.0048828125
2 0.0205078125 0.4052734375 0.0029296875 0.00390625
2 0.048828125 0.4052734375 0.00390625 0.0048828125
2 0.0947265625 0.4072265625 0.0029296875 0.00390625
2 0.13671875 0.408203125 0.0029296875 0.00390625
2 0.1826171875 0.41015625 0.0029296875 0.00390625
2 0.2275390625 0.4111328125 0.0029296875 0.00390625
2 0.888671875 0.4775390625 0.0205078125 0.0224609375
2 0.6259765625 0.462890625 0.015625 0.01953125
2 0.4560546875 0.44921875 0.0126953125 0.0166015625
2 0.3623046875 0.439453125 0.0107421875 0.0146484375
2 0.314453125 0.4326171875 0.0087890625 0.01171875
2 0.3583984375 0.427734375 0.0068359375 0.0087890625
2 0.388671875 0.4267578125 0.005859375 0.0078125
2 0.412109375 0.42578125 0.00390625 0.005859375
2 0.40234375 0.4228515625 0.00390625 0.005859375
2 0.376953125 0.4208984375 0.00390625 0.005859375
2 0.349609375 0.4189453125 0.0029296875 0.0048828125
2 0.3232421875 0.4169921875 0.00390625 0.0048828125
2 0.2998046875 0.4150390625 0.0029296875 0.0048828125
2 0.2822265625 0.4140625 0.0029296875 0.00390625
2 0.2568359375 0.4130859375 0.0029296875 0.00390625