1 0.3408203125 0.5078125 0.021484375 0.0322265625
1 0.3935546875 0.4814453125 0.0166015625 0.0205078125
1 0.423828125 0.46875 0.0107421875 0.0146484375
1 0.44140625 0.4609375 0.0087890625 0.0107421875
1 0.455078125 0.4560546875 0.0068359375 0.0087890625
1 0.470703125 0.453125 0.005859375 0.0078125
1 0.515625 0.451171875 0.0048828125 0.0068359375
1 0.5439453125 0.44921875 0.0048828125 0.0068359375
1 0.4853515625 0.4482421875 0.00390625 0.005859375
1 0.4736328125 0.447265625 0.0029296875 0.0048828125
1 0.4755859375 0.4453125 0.0029296875 0.00390625
1 0.478515625 0.4453125 0.0029296875 0.0048828125
1 0.4892578125 0.4453125 0.0029296875 0.00390625
1 0.5126953125 0.4443359375 0.001953125 0.0029296875
1 0.5361328125 0.443359375 0.001953125 0.00390625
1 0.55859375 0.4443359375 0.001953125 0.00390625
1 0.583984375 0.443359375 0.0029296875 0.00390625
1 0.6171875 0.443359375 0.0029296875 0.00390625
1 0.7001953125 0.4423828125 0.001953125 0.00390625
1 0.73828125 0.4423828125 0.0029296875 0.00390625
1 0.7763671875 0.4423828125 0.001953125 0.00390625
1 0.806640625 0.4423828125 0.001953125 0.00390625
1 0.83203125 0.443359375 0.0029296875 0.00390625
1 0.8779296875 0.443359375 0.00390625 0.0048828125
1 0.9189453125 0.4443359375 0.00390625 0.005859375
1 0.1435546875 0.587890625 0.06640625 0.0673828125
2 0.92578125 0.5693359375 0.064453125 0.064453125
2 0.634765625 0.478515625 0.017578125 0.021484375
2 0.5966796875 0.466796875 0.0107421875 0.0146484375
2 0.57421875 0.458984375 0.0087890625 0.0107421875
2 0.5615234375 0.455078125 0.0068359375 0.0087890625
2 0.5703125 0.4521484375 0.005859375 0.0078125
2 0.615234375 0.44921875 0.005859375 0.0078125
2 0.5810546875 0.447265625 0.00390625 0.005859375
2 0.537109375 0.447265625 0.00390625 0.0048828125
2 0.5302734375 0.4462890625 0.00390625 0.00390625
2 0.52734375 0.4453125 0.0029296875 0.00390625
2 0.546875 0.4443359375 0.0029296875 0.00390625
2 0.580078125 0.443359375 0.0029296875 0.00390625
2 0.61328125 0.443359375 0.00390625 0.00390625
2 0.65234375 0.443359375 0.00390625 0.005859375
2 0.6943359375 0.4423828125 0.0029296875 0.00390625
2 0.9208984375 0.4716796875 0.0185546875 0.01953125
2 0.8349609375 0.4638671875 0.0107421875 0.013671875
2 0.8251953125 0.458984375 0.0087890625 0.0126953125
2 0.8720703125 0.4560546875 0.0087890625 0.0107421875
2 0.9072265625 0.453125 0.0078125 0.0087890625
2 0.93359375 0.4501953125 0.0068359375 0.0078125
2 0.9140625 0.447265625 0.005859375 0.0078125
2 0.8740234375 0.4462890625 0.0048828125 0.0068359375
2 0.8359375 0.4453125 0.00390625 0.005859375
2 0.8017578125 0.4443359375 0.00390625 0.0048828125
2 0.771484375 0.443359375 0.0029296875 0.0048828125
2 0.7509765625 0.443359375 0.00390625 0.0048828125
2 0.7236328125 0.4423828125 0.00390625 0.0048828125
0 0.3193359375 0.5 0.0380859375 0.0556640625
0 0.3447265625 0.4931640625 0.033203125 0.052734375
0 0.708984375 0.4892578125 0.0283203125 0.0537109375
0 0.732421875 0.494140625 0.0390625 0.0546875
2 0.716796875 0.5009765625 0.0205078125 0.033203125