1 0.3798828125 0.4794921875 0.0078125 0.015625
1 0.41015625 0.458984375 0.0078125 0.0107421875
1 0.4189453125 0.4541015625 0.0068359375 0.0087890625
1 0.427734375 0.4501953125 0.005859375 0.0078125
1 0.439453125 0.44921875 0.0048828125 0.0068359375
1 0.478515625 0.447265625 0.00390625 0.005859375
1 0.50390625 0.4453125 0.00390625 0.005859375
1 0.4501953125 0.4443359375 0.0029296875 0.0048828125
1 0.439453125 0.4443359375 0.0029296875 0.0048828125
1 0.439453125 0.44140625 0.0029296875 0.00390625
1 0.4423828125 0.4423828125 0.0029296875 0.00390625
1 0.4521484375 0.44140625 0.001953125 0.00390625
1 0.4736328125 0.44140625 0.001953125 0.0029296875
1 0.49609375 0.439453125 0.001953125 0.0029296875
1 0.5166015625 0.4404296875 0.001953125 0.0029296875
1 0.5390625 0.4404296875 0.0029296875 0.00390625
1 0.5712890625 0.439453125 0.001953125 0.00390625
1 0.6474609375 0.439453125 0.001953125 0.0029296875
1 0.6806640625 0.439453125 0.001953125 0.0029296875
1 0.7138671875 0.439453125 0.001953125 0.0029296875
1 0.7392578125 0.439453125 0.001953125 0.00390625
1 0.759765625 0.4404296875 0.001953125 0.00390625
1 0.796875 0.44140625 0.0029296875 0.00390625
1 0.880859375 0.443359375 0.00390625 0.005859375
1 0.92578125 0.4443359375 0.00390625 0.005859375
1 0.9365234375 0.4453125 0.005859375 0.0068359375
1 0.9228515625 0.4482421875 0.005859375 0.0068359375
1 0.89453125 0.4501953125 0.0078125 0.0087890625
1 0.865234375 0.453125 0.0087890625 0.009765625
1 0.91796875 0.45703125 0.0107421875 0.01171875
1 0.3291015625 0.5009765625 0.0263671875 0.03125
1 0.1767578125 0.58203125 0.060546875 0.0693359375
2 0.9306640625 0.564453125 0.0595703125 0.0654296875
2 0.6787109375 0.4931640625 0.025390625 0.029296875
2 0.5703125 0.4638671875 0.0107421875 0.0146484375
2 0.5458984375 0.4580078125 0.0087890625 0.01171875
2 0.529296875 0.453125 0.0068359375 0.0087890625
2 0.51953125 0.44921875 0.005859375 0.0078125
2 0.5263671875 0.447265625 0.0048828125 0.0078125
2 0.568359375 0.4443359375 0.0048828125 0.0068359375
2 0.537109375 0.443359375 0.00390625 0.005859375
2 0.4970703125 0.443359375 0.0029296875 0.00390625
2 0.4912109375 0.4423828125 0.001953125 0.00390625
2 0.4873046875 0.44140625 0.001953125 0.00390625
2 0.505859375 0.44140625 0.0029296875 0.00390625
2 0.537109375 0.4404296875 0.0029296875 0.00390625
2 0.6025390625 0.4404296875 0.0029296875 0.00390625
2 0.640625 0.439453125 0.0029296875 0.00390625
2 0.880859375 0.466796875 0.015625 0.017578125
2 0.7763671875 0.4599609375 0.0107421875 0.013671875
2 0.728515625 0.455078125 0.0087890625 0.01171875
2 0.76953125 0.44921875 0.005859375 0.0087890625
2 0.802734375 0.447265625 0.005859375 0.0078125
2 0.828125 0.4462890625 0.0048828125 0.005859375
2 0.8173828125 0.4443359375 0.00390625 0.005859375
2 0.7880859375 0.443359375 0.00390625 0.005859375
2 0.7587890625 0.4423828125 0.00390625 0.0048828125
2 0.7314453125 0.44140625 0.0029296875 0.00390625
2 0.70703125 0.4404296875 0.0029296875 0.00390625
2 0.6904296875 0.4404296875 0.0029296875 0.00390625
2 0.6669921875 0.439453125 0.0029296875 0.00390625
0 0.3671875 0.474609375 0.0166015625 0.0380859375
0 0.3798828125 0.4697265625 0.0166015625 0.037109375
0 0.623046875 0.46875 0.0185546875 0.03515625
0 0.609375 0.4658203125 0.0126953125 0.0302734375
1 0.1484375 0.474609375 0.015625 0.021484375
1 0.25390625 0.4599609375 0.0087890625 0.01171875
2 0.6142578125 0.474609375 0.0126953125 0.0185546875