1 0.6748046875 0.4443359375 0.00390625 0.0048828125
1 0.74609375 0.4453125 0.00390625 0.0048828125
1 0.82421875 0.4453125 0.005859375 0.0068359375
1 0.8857421875 0.447265625 0.0048828125 0.0068359375
1 0.9326171875 0.44921875 0.0078125 0.0078125
1 0.9765625 0.4521484375 0.0087890625 0.0087890625
1 0.1845703125 0.560546875 0.056640625 0.0634765625
1 0.3603515625 0.4921875 0.025390625 0.029296875
1 0.41015625 0.470703125 0.015625 0.01953125
1 0.43359375 0.4599609375 0.0107421875 0.0146484375
1 0.453125 0.455078125 0.0078125 0.0107421875
1 0.4609375 0.44921875 0.005859375 0.0087890625
1 0.4736328125 0.447265625 0.005859375 0.0078125
1 0.51171875 0.4462890625 0.005859375 0.0078125
1 0.5537109375 0.4453125 0.0048828125 0.0068359375
1 0.6025390625 0.4443359375 0.0048828125 0.005859375
2 0.7412109375 0.4462890625 0.00390625 0.005859375
2 0.806640625 0.447265625 0.005859375 0.0078125
2 0.8505859375 0.44921875 0.0068359375 0.0087890625
2 0.8603515625 0.451171875 0.0078125 0.009765625
2 0.890625 0.4560546875 0.009765625 0.0126953125
2 0.9482421875 0.4619140625 0.0126953125 0.015625
2 0.9140625 0.5556640625 0.0537109375 0.0615234375
2 0.712890625 0.490234375 0.0234375 0.0283203125
2 0.642578125 0.4697265625 0.0146484375 0.0185546875
2 0.6044921875 0.4599609375 0.009765625 0.013671875
2 0.5869140625 0.4541015625 0.0078125 0.0107421875
2 0.5771484375 0.4501953125 0.005859375 0.0087890625
2 0.5732421875 0.4482421875 0.005859375 0.0078125
2 0.6103515625 0.447265625 0.0048828125 0.0068359375
2 0.66796875 0.4462890625 0.00390625 0.005859375