1 0.0341796875 0.4462890625 0.0205078125 0.0244140625
1 0.1279296875 0.4384765625 0.015625 0.017578125
1 0.111328125 0.4345703125 0.013671875 0.0166015625
1 0.0302734375 0.4287109375 0.0126953125 0.015625
1 0.0126953125 0.4111328125 0.005859375 0.0078125
1 0.06640625 0.412109375 0.005859375 0.0068359375
1 0.1123046875 0.4130859375 0.0068359375 0.005859375
1 0.271484375 0.4169921875 0.00390625 0.005859375
1 0.3974609375 0.4228515625 0.0029296875 0.0048828125
1 0.501953125 0.427734375 0.0029296875 0.00390625
1 0.5458984375 0.431640625 0.00390625 0.0048828125
1 0.62890625 0.4365234375 0.0048828125 0.0068359375
1 0.8369140625 0.4501953125 0.0078125 0.0087890625
1 0.9921875 0.4619140625 0.0107421875 0.0126953125
2 0.3466796875 0.513671875 0.0400390625 0.048828125
2 0.275390625 0.4677734375 0.0244140625 0.029296875
2 0.3388671875 0.447265625 0.013671875 0.017578125
2 0.3037109375 0.4365234375 0.01171875 0.0146484375
2 0.201171875 0.4296875 0.009765625 0.0126953125
2 0.0830078125 0.423828125 0.0087890625 0.01171875
2 0.060546875 0.4189453125 0.0068359375 0.0087890625
2 0.05078125 0.4150390625 0.005859375 0.0078125
2 0.091796875 0.4150390625 0.005859375 0.0078125
2 0.158203125 0.416015625 0.005859375 0.0068359375
2 0.2158203125 0.4169921875 0.0048828125 0.005859375
2 0.2802734375 0.4189453125 0.00390625 0.005859375
2 0.3447265625 0.4208984375 0.00390625 0.005859375
2 0.9306640625 0.4658203125 0.0126953125 0.0146484375
2 0.8056640625 0.453125 0.009765625 0.01171875
2 0.705078125 0.4453125 0.0078125 0.009765625
2 0.6181640625 0.439453125 0.0068359375 0.0087890625
2 0.5439453125 0.4345703125 0.0048828125 0.0068359375
2 0.48046875 0.4296875 0.0048828125 0.0068359375
2 0.439453125 0.4267578125 0.00390625 0.005859375
2 0.3916015625 0.423828125 0.00390625 0.005859375