2 0.0400390625 0.44921875 0.0126953125 0.013671875
2 0.140625 0.4462890625 0.009765625 0.0107421875
2 0.16015625 0.4423828125 0.0068359375 0.0087890625
2 0.1669921875 0.44140625 0.00390625 0.005859375
2 0.3037109375 0.4365234375 0.00390625 0.005859375
2 0.3671875 0.4375 0.0029296875 0.0048828125
2 0.4296875 0.439453125 0.00390625 0.005859375
2 0.44921875 0.44140625 0.00390625 0.0068359375
2 0.4541015625 0.443359375 0.00390625 0.0068359375
2 0.4599609375 0.4453125 0.005859375 0.0087890625
2 0.4677734375 0.44921875 0.0068359375 0.009765625
2 0.48046875 0.4541015625 0.0087890625 0.0126953125
2 0.5078125 0.462890625 0.0126953125 0.0166015625
2 0.552734375 0.4794921875 0.0185546875 0.0234375
2 0.6611328125 0.5185546875 0.0341796875 0.0400390625
2 0.9736328125 0.6015625 0.0478515625 0.04296875
1 0.072265625 0.45703125 0.0146484375 0.015625
1 0.2275390625 0.4521484375 0.009765625 0.01171875
1 0.27734375 0.44921875 0.0078125 0.0107421875
1 0.28125 0.4443359375 0.005859375 0.0078125
1 0.2607421875 0.44140625 0.005859375 0.0078125
1 0.287109375 0.4384765625 0.00390625 0.005859375
1 0.3330078125 0.4384765625 0.00390625 0.0048828125
1 0.3681640625 0.439453125 0.00390625 0.0048828125
1 0.3857421875 0.44140625 0.00390625 0.005859375
1 0.3828125 0.4443359375 0.0048828125 0.0068359375
1 0.380859375 0.44921875 0.005859375 0.0087890625
1 0.369140625 0.4541015625 0.0078125 0.01171875
1 0.3408203125 0.48046875 0.0185546875 0.0234375
1 0.29296875 0.5185546875 0.033203125 0.04296875
1 0.3671875 0.462890625 0.009765625 0.0146484375
2 0.177734375 0.4384765625 0.005859375 0.0078125
2 0.2373046875 0.4375 0.0048828125 0.0068359375