2 0.84765625 0.5458984375 0.052734375 0.0576171875
2 0.732421875 0.4892578125 0.025390625 0.0283203125
2 0.6552734375 0.4697265625 0.015625 0.0185546875
2 0.58203125 0.4609375 0.0107421875 0.0146484375
2 0.48046875 0.4560546875 0.0087890625 0.01171875
2 0.3876953125 0.4541015625 0.0078125 0.009765625
2 0.3037109375 0.4521484375 0.0068359375 0.009765625
2 0.2236328125 0.4521484375 0.0068359375 0.0087890625
2 0.1875 0.4501953125 0.005859375 0.0078125
2 0.181640625 0.4482421875 0.0048828125 0.0068359375
2 0.1796875 0.4443359375 0.00390625 0.005859375
2 0.1767578125 0.44140625 0.0029296875 0.00390625
2 0.18359375 0.4404296875 0.001953125 0.00390625
2 0.201171875 0.439453125 0.0029296875 0.00390625
2 0.234375 0.439453125 0.001953125 0.00390625
2 0.2685546875 0.4384765625 0.001953125 0.0029296875
2 0.2998046875 0.4384765625 0.001953125 0.0029296875
2 0.306640625 0.4384765625 0.001953125 0.00390625
2 0.294921875 0.439453125 0.0029296875 0.00390625
2 0.2705078125 0.44140625 0.001953125 0.00390625
2 0.2509765625 0.443359375 0.00390625 0.005859375
2 0.2353515625 0.4423828125 0.0029296875 0.00390625
2 0.2392578125 0.443359375 0.00390625 0.0048828125
2 0.287109375 0.4443359375 0.00390625 0.005859375
2 0.3359375 0.4443359375 0.00390625 0.005859375
2 0.3857421875 0.4443359375 0.0048828125 0.0068359375
2 0.44140625 0.4453125 0.005859375 0.0078125
2 0.484375 0.4462890625 0.005859375 0.0078125
2 0.533203125 0.4482421875 0.0068359375 0.0087890625
2 0.6005859375 0.451171875 0.0078125 0.009765625
2 0.689453125 0.455078125 0.0107421875 0.0126953125
2 0.833984375 0.4609375 0.0146484375 0.0166015625
1 0.2197265625 0.5791015625 0.0595703125 0.0732421875
1 0.412109375 0.49609375 0.025390625 0.0302734375
1 0.431640625 0.4716796875 0.015625 0.0185546875
1 0.373046875 0.462890625 0.0107421875 0.0146484375
1 0.3056640625 0.4580078125 0.0087890625 0.01171875
1 0.1904296875 0.45703125 0.0087890625 0.0107421875
1 0.11328125 0.4560546875 0.0087890625 0.009765625
1 0.0751953125 0.4541015625 0.0068359375 0.0087890625
1 0.0859375 0.44921875 0.005859375 0.0068359375
1 0.0966796875 0.447265625 0.0048828125 0.005859375
1 0.1044921875 0.4462890625 0.00390625 0.0048828125
1 0.109375 0.4443359375 0.0029296875 0.00390625
1 0.1142578125 0.4443359375 0.0029296875 0.00390625
1 0.150390625 0.4404296875 0.001953125 0.0029296875
1 0.181640625 0.439453125 0.001953125 0.00390625
1 0.2236328125 0.439453125 0.001953125 0.0029296875
1 0.310546875 0.4375 0.001953125 0.0029296875
1 0.3330078125 0.4384765625 0.001953125 0.0029296875
1 0.3466796875 0.4384765625 0.001953125 0.0029296875
1 0.3564453125 0.4384765625 0.001953125 0.00390625
1 0.341796875 0.439453125 0.0029296875 0.00390625
1 0.322265625 0.4404296875 0.0029296875 0.00390625
1 0.3017578125 0.4423828125 0.0029296875 0.00390625
1 0.2958984375 0.4423828125 0.0029296875 0.00390625
1 0.3310546875 0.4423828125 0.0029296875 0.0048828125
1 0.3837890625 0.4423828125 0.00390625 0.005859375
1 0.4443359375 0.4423828125 0.00390625 0.005859375
1 0.5029296875 0.443359375 0.0048828125 0.005859375
1 0.5458984375 0.4443359375 0.005859375 0.0068359375
1 0.6044921875 0.4462890625 0.005859375 0.0078125
1 0.673828125 0.4482421875 0.0078125 0.0087890625
1 0.779296875 0.451171875 0.0087890625 0.0107421875
1 0.9365234375 0.4560546875 0.0126953125 0.013671875