1 0.845703125 0.4443359375 0.0048828125 0.0078125
1 0.9443359375 0.4462890625 0.0078125 0.0087890625
1 0.2060546875 0.5810546875 0.0576171875 0.06640625
1 0.494140625 0.5087890625 0.0322265625 0.0361328125
1 0.626953125 0.478515625 0.01953125 0.0224609375
1 0.677734375 0.46484375 0.0126953125 0.0166015625
1 0.6240234375 0.4580078125 0.009765625 0.0126953125
1 0.546875 0.4541015625 0.0078125 0.0107421875
1 0.4677734375 0.4521484375 0.0078125 0.009765625
1 0.7802734375 0.443359375 0.005859375 0.0068359375
1 0.7236328125 0.4423828125 0.00390625 0.005859375
1 0.6787109375 0.44140625 0.00390625 0.005859375
1 0.60546875 0.4404296875 0.00390625 0.0048828125
1 0.5654296875 0.4404296875 0.00390625 0.005859375
1 0.498046875 0.44140625 0.0029296875 0.0048828125
1 0.4462890625 0.44140625 0.0029296875 0.0048828125
1 0.404296875 0.4423828125 0.00390625 0.0048828125
1 0.359375 0.4443359375 0.00390625 0.0048828125
1 0.306640625 0.4453125 0.00390625 0.005859375
1 0.2587890625 0.4462890625 0.00390625 0.005859375
1 0.2216796875 0.447265625 0.00390625 0.005859375
1 0.2109375 0.44921875 0.0048828125 0.0068359375
1 0.2177734375 0.4501953125 0.0048828125 0.0068359375
1 0.2548828125 0.451171875 0.005859375 0.0078125
1 0.3193359375 0.451171875 0.005859375 0.0078125
1 0.3974609375 0.451171875 0.0068359375 0.0087890625
2 0.583984375 0.4423828125 0.00390625 0.005859375
2 0.6162109375 0.443359375 0.00390625 0.005859375
2 0.6552734375 0.4443359375 0.0048828125 0.0068359375
2 0.708984375 0.4453125 0.005859375 0.0078125
2 0.7666015625 0.447265625 0.005859375 0.0078125
2 0.85546875 0.44921875 0.0078125 0.0107421875
2 0.9931640625 0.4521484375 0.0107421875 0.0126953125
2 0.541015625 0.44140625 0.00390625 0.005859375
2 0.4873046875 0.4423828125 0.00390625 0.0048828125
2 0.43359375 0.443359375 0.00390625 0.005859375
2 0.3759765625 0.4443359375 0.00390625 0.0048828125
2 0.3232421875 0.4462890625 0.00390625 0.005859375
2 0.29296875 0.447265625 0.0048828125 0.0068359375
2 0.2998046875 0.4482421875 0.0048828125 0.0068359375
2 0.3447265625 0.4482421875 0.005859375 0.0068359375
2 0.4140625 0.4482421875 0.005859375 0.0078125
2 0.494140625 0.4482421875 0.005859375 0.0087890625
2 0.580078125 0.44921875 0.0068359375 0.0087890625
2 0.6591796875 0.451171875 0.0078125 0.009765625
2 0.740234375 0.4541015625 0.0087890625 0.01171875
2 0.8359375 0.458984375 0.0126953125 0.0146484375
2 0.9248046875 0.4677734375 0.0166015625 0.0185546875
2 0.9384765625 0.48046875 0.0224609375 0.025390625
2 0.9775390625 0.5078125 0.0361328125 0.0380859375
0 0.7587890625 0.443359375 0.0078125 0.013671875
0 0.7734375 0.443359375 0.0087890625 0.0146484375
0 0.83984375 0.4423828125 0.0078125 0.0146484375
0 0.853515625 0.44140625 0.009765625 0.0146484375