1 0.888671875 0.4794921875 0.0078125 0.009765625
1 0.7509765625 0.470703125 0.0078125 0.009765625
1 0.5 0.4560546875 0.0068359375 0.0087890625
1 0.3896484375 0.44921875 0.0078125 0.0087890625
1 0.2880859375 0.443359375 0.0068359375 0.0078125
1 0.189453125 0.4375 0.0068359375 0.0078125
1 0.087890625 0.431640625 0.0078125 0.0087890625
2 0.431640625 0.54296875 0.0439453125 0.0517578125
2 0.3759765625 0.494140625 0.025390625 0.0322265625
2 0.2646484375 0.4697265625 0.01953125 0.0224609375
2 0.1142578125 0.4560546875 0.017578125 0.01953125
2 0.044921875 0.4462890625 0.0146484375 0.015625
2 0.0029296875 0.4384765625 0.005859375 0.013671875
2 0.0009765625 0.431640625 0.001953125 0.01171875
2 0.05859375 0.43359375 0.009765625 0.0107421875
2 0.12890625 0.4365234375 0.0087890625 0.0107421875
2 0.9609375 0.4873046875 0.0107421875 0.0126953125
2 0.787109375 0.4765625 0.0107421875 0.0126953125
2 0.62109375 0.466796875 0.0087890625 0.0126953125
2 0.4755859375 0.4580078125 0.0087890625 0.01171875
2 0.3369140625 0.44921875 0.0078125 0.0107421875
2 0.216796875 0.4423828125 0.0078125 0.0107421875