1 0.0302734375 0.4091796875 0.0048828125 0.0068359375
1 0.02734375 0.4091796875 0.00390625 0.005859375
1 0.0263671875 0.4033203125 0.0029296875 0.00390625
1 0.0576171875 0.404296875 0.00390625 0.0048828125
1 0.08984375 0.4052734375 0.0029296875 0.00390625
1 0.1328125 0.40625 0.0029296875 0.00390625
1 0.2255859375 0.41015625 0.0029296875 0.00390625
1 0.2626953125 0.4111328125 0.001953125 0.00390625
1 0.296875 0.4130859375 0.001953125 0.00390625
1 0.322265625 0.4150390625 0.0029296875 0.00390625
1 0.341796875 0.4150390625 0.001953125 0.00390625
1 0.373046875 0.41796875 0.001953125 0.00390625
1 0.4013671875 0.419921875 0.0029296875 0.00390625
1 0.4423828125 0.4228515625 0.00390625 0.0048828125
1 0.4755859375 0.42578125 0.00390625 0.005859375
1 0.4833984375 0.427734375 0.00390625 0.005859375
1 0.47265625 0.4287109375 0.0048828125 0.005859375
1 0.4501953125 0.4306640625 0.005859375 0.0078125
1 0.42578125 0.4326171875 0.0078125 0.009765625
1 0.4658203125 0.4375 0.0087890625 0.0107421875
1 0.568359375 0.4462890625 0.0107421875 0.013671875
1 0.7177734375 0.455078125 0.0126953125 0.0146484375
1 0.88671875 0.4638671875 0.0126953125 0.015625
2 0.4345703125 0.5703125 0.0576171875 0.076171875
2 0.2109375 0.478515625 0.03125 0.03515625
2 0.146484375 0.4521484375 0.0205078125 0.0244140625
2 0.1015625 0.4375 0.015625 0.0185546875
2 0.0751953125 0.427734375 0.0107421875 0.0146484375
2 0.0576171875 0.4208984375 0.0078125 0.01171875
2 0.046875 0.416015625 0.0078125 0.009765625
2 0.060546875 0.4140625 0.0078125 0.0087890625
2 0.119140625 0.4140625 0.005859375 0.0078125
2 0.1240234375 0.412109375 0.00390625 0.005859375
2 0.08203125 0.41015625 0.0048828125 0.005859375
2 0.0224609375 0.4072265625 0.00390625 0.005859375
2 0.0146484375 0.4052734375 0.00390625 0.0048828125
2 0.0107421875 0.404296875 0.0029296875 0.00390625
2 0.0390625 0.404296875 0.00390625 0.00390625
2 0.0849609375 0.40625 0.0029296875 0.00390625
2 0.126953125 0.4072265625 0.0029296875 0.00390625
2 0.173828125 0.408203125 0.0029296875 0.00390625
2 0.21875 0.41015625 0.0029296875 0.00390625
2 0.83984375 0.4736328125 0.01953125 0.021484375
2 0.59375 0.458984375 0.0146484375 0.0185546875
2 0.43359375 0.447265625 0.0126953125 0.0166015625
2 0.345703125 0.4375 0.0107421875 0.0146484375
2 0.30078125 0.431640625 0.0087890625 0.0126953125
2 0.3046875 0.427734375 0.005859375 0.009765625
2 0.3447265625 0.4267578125 0.0068359375 0.0087890625
2 0.3759765625 0.42578125 0.005859375 0.0078125
2 0.3994140625 0.4248046875 0.00390625 0.005859375
2 0.3916015625 0.421875 0.00390625 0.005859375
2 0.3662109375 0.419921875 0.00390625 0.005859375
2 0.33984375 0.41796875 0.0029296875 0.0048828125
2 0.3134765625 0.416015625 0.00390625 0.0048828125
2 0.2900390625 0.4140625 0.0029296875 0.0048828125
2 0.2734375 0.4130859375 0.0029296875 0.0048828125
2 0.248046875 0.412109375 0.001953125 0.00390625