2 0.9580078125 0.44921875 0.025390625 0.025390625
2 0.779296875 0.4375 0.015625 0.017578125
2 0.6630859375 0.43359375 0.0107421875 0.0146484375
2 0.580078125 0.431640625 0.0087890625 0.0107421875
2 0.5615234375 0.427734375 0.0068359375 0.009765625
2 0.57421875 0.423828125 0.005859375 0.0078125
2 0.5869140625 0.4208984375 0.0048828125 0.0068359375
2 0.5966796875 0.4189453125 0.00390625 0.005859375
2 0.6044921875 0.4169921875 0.0029296875 0.0048828125
2 0.611328125 0.416015625 0.0029296875 0.0048828125
2 0.615234375 0.4140625 0.0029296875 0.00390625
2 0.6201171875 0.4130859375 0.0029296875 0.00390625
2 0.6240234375 0.412109375 0.001953125 0.00390625
2 0.6337890625 0.4111328125 0.001953125 0.00390625
2 0.65234375 0.41015625 0.001953125 0.00390625
2 0.6865234375 0.4091796875 0.0029296875 0.00390625
2 0.7216796875 0.4072265625 0.001953125 0.00390625
2 0.755859375 0.40625 0.001953125 0.00390625
2 0.7626953125 0.40625 0.001953125 0.00390625
2 0.7587890625 0.4072265625 0.001953125 0.00390625
2 0.7421875 0.408203125 0.0029296875 0.00390625
2 0.7119140625 0.41015625 0.0029296875 0.0048828125
2 0.685546875 0.412109375 0.00390625 0.005859375
2 0.6640625 0.4150390625 0.00390625 0.005859375
2 0.6728515625 0.416015625 0.0048828125 0.005859375
2 0.708984375 0.416015625 0.0048828125 0.0068359375
2 0.765625 0.416015625 0.005859375 0.0078125
2 0.833984375 0.4150390625 0.0068359375 0.0087890625
2 0.9228515625 0.4150390625 0.009765625 0.0107421875
2 0.9970703125 0.4189453125 0.00390625 0.013671875
1 0.634765625 0.552734375 0.052734375 0.06640625
1 0.66796875 0.4677734375 0.0224609375 0.0283203125
1 0.6142578125 0.44921875 0.0146484375 0.01953125
1 0.4990234375 0.4423828125 0.01171875 0.0146484375
1 0.4482421875 0.4375 0.0087890625 0.01171875
1 0.4375 0.4345703125 0.0068359375 0.009765625
1 0.46484375 0.4296875 0.005859375 0.0078125
1 0.4912109375 0.42578125 0.005859375 0.0078125
1 0.513671875 0.4228515625 0.00390625 0.005859375
1 0.5302734375 0.4208984375 0.00390625 0.005859375
1 0.54296875 0.4189453125 0.0029296875 0.0048828125
1 0.5537109375 0.4169921875 0.0029296875 0.0048828125
1 0.5634765625 0.416015625 0.0029296875 0.00390625
1 0.572265625 0.4150390625 0.001953125 0.00390625
1 0.580078125 0.4140625 0.001953125 0.0029296875
1 0.5859375 0.4130859375 0.001953125 0.0029296875
1 0.607421875 0.4111328125 0.001953125 0.0029296875
1 0.6376953125 0.41015625 0.001953125 0.0029296875
1 0.6787109375 0.408203125 0.001953125 0.00390625
1 0.724609375 0.4072265625 0.001953125 0.0029296875
1 0.7724609375 0.4052734375 0.001953125 0.00390625
1 0.8134765625 0.404296875 0.001953125 0.0029296875
1 0.82421875 0.404296875 0.001953125 0.00390625
1 0.802734375 0.40625 0.0029296875 0.00390625
1 0.7744140625 0.408203125 0.0029296875 0.00390625
1 0.744140625 0.41015625 0.0029296875 0.0048828125
1 0.7333984375 0.4111328125 0.0029296875 0.0048828125
1 0.736328125 0.4130859375 0.0029296875 0.0048828125
1 0.7705078125 0.412109375 0.00390625 0.005859375
1 0.8388671875 0.4111328125 0.005859375 0.0078125
1 0.935546875 0.41015625 0.0078125 0.0087890625