1 0.0048828125 0.412109375 0.0078125 0.0087890625
1 0.048828125 0.412109375 0.005859375 0.0078125
1 0.044921875 0.4111328125 0.005859375 0.0078125
1 0.0068359375 0.4072265625 0.0048828125 0.005859375
1 0.001953125 0.4033203125 0.0029296875 0.00390625
1 0.0380859375 0.4033203125 0.0029296875 0.00390625
1 0.0712890625 0.4052734375 0.00390625 0.00390625
1 0.10546875 0.40625 0.0029296875 0.00390625
1 0.1494140625 0.408203125 0.00390625 0.0048828125
1 0.2451171875 0.4111328125 0.0029296875 0.00390625
1 0.2841796875 0.4130859375 0.0029296875 0.00390625
1 0.3203125 0.4150390625 0.001953125 0.00390625
1 0.34765625 0.416015625 0.001953125 0.00390625
1 0.369140625 0.41796875 0.0029296875 0.00390625
1 0.40625 0.4208984375 0.0029296875 0.00390625
1 0.4375 0.4228515625 0.0029296875 0.00390625
1 0.4853515625 0.42578125 0.00390625 0.0048828125
1 0.5263671875 0.4296875 0.00390625 0.005859375
1 0.5400390625 0.431640625 0.0048828125 0.0068359375
1 0.5341796875 0.43359375 0.005859375 0.0078125
1 0.5185546875 0.4365234375 0.0078125 0.0107421875
1 0.564453125 0.4462890625 0.009765625 0.0126953125
1 0.7060546875 0.4580078125 0.0126953125 0.015625
1 0.9072265625 0.4716796875 0.0166015625 0.017578125
2 0.451171875 0.544921875 0.048828125 0.0625
2 0.259765625 0.4794921875 0.0302734375 0.03515625
2 0.16796875 0.451171875 0.0205078125 0.0234375
2 0.1201171875 0.4365234375 0.0146484375 0.017578125
2 0.08984375 0.42578125 0.0107421875 0.013671875
2 0.0732421875 0.4189453125 0.0087890625 0.0107421875
2 0.0849609375 0.4169921875 0.0068359375 0.0087890625
2 0.1455078125 0.416015625 0.0068359375 0.0078125
2 0.1494140625 0.4140625 0.005859375 0.0078125
2 0.1015625 0.4111328125 0.005859375 0.0068359375
2 0.0380859375 0.408203125 0.00390625 0.005859375
2 0.0283203125 0.40625 0.00390625 0.005859375
2 0.0244140625 0.4052734375 0.0029296875 0.0048828125
2 0.0537109375 0.4052734375 0.00390625 0.0048828125
2 0.1005859375 0.4072265625 0.0029296875 0.0048828125
2 0.14453125 0.408203125 0.00390625 0.0048828125
2 0.1923828125 0.4091796875 0.00390625 0.0048828125
2 0.2392578125 0.412109375 0.00390625 0.0048828125
2 0.810546875 0.482421875 0.021484375 0.0234375
2 0.572265625 0.4619140625 0.0166015625 0.0205078125
2 0.3720703125 0.4384765625 0.009765625 0.013671875
2 0.365234375 0.43359375 0.0078125 0.0107421875
2 0.40234375 0.431640625 0.0078125 0.009765625
2 0.4296875 0.4296875 0.005859375 0.0078125
2 0.44921875 0.4287109375 0.0048828125 0.0068359375
2 0.4345703125 0.42578125 0.00390625 0.005859375
2 0.404296875 0.4228515625 0.00390625 0.005859375
2 0.373046875 0.4208984375 0.00390625 0.0048828125
2 0.34375 0.41796875 0.0029296875 0.0048828125
2 0.31640625 0.416015625 0.0029296875 0.0048828125
2 0.2978515625 0.4150390625 0.0029296875 0.0048828125
2 0.2705078125 0.4130859375 0.0029296875 0.0048828125