2 0.9287109375 0.45703125 0.0263671875 0.02734375
2 0.7666015625 0.443359375 0.015625 0.01953125
2 0.6748046875 0.4365234375 0.0107421875 0.013671875
2 0.6650390625 0.4306640625 0.0087890625 0.0107421875
2 0.693359375 0.4248046875 0.0068359375 0.0087890625
2 0.716796875 0.4208984375 0.005859375 0.0078125
2 0.7353515625 0.41796875 0.0048828125 0.0068359375
2 0.75 0.4150390625 0.00390625 0.005859375
2 0.7607421875 0.4140625 0.00390625 0.005859375
2 0.76953125 0.412109375 0.0029296875 0.0048828125
2 0.77734375 0.4111328125 0.0029296875 0.00390625
2 0.7841796875 0.4091796875 0.0029296875 0.00390625
2 0.7978515625 0.408203125 0.0029296875 0.00390625
2 0.822265625 0.40625 0.0029296875 0.00390625
2 0.8662109375 0.404296875 0.0029296875 0.0048828125
2 0.9111328125 0.4033203125 0.0029296875 0.00390625
2 0.9638671875 0.4013671875 0.00390625 0.0048828125
2 0.958984375 0.4033203125 0.0029296875 0.0048828125
2 0.935546875 0.4052734375 0.00390625 0.005859375
2 0.892578125 0.4072265625 0.00390625 0.005859375
2 0.85546875 0.41015625 0.00390625 0.005859375
2 0.8271484375 0.412109375 0.00390625 0.005859375
2 0.82421875 0.4130859375 0.0048828125 0.0078125
2 0.8330078125 0.4140625 0.005859375 0.0078125
2 0.876953125 0.4150390625 0.0068359375 0.0087890625
2 0.953125 0.4150390625 0.0078125 0.0107421875
1 0.6201171875 0.53125 0.046875 0.0546875
1 0.6435546875 0.470703125 0.0234375 0.02734375
1 0.5380859375 0.4521484375 0.0146484375 0.0185546875
1 0.5048828125 0.443359375 0.0107421875 0.013671875
1 0.513671875 0.4375 0.0078125 0.0107421875
1 0.560546875 0.4306640625 0.0078125 0.0087890625
1 0.6005859375 0.42578125 0.005859375 0.0078125
1 0.6337890625 0.4228515625 0.005859375 0.0068359375
1 0.658203125 0.419921875 0.0048828125 0.0068359375
1 0.6767578125 0.4169921875 0.00390625 0.005859375
1 0.693359375 0.416015625 0.00390625 0.0048828125
1 0.7080078125 0.4140625 0.0029296875 0.0048828125
1 0.7216796875 0.4130859375 0.0029296875 0.00390625
1 0.7314453125 0.4111328125 0.001953125 0.00390625
1 0.7412109375 0.41015625 0.001953125 0.0029296875
1 0.7685546875 0.408203125 0.001953125 0.0029296875
1 0.8046875 0.40625 0.001953125 0.0029296875
1 0.8564453125 0.404296875 0.0029296875 0.00390625
1 0.9150390625 0.40234375 0.0029296875 0.00390625
1 0.9794921875 0.400390625 0.00390625 0.005859375
1 0.978515625 0.404296875 0.00390625 0.005859375
1 0.93359375 0.4072265625 0.00390625 0.005859375
1 0.91796875 0.41015625 0.005859375 0.0078125
1 0.9638671875 0.4111328125 0.0068359375 0.0078125