1 0.416015625 0.4208984375 0.0029296875 0.0048828125
1 0.4482421875 0.423828125 0.0029296875 0.0048828125
1 0.490234375 0.42578125 0.00390625 0.005859375
1 0.5439453125 0.4296875 0.00390625 0.005859375
1 0.6005859375 0.43359375 0.0048828125 0.0068359375
1 0.6640625 0.4384765625 0.005859375 0.0078125
1 0.7060546875 0.443359375 0.005859375 0.0078125
1 0.74609375 0.4482421875 0.0078125 0.009765625
1 0.8046875 0.4521484375 0.0087890625 0.0107421875
1 0.9052734375 0.4580078125 0.0087890625 0.0107421875
1 0.0205078125 0.4208984375 0.0107421875 0.01171875
1 0.107421875 0.4208984375 0.0087890625 0.0107421875
1 0.1884765625 0.4208984375 0.0068359375 0.0087890625
1 0.2421875 0.419921875 0.0048828125 0.0068359375
1 0.2353515625 0.41796875 0.0048828125 0.005859375
1 0.2060546875 0.4150390625 0.00390625 0.005859375
1 0.162109375 0.4130859375 0.00390625 0.005859375
1 0.390625 0.419921875 0.0029296875 0.00390625
1 0.3662109375 0.41796875 0.0029296875 0.00390625
1 0.3447265625 0.416015625 0.0029296875 0.00390625
1 0.3056640625 0.4140625 0.001953125 0.00390625
1 0.27734375 0.412109375 0.0029296875 0.00390625
1 0.2236328125 0.41015625 0.001953125 0.0029296875
1 0.177734375 0.408203125 0.0029296875 0.00390625
1 0.1396484375 0.4072265625 0.0029296875 0.00390625
1 0.09765625 0.4052734375 0.0029296875 0.00390625
1 0.048828125 0.404296875 0.0029296875 0.0048828125
1 0.0048828125 0.4052734375 0.0048828125 0.0068359375
1 0.056640625 0.4072265625 0.00390625 0.005859375
1 0.115234375 0.41015625 0.0048828125 0.0068359375
2 0.28125 0.4130859375 0.0029296875 0.00390625
2 0.2978515625 0.4150390625 0.0029296875 0.0048828125
2 0.3173828125 0.416015625 0.00390625 0.0048828125
2 0.33984375 0.41796875 0.00390625 0.0048828125
2 0.3623046875 0.4189453125 0.0029296875 0.0048828125
2 0.3916015625 0.421875 0.00390625 0.005859375
2 0.4296875 0.4248046875 0.00390625 0.005859375
2 0.4814453125 0.4287109375 0.0048828125 0.0068359375
2 0.5400390625 0.4326171875 0.005859375 0.0078125
2 0.5859375 0.4365234375 0.005859375 0.0087890625
2 0.6201171875 0.443359375 0.0078125 0.0107421875
2 0.7158203125 0.4521484375 0.009765625 0.0126953125
2 0.8955078125 0.4638671875 0.0126953125 0.0146484375
2 0.25390625 0.412109375 0.001953125 0.00390625
2 0.2099609375 0.41015625 0.0029296875 0.00390625
2 0.1640625 0.408203125 0.0029296875 0.0048828125
2 0.111328125 0.40625 0.00390625 0.0048828125
2 0.0634765625 0.4052734375 0.00390625 0.0048828125
2 0.0361328125 0.404296875 0.00390625 0.0048828125
2 0.041015625 0.4052734375 0.00390625 0.0048828125
2 0.0791015625 0.4072265625 0.00390625 0.0048828125
2 0.1337890625 0.41015625 0.00390625 0.005859375
2 0.1904296875 0.412109375 0.00390625 0.005859375
2 0.2431640625 0.4150390625 0.00390625 0.0048828125
2 0.2822265625 0.41796875 0.00390625 0.0068359375
2 0.3115234375 0.419921875 0.0048828125 0.0068359375
2 0.3349609375 0.423828125 0.005859375 0.0078125
2 0.2958984375 0.4248046875 0.0068359375 0.0087890625
2 0.248046875 0.42578125 0.0078125 0.009765625
2 0.17578125 0.427734375 0.0107421875 0.0126953125
2 0.134765625 0.4326171875 0.0126953125 0.0146484375
2 0.158203125 0.4423828125 0.0166015625 0.01953125
2 0.21484375 0.4599609375 0.0234375 0.0263671875
2 0.3525390625 0.501953125 0.037109375 0.0419921875
0 0.3583984375 0.41796875 0.0029296875 0.0078125
0 0.36328125 0.41796875 0.005859375 0.0078125
0 0.4130859375 0.4189453125 0.00390625 0.0078125
0 0.41796875 0.4189453125 0.00390625 0.0078125