2 0.607421875 0.4814453125 0.021484375 0.0283203125
2 0.703125 0.466796875 0.0166015625 0.0205078125
2 0.7529296875 0.458984375 0.0126953125 0.015625
1 0.125 0.474609375 0.03125 0.033203125
2 0.4892578125 0.5400390625 0.0458984375 0.0556640625
1 0.3779296875 0.4599609375 0.0185546875 0.021484375
1 0.591796875 0.4482421875 0.0107421875 0.0126953125
1 0.51953125 0.4521484375 0.0126953125 0.015625
1 0.646484375 0.4453125 0.0087890625 0.0107421875
2 0.787109375 0.4541015625 0.009765625 0.0126953125
1 0.759765625 0.4404296875 0.00390625 0.005859375
1 0.77734375 0.439453125 0.00390625 0.005859375
2 0.99609375 0.4560546875 0.0068359375 0.0107421875
1 0.7392578125 0.44140625 0.0048828125 0.0068359375
1 0.796875 0.4384765625 0.00390625 0.0048828125
2 0.822265625 0.4482421875 0.0068359375 0.0087890625
2 0.8349609375 0.4462890625 0.005859375 0.0078125
2 0.8466796875 0.4443359375 0.0048828125 0.0068359375
2 0.9140625 0.4423828125 0.00390625 0.0048828125
2 0.9033203125 0.439453125 0.0029296875 0.00390625
1 0.8515625 0.439453125 0.001953125 0.00390625
2 0.92578125 0.4443359375 0.00390625 0.005859375
1 0.8388671875 0.4404296875 0.0029296875 0.00390625
2 0.8544921875 0.443359375 0.00390625 0.005859375
1 0.8193359375 0.4375 0.001953125 0.0029296875
2 0.9404296875 0.4443359375 0.00390625 0.005859375
2 0.9814453125 0.4423828125 0.0029296875 0.00390625
2 0.873046875 0.443359375 0.00390625 0.0048828125
2 0.880859375 0.4384765625 0.001953125 0.0029296875
1 0.9228515625 0.4404296875 0.001953125 0.0029296875
2 0.9423828125 0.44140625 0.0029296875 0.00390625
1 0.833984375 0.4365234375 0.001953125 0.0029296875
1 0.8974609375 0.4384765625 0.001953125 0.0029296875
2 0.876953125 0.439453125 0.0029296875 0.00390625
1 0.82421875 0.4365234375 0.001953125 0.0029296875
1 0.8681640625 0.44140625 0.0029296875 0.00390625
1 0.8291015625 0.4365234375 0.001953125 0.0029296875
1 0.8466796875 0.4365234375 0.001953125 0.0029296875
1 0.8720703125 0.4375 0.001953125 0.0029296875
1 0.951171875 0.44140625 0.001953125 0.0029296875
1 0.9912109375 0.443359375 0.0029296875 0.0029296875
1 0.826171875 0.4375 0.001953125 0.0029296875
0 0.8076171875 0.4482421875 0.0087890625 0.017578125
0 0.8125 0.447265625 0.009765625 0.0185546875