2 0.283203125 0.4921875 0.0380859375 0.04296875
2 0.1767578125 0.451171875 0.021484375 0.025390625
2 0.1220703125 0.431640625 0.015625 0.0185546875
2 0.091796875 0.4208984375 0.0107421875 0.0146484375
2 0.078125 0.4150390625 0.0087890625 0.01171875
2 0.08984375 0.4111328125 0.0078125 0.009765625
2 0.1298828125 0.41015625 0.0068359375 0.0078125
2 0.2060546875 0.4111328125 0.005859375 0.0078125
2 0.2861328125 0.4140625 0.005859375 0.0068359375
2 0.369140625 0.41796875 0.0048828125 0.0078125
2 0.4091796875 0.4208984375 0.005859375 0.0078125
2 0.4345703125 0.423828125 0.0068359375 0.0087890625
2 0.451171875 0.4287109375 0.0078125 0.0107421875
2 0.443359375 0.435546875 0.009765625 0.013671875
2 0.458984375 0.4462890625 0.0146484375 0.0185546875
2 0.513671875 0.46484375 0.01953125 0.0263671875
2 0.673828125 0.490234375 0.0302734375 0.03515625
2 0.9951171875 0.5390625 0.0078125 0.0419921875
1 0.0703125 0.4052734375 0.005859375 0.0078125
1 0.1689453125 0.4072265625 0.005859375 0.0068359375
1 0.2666015625 0.4111328125 0.005859375 0.0078125
1 0.3623046875 0.4150390625 0.00390625 0.005859375
1 0.427734375 0.41796875 0.00390625 0.005859375
1 0.4921875 0.4228515625 0.005859375 0.0078125
1 0.5556640625 0.427734375 0.005859375 0.0078125
1 0.56640625 0.431640625 0.0068359375 0.009765625
1 0.5771484375 0.4365234375 0.0087890625 0.01171875
1 0.626953125 0.4482421875 0.013671875 0.015625
1 0.7255859375 0.462890625 0.017578125 0.0205078125
1 0.9453125 0.4873046875 0.0244140625 0.02734375