2 0.7333984375 0.4912109375 0.0234375 0.0283203125
2 0.6767578125 0.4716796875 0.015625 0.0205078125
1 0.376953125 0.486328125 0.021484375 0.0263671875
1 0.4296875 0.4716796875 0.017578125 0.0205078125
1 0.2041015625 0.5703125 0.0615234375 0.0634765625
2 0.9697265625 0.5673828125 0.0595703125 0.0634765625
2 0.7373046875 0.462890625 0.0126953125 0.015625
1 0.5224609375 0.462890625 0.01171875 0.0146484375
1 0.603515625 0.45703125 0.009765625 0.0126953125
1 0.69140625 0.4541015625 0.0087890625 0.01171875
2 0.8486328125 0.4599609375 0.0107421875 0.013671875
1 0.97265625 0.455078125 0.0107421875 0.01171875
1 0.8232421875 0.453125 0.0087890625 0.0107421875