1 0.685546875 0.4296875 0.0029296875 0.0048828125
1 0.7109375 0.431640625 0.0029296875 0.0048828125
1 0.7431640625 0.4345703125 0.00390625 0.0048828125
1 0.7861328125 0.4375 0.00390625 0.0048828125
1 0.8330078125 0.4404296875 0.0048828125 0.0068359375
1 0.8837890625 0.4453125 0.005859375 0.0068359375
1 0.9033203125 0.4482421875 0.0068359375 0.0087890625
1 0.9189453125 0.451171875 0.0078125 0.009765625
1 0.9658203125 0.455078125 0.0087890625 0.009765625
1 0.1064453125 0.4609375 0.0283203125 0.0283203125
1 0.2373046875 0.439453125 0.013671875 0.0166015625
1 0.27734375 0.4326171875 0.0107421875 0.0126953125
1 0.3095703125 0.427734375 0.0078125 0.009765625
1 0.34375 0.42578125 0.0068359375 0.0078125
1 0.3828125 0.4248046875 0.0048828125 0.0068359375
1 0.431640625 0.42578125 0.00390625 0.005859375
1 0.4853515625 0.4267578125 0.00390625 0.005859375
1 0.5263671875 0.4267578125 0.00390625 0.005859375
1 0.509765625 0.423828125 0.0029296875 0.00390625
1 0.4833984375 0.4228515625 0.0029296875 0.00390625
1 0.6669921875 0.4287109375 0.0029296875 0.00390625
1 0.6494140625 0.427734375 0.001953125 0.00390625
1 0.5078125 0.419921875 0.0029296875 0.00390625
1 0.48046875 0.4189453125 0.001953125 0.0029296875
1 0.4521484375 0.41796875 0.001953125 0.0029296875
1 0.4208984375 0.416015625 0.001953125 0.00390625
1 0.3935546875 0.416015625 0.001953125 0.00390625
1 0.373046875 0.4169921875 0.0029296875 0.00390625
1 0.369140625 0.416015625 0.00390625 0.00390625
1 0.390625 0.4169921875 0.001953125 0.00390625
1 0.4208984375 0.4189453125 0.001953125 0.00390625
1 0.455078125 0.4208984375 0.0029296875 0.00390625
2 0.58203125 0.423828125 0.001953125 0.0029296875
2 0.5927734375 0.4248046875 0.001953125 0.0029296875
2 0.60546875 0.42578125 0.0029296875 0.00390625
2 0.62109375 0.427734375 0.0029296875 0.00390625
2 0.65625 0.4306640625 0.00390625 0.0048828125
2 0.6826171875 0.4326171875 0.00390625 0.0048828125
2 0.71875 0.435546875 0.00390625 0.005859375
2 0.7607421875 0.4384765625 0.0048828125 0.0068359375
2 0.7890625 0.4453125 0.0078125 0.009765625
2 0.841796875 0.451171875 0.0087890625 0.0107421875
2 0.9921875 0.4619140625 0.01171875 0.0126953125
2 0.5625 0.4228515625 0.001953125 0.0029296875
2 0.529296875 0.4208984375 0.001953125 0.0029296875
2 0.49609375 0.419921875 0.001953125 0.00390625
2 0.4599609375 0.4189453125 0.001953125 0.0029296875
2 0.4287109375 0.41796875 0.001953125 0.00390625
2 0.412109375 0.4169921875 0.00390625 0.00390625
2 0.4140625 0.41796875 0.001953125 0.00390625
2 0.435546875 0.4189453125 0.0029296875 0.00390625
2 0.46875 0.4208984375 0.0029296875 0.00390625
2 0.505859375 0.4228515625 0.0029296875 0.00390625
2 0.541015625 0.4248046875 0.0029296875 0.00390625
2 0.5673828125 0.4267578125 0.00390625 0.0048828125
2 0.5849609375 0.427734375 0.00390625 0.0048828125
2 0.59765625 0.4296875 0.00390625 0.0048828125
2 0.5908203125 0.4306640625 0.00390625 0.005859375
2 0.5556640625 0.4306640625 0.00390625 0.005859375
2 0.515625 0.4296875 0.0048828125 0.0068359375
2 0.4619140625 0.4296875 0.005859375 0.0078125
2 0.427734375 0.4326171875 0.0078125 0.0107421875
2 0.4326171875 0.439453125 0.0087890625 0.0126953125
2 0.443359375 0.44921875 0.0126953125 0.0166015625
2 0.4609375 0.470703125 0.0205078125 0.0263671875
2 0.5087890625 0.5185546875 0.0419921875 0.0478515625
0 0.6337890625 0.4267578125 0.00390625 0.0078125
0 0.63671875 0.4267578125 0.0048828125 0.0087890625
0 0.6845703125 0.4287109375 0.00390625 0.0087890625
0 0.6875 0.4287109375 0.005859375 0.0087890625