1 0.6767578125 0.462890625 0.0107421875 0.0126953125
1 0.841796875 0.466796875 0.0126953125 0.0146484375
1 0.1572265625 0.556640625 0.0498046875 0.0576171875
1 0.015625 0.5126953125 0.0302734375 0.033203125
1 0.57421875 0.4609375 0.0078125 0.0107421875
1 0.4912109375 0.4580078125 0.0078125 0.009765625
1 0.4287109375 0.45703125 0.0068359375 0.0087890625
1 0.3740234375 0.455078125 0.005859375 0.0078125
1 0.330078125 0.455078125 0.0048828125 0.0068359375
1 0.2734375 0.455078125 0.0048828125 0.0068359375
1 0.169921875 0.4560546875 0.00390625 0.005859375
1 0.0791015625 0.4580078125 0.005859375 0.0068359375
2 0.2890625 0.4580078125 0.0068359375 0.0087890625
2 0.333984375 0.4599609375 0.0078125 0.0087890625
2 0.3896484375 0.4619140625 0.0087890625 0.0107421875
2 0.4716796875 0.4658203125 0.009765625 0.0126953125
2 0.5703125 0.4697265625 0.01171875 0.0146484375
2 0.73828125 0.4755859375 0.0166015625 0.0205078125
2 0.2294921875 0.45703125 0.005859375 0.0087890625
2 0.1396484375 0.458984375 0.005859375 0.0078125
2 0.0380859375 0.4609375 0.0078125 0.0078125
2 0.0322265625 0.4794921875 0.015625 0.017578125
2 0.2099609375 0.4814453125 0.0166015625 0.01953125
2 0.3671875 0.4873046875 0.01953125 0.0234375
2 0.556640625 0.5029296875 0.02734375 0.033203125
2 0.9150390625 0.54296875 0.052734375 0.0546875
0 0.6337890625 0.4482421875 0.0078125 0.0166015625