1 0.7509765625 0.484375 0.0380859375 0.041015625
1 0.8896484375 0.4326171875 0.0166015625 0.0185546875
1 0.91796875 0.421875 0.01171875 0.0146484375
1 0.9375 0.4140625 0.009765625 0.01171875
1 0.9541015625 0.4091796875 0.0087890625 0.009765625
1 0.849609375 0.451171875 0.013671875 0.0234375
0 0.8330078125 0.4443359375 0.0263671875 0.0458984375
0 0.8525390625 0.4404296875 0.0244140625 0.0439453125
1 0.423828125 0.5908203125 0.05078125 0.064453125
1 0.60546875 0.4404296875 0.015625 0.01953125
1 0.724609375 0.423828125 0.0107421875 0.0146484375
1 0.974609375 0.4052734375 0.0078125 0.009765625
1 0.9931640625 0.400390625 0.0048828125 0.005859375