1 0.3740234375 0.4814453125 0.009765625 0.01953125
1 0.3935546875 0.4677734375 0.01171875 0.015625
1 0.4091796875 0.4599609375 0.0078125 0.0107421875
1 0.4189453125 0.4541015625 0.005859375 0.0087890625
1 0.427734375 0.451171875 0.005859375 0.0078125
1 0.4404296875 0.44921875 0.0048828125 0.0068359375
1 0.48046875 0.447265625 0.00390625 0.005859375
1 0.5048828125 0.4453125 0.00390625 0.005859375
1 0.48046875 0.443359375 0.0029296875 0.00390625
1 0.451171875 0.4443359375 0.00390625 0.0048828125
1 0.4404296875 0.443359375 0.0029296875 0.0048828125
1 0.443359375 0.4423828125 0.0029296875 0.00390625
1 0.4541015625 0.44140625 0.001953125 0.00390625
1 0.4755859375 0.44140625 0.001953125 0.0029296875
1 0.4970703125 0.44140625 0.001953125 0.0029296875
1 0.51953125 0.4404296875 0.001953125 0.00390625
1 0.5419921875 0.439453125 0.001953125 0.0029296875
1 0.5732421875 0.4404296875 0.0029296875 0.00390625
1 0.650390625 0.439453125 0.0029296875 0.00390625
1 0.6845703125 0.439453125 0.001953125 0.0029296875
1 0.71875 0.439453125 0.001953125 0.00390625
1 0.744140625 0.4404296875 0.001953125 0.0029296875
1 0.802734375 0.44140625 0.0029296875 0.00390625
1 0.8359375 0.44140625 0.0029296875 0.00390625
1 0.888671875 0.443359375 0.00390625 0.0048828125
1 0.9365234375 0.4453125 0.0048828125 0.005859375
1 0.94921875 0.4462890625 0.005859375 0.0068359375
1 0.9345703125 0.4482421875 0.0068359375 0.0068359375
1 0.9072265625 0.451171875 0.0078125 0.0087890625
1 0.87890625 0.4541015625 0.0087890625 0.0107421875
1 0.935546875 0.4580078125 0.01171875 0.013671875
1 0.31640625 0.5068359375 0.029296875 0.0341796875
1 0.1083984375 0.5966796875 0.0556640625 0.0537109375
2 0.9931640625 0.595703125 0.013671875 0.0546875
2 0.6962890625 0.4990234375 0.02734375 0.0322265625
2 0.576171875 0.4658203125 0.01171875 0.015625
2 0.5498046875 0.458984375 0.0087890625 0.01171875
2 0.53125 0.453125 0.0068359375 0.0087890625
2 0.521484375 0.44921875 0.005859375 0.0078125
2 0.5283203125 0.4482421875 0.005859375 0.0078125
2 0.5703125 0.4453125 0.005859375 0.0078125
2 0.5390625 0.4443359375 0.00390625 0.005859375
2 0.498046875 0.4443359375 0.00390625 0.0048828125
2 0.4921875 0.443359375 0.0029296875 0.00390625
2 0.4892578125 0.4423828125 0.001953125 0.00390625
2 0.5078125 0.44140625 0.0029296875 0.00390625
2 0.5693359375 0.44140625 0.0029296875 0.00390625
2 0.60546875 0.439453125 0.0029296875 0.0048828125
2 0.6435546875 0.439453125 0.0029296875 0.00390625
2 0.90234375 0.46875 0.0166015625 0.0185546875
2 0.7900390625 0.4609375 0.0126953125 0.0146484375
2 0.7373046875 0.455078125 0.009765625 0.013671875
2 0.7783203125 0.4501953125 0.0068359375 0.0087890625
2 0.8115234375 0.4482421875 0.005859375 0.0078125
2 0.8369140625 0.4462890625 0.0048828125 0.0068359375
2 0.8251953125 0.4443359375 0.0048828125 0.005859375
2 0.794921875 0.443359375 0.00390625 0.005859375
2 0.7646484375 0.4423828125 0.00390625 0.0048828125
2 0.736328125 0.44140625 0.00390625 0.0048828125
2 0.7109375 0.4404296875 0.0029296875 0.00390625
2 0.6943359375 0.4404296875 0.0029296875 0.00390625
2 0.669921875 0.4404296875 0.0029296875 0.00390625
0 0.36328125 0.4755859375 0.017578125 0.0380859375
0 0.375 0.47265625 0.0166015625 0.0361328125
0 0.6181640625 0.46875 0.0146484375 0.03515625
0 0.6318359375 0.4716796875 0.0185546875 0.037109375
1 0.1318359375 0.4765625 0.0146484375 0.0205078125
1 0.248046875 0.4619140625 0.0087890625 0.013671875
2 0.6220703125 0.4755859375 0.0126953125 0.0185546875