2 0.4853515625 0.5107421875 0.0322265625 0.0361328125
2 0.2919921875 0.4931640625 0.0224609375 0.025390625
2 0.1279296875 0.486328125 0.01953125 0.0205078125
2 0.6953125 0.4775390625 0.0166015625 0.021484375
2 0.8671875 0.560546875 0.0625 0.0654296875
2 0.4248046875 0.466796875 0.009765625 0.0126953125
2 0.341796875 0.4638671875 0.0087890625 0.0107421875
1 0.3330078125 0.4560546875 0.005859375 0.0078125
2 0.5234375 0.470703125 0.0107421875 0.015625
1 0.3876953125 0.45703125 0.0078125 0.0087890625
1 0.4501953125 0.458984375 0.0078125 0.009765625
2 0.083984375 0.4609375 0.0078125 0.0087890625
1 0.0205078125 0.4609375 0.005859375 0.0078125
2 0.2861328125 0.4609375 0.0078125 0.009765625
2 0.2421875 0.458984375 0.0078125 0.0087890625
1 0.1201171875 0.4580078125 0.0048828125 0.0068359375
2 0.1806640625 0.458984375 0.0068359375 0.0078125
1 0.2294921875 0.4560546875 0.0048828125 0.005859375
1 0.2890625 0.455078125 0.0048828125 0.0068359375
0 0.509765625 0.4658203125 0.0126953125 0.02734375
0 0.5361328125 0.4658203125 0.0166015625 0.02734375