1 0.0400390625 0.580078125 0.060546875 0.07421875
1 0.0693359375 0.5107421875 0.03125 0.03515625
1 0.9833984375 0.4609375 0.013671875 0.0146484375
1 0.8662109375 0.455078125 0.0107421875 0.0126953125
1 0.724609375 0.44921875 0.005859375 0.0078125
1 0.6591796875 0.4482421875 0.005859375 0.0078125
1 0.5556640625 0.4482421875 0.0048828125 0.0068359375
1 0.474609375 0.4482421875 0.0048828125 0.0068359375
1 0.408203125 0.4501953125 0.005859375 0.0068359375
1 0.24609375 0.453125 0.005859375 0.0078125
1 0.0615234375 0.4599609375 0.0087890625 0.0087890625
1 0.02734375 0.490234375 0.0224609375 0.0244140625
2 0.671875 0.453125 0.0078125 0.0107421875
2 0.7265625 0.4580078125 0.0087890625 0.0126953125
2 0.80859375 0.4638671875 0.0126953125 0.015625
2 0.9716796875 0.4765625 0.0205078125 0.0224609375
2 0.6083984375 0.4501953125 0.005859375 0.0087890625
2 0.5224609375 0.4501953125 0.005859375 0.0078125
2 0.435546875 0.451171875 0.0068359375 0.0078125
2 0.3349609375 0.453125 0.0078125 0.0087890625
2 0.236328125 0.4560546875 0.0078125 0.009765625
2 0.154296875 0.458984375 0.0087890625 0.0107421875
2 0.1201171875 0.462890625 0.0107421875 0.0126953125
2 0.150390625 0.466796875 0.0126953125 0.0146484375
2 0.236328125 0.470703125 0.0146484375 0.0166015625
2 0.3486328125 0.4794921875 0.0185546875 0.021484375
2 0.51953125 0.49609375 0.025390625 0.029296875
2 0.7822265625 0.5439453125 0.0498046875 0.0576171875