1 0.3896484375 0.4853515625 0.0087890625 0.0205078125
1 0.41796875 0.4697265625 0.0126953125 0.0166015625
1 0.4375 0.4599609375 0.0087890625 0.0126953125
1 0.4501953125 0.4541015625 0.0078125 0.009765625
1 0.4609375 0.4501953125 0.005859375 0.0078125
1 0.474609375 0.4482421875 0.0048828125 0.0068359375
1 0.515625 0.4462890625 0.0048828125 0.005859375
1 0.541015625 0.4443359375 0.0048828125 0.005859375
1 0.517578125 0.443359375 0.0029296875 0.00390625
1 0.486328125 0.4443359375 0.00390625 0.0048828125
1 0.4755859375 0.443359375 0.00390625 0.0048828125
1 0.4794921875 0.44140625 0.0029296875 0.00390625
1 0.490234375 0.4404296875 0.001953125 0.00390625
1 0.5126953125 0.4404296875 0.001953125 0.00390625
1 0.556640625 0.439453125 0.001953125 0.00390625
1 0.580078125 0.439453125 0.0029296875 0.00390625
1 0.61328125 0.4384765625 0.001953125 0.00390625
1 0.6923828125 0.4375 0.0029296875 0.0029296875
1 0.728515625 0.4375 0.001953125 0.0029296875
1 0.7646484375 0.4384765625 0.001953125 0.0029296875
1 0.7919921875 0.4384765625 0.001953125 0.0029296875
1 0.814453125 0.4384765625 0.0029296875 0.00390625
1 0.85546875 0.439453125 0.0029296875 0.00390625
1 0.8916015625 0.4404296875 0.0029296875 0.00390625
1 0.951171875 0.44140625 0.0048828125 0.005859375
1 0.9755859375 0.4501953125 0.009765625 0.0107421875
1 0.9462890625 0.4541015625 0.0107421875 0.01171875
1 0.310546875 0.5166015625 0.0341796875 0.0390625
2 0.7509765625 0.5087890625 0.03515625 0.0380859375
2 0.6123046875 0.466796875 0.013671875 0.017578125
2 0.5849609375 0.458984375 0.009765625 0.0126953125
2 0.5673828125 0.453125 0.0078125 0.0107421875
2 0.5576171875 0.44921875 0.005859375 0.0087890625
2 0.5654296875 0.447265625 0.005859375 0.0078125
2 0.607421875 0.4453125 0.0048828125 0.0078125
2 0.6103515625 0.443359375 0.0048828125 0.0068359375
2 0.5771484375 0.443359375 0.00390625 0.005859375
2 0.53515625 0.443359375 0.0029296875 0.0048828125
2 0.529296875 0.4423828125 0.0029296875 0.00390625
2 0.52734375 0.44140625 0.00390625 0.00390625
2 0.544921875 0.4404296875 0.0029296875 0.00390625
2 0.6083984375 0.44140625 0.00390625 0.005859375
2 0.646484375 0.439453125 0.00390625 0.0048828125
2 0.685546875 0.4384765625 0.0029296875 0.00390625
2 0.982421875 0.470703125 0.01953125 0.0205078125
2 0.8486328125 0.4619140625 0.0126953125 0.015625
2 0.7880859375 0.455078125 0.0107421875 0.0146484375
2 0.83203125 0.4501953125 0.0078125 0.0087890625
2 0.8671875 0.447265625 0.0068359375 0.0087890625
2 0.8955078125 0.4453125 0.005859375 0.0078125
2 0.8818359375 0.443359375 0.0048828125 0.0068359375
2 0.84765625 0.4423828125 0.0048828125 0.005859375
2 0.814453125 0.44140625 0.00390625 0.0048828125
2 0.7841796875 0.4404296875 0.00390625 0.0048828125
2 0.7568359375 0.439453125 0.0029296875 0.00390625
2 0.7392578125 0.439453125 0.0029296875 0.0048828125
2 0.7138671875 0.4384765625 0.0029296875 0.0048828125
1 0.142578125 0.478515625 0.017578125 0.0234375
1 0.271484375 0.462890625 0.0126953125 0.0166015625
2 0.6650390625 0.4814453125 0.017578125 0.0234375
0 0.3759765625 0.478515625 0.0205078125 0.0390625
0 0.390625 0.474609375 0.0205078125 0.0361328125
0 0.6591796875 0.4716796875 0.0205078125 0.03515625
0 0.6728515625 0.474609375 0.0234375 0.041015625