1 0.6455078125 0.4287109375 0.0029296875 0.00390625
1 0.669921875 0.4306640625 0.0029296875 0.00390625
1 0.7021484375 0.4326171875 0.00390625 0.0048828125
1 0.744140625 0.435546875 0.00390625 0.005859375
1 0.7890625 0.4384765625 0.0048828125 0.0068359375
1 0.83984375 0.443359375 0.0048828125 0.0068359375
1 0.859375 0.4462890625 0.0068359375 0.0078125
1 0.875 0.44921875 0.0078125 0.009765625
1 0.9208984375 0.453125 0.0078125 0.009765625
1 0.0517578125 0.4658203125 0.03125 0.0322265625
1 0.193359375 0.4404296875 0.0166015625 0.0166015625
1 0.234375 0.4326171875 0.01171875 0.0126953125
1 0.2666015625 0.4267578125 0.0087890625 0.009765625
1 0.302734375 0.4248046875 0.0078125 0.0087890625
1 0.341796875 0.4248046875 0.005859375 0.0078125
1 0.447265625 0.42578125 0.00390625 0.005859375
1 0.48828125 0.4248046875 0.00390625 0.0048828125
1 0.443359375 0.4208984375 0.0029296875 0.00390625
1 0.6259765625 0.427734375 0.0029296875 0.00390625
1 0.6083984375 0.42578125 0.001953125 0.00390625
1 0.59375 0.4248046875 0.001953125 0.0029296875
1 0.4677734375 0.41796875 0.001953125 0.0029296875
1 0.4404296875 0.41796875 0.001953125 0.0029296875
1 0.4111328125 0.4169921875 0.001953125 0.00390625
1 0.37890625 0.41796875 0.001953125 0.00390625
1 0.3515625 0.4150390625 0.001953125 0.00390625
1 0.330078125 0.4150390625 0.00390625 0.00390625
1 0.326171875 0.4150390625 0.0029296875 0.00390625
1 0.3486328125 0.416015625 0.0029296875 0.00390625
1 0.4140625 0.419921875 0.0029296875 0.00390625
2 0.5419921875 0.4228515625 0.001953125 0.0029296875
2 0.5537109375 0.4248046875 0.001953125 0.0029296875
2 0.5654296875 0.4248046875 0.001953125 0.00390625
2 0.5810546875 0.42578125 0.0029296875 0.00390625
2 0.5966796875 0.427734375 0.0029296875 0.00390625
2 0.6171875 0.4287109375 0.0029296875 0.0048828125
2 0.642578125 0.431640625 0.00390625 0.0048828125
2 0.6796875 0.43359375 0.00390625 0.005859375
2 0.7216796875 0.4365234375 0.0048828125 0.0068359375
2 0.75 0.439453125 0.0048828125 0.0078125
2 0.8046875 0.4501953125 0.0078125 0.0107421875
2 0.94921875 0.4599609375 0.0107421875 0.0126953125
2 0.521484375 0.421875 0.001953125 0.0029296875
2 0.4892578125 0.419921875 0.001953125 0.0029296875
2 0.4560546875 0.4189453125 0.001953125 0.0029296875
2 0.4189453125 0.41796875 0.001953125 0.0029296875
2 0.3876953125 0.416015625 0.001953125 0.00390625
2 0.3701171875 0.416015625 0.0029296875 0.00390625
2 0.3720703125 0.4169921875 0.001953125 0.00390625
2 0.39453125 0.41796875 0.0029296875 0.00390625
2 0.4287109375 0.419921875 0.0029296875 0.00390625
2 0.4658203125 0.4208984375 0.0029296875 0.00390625
2 0.501953125 0.423828125 0.0029296875 0.00390625
2 0.5283203125 0.4248046875 0.0029296875 0.0048828125
2 0.5595703125 0.4287109375 0.00390625 0.005859375
2 0.5537109375 0.4296875 0.00390625 0.005859375
2 0.5185546875 0.4296875 0.0048828125 0.0068359375
2 0.478515625 0.4287109375 0.0048828125 0.0078125
2 0.423828125 0.4287109375 0.005859375 0.0078125
2 0.3916015625 0.43359375 0.0078125 0.0107421875
2 0.3984375 0.439453125 0.0087890625 0.0126953125
2 0.412109375 0.44921875 0.013671875 0.0166015625
2 0.505859375 0.5283203125 0.0419921875 0.05078125
2 0.4384765625 0.4736328125 0.0224609375 0.0283203125