1 0.2314453125 0.412109375 0.005859375 0.0068359375
1 0.2900390625 0.4140625 0.005859375 0.0078125
1 0.3291015625 0.4169921875 0.005859375 0.0068359375
1 0.3662109375 0.419921875 0.005859375 0.0078125
1 0.408203125 0.423828125 0.005859375 0.0078125
1 0.44921875 0.427734375 0.0068359375 0.009765625
1 0.6181640625 0.4423828125 0.009765625 0.0126953125
1 0.771484375 0.455078125 0.0126953125 0.0166015625
1 0.986328125 0.4736328125 0.017578125 0.01953125
2 0.208984375 0.5302734375 0.0546875 0.0625
2 0.0029296875 0.423828125 0.005859375 0.015625
2 0.0419921875 0.4169921875 0.0107421875 0.0126953125
2 0.0625 0.408203125 0.0078125 0.0087890625
2 0.158203125 0.412109375 0.0068359375 0.0087890625
2 0.21875 0.4150390625 0.0068359375 0.0087890625
2 0.26953125 0.41796875 0.0068359375 0.009765625
2 0.3056640625 0.421875 0.0078125 0.0107421875
2 0.349609375 0.4267578125 0.0078125 0.0107421875
2 0.408203125 0.4326171875 0.009765625 0.0126953125
2 0.5087890625 0.443359375 0.01171875 0.0146484375
2 0.6640625 0.458984375 0.017578125 0.0205078125
2 0.90625 0.4853515625 0.0244140625 0.0263671875