1 0.029296875 0.419921875 0.0107421875 0.0126953125
1 0.08984375 0.4189453125 0.0087890625 0.0107421875
1 0.08203125 0.4169921875 0.0078125 0.009765625
1 0.0322265625 0.4140625 0.0078125 0.009765625
1 0.025390625 0.404296875 0.0048828125 0.005859375
1 0.068359375 0.40625 0.00390625 0.0048828125
1 0.10546875 0.4072265625 0.0048828125 0.005859375
1 0.1435546875 0.408203125 0.0029296875 0.0048828125
1 0.193359375 0.4091796875 0.0029296875 0.00390625
1 0.2392578125 0.4111328125 0.0029296875 0.00390625
1 0.30078125 0.4130859375 0.0029296875 0.00390625
1 0.345703125 0.4150390625 0.0029296875 0.00390625
1 0.423828125 0.419921875 0.0029296875 0.0029296875
1 0.4541015625 0.421875 0.0029296875 0.00390625
1 0.5068359375 0.42578125 0.00390625 0.0048828125
1 0.552734375 0.4287109375 0.00390625 0.005859375
1 0.6279296875 0.43359375 0.0048828125 0.0068359375
1 0.7021484375 0.439453125 0.0068359375 0.0087890625
1 0.7412109375 0.4443359375 0.0078125 0.009765625
1 0.7646484375 0.44921875 0.0087890625 0.01171875
1 0.796875 0.45703125 0.01171875 0.013671875
1 0.861328125 0.470703125 0.0166015625 0.01953125
2 0.310546875 0.501953125 0.0390625 0.0439453125
2 0.1826171875 0.4541015625 0.0205078125 0.0244140625
2 0.13671875 0.435546875 0.0146484375 0.0185546875
2 0.146484375 0.4287109375 0.0107421875 0.0146484375
2 0.21875 0.4248046875 0.0078125 0.0107421875
2 0.21484375 0.419921875 0.0068359375 0.009765625
2 0.15234375 0.416015625 0.0068359375 0.0078125
2 0.0712890625 0.412109375 0.005859375 0.0078125
2 0.05859375 0.4091796875 0.0048828125 0.0068359375
2 0.052734375 0.4072265625 0.00390625 0.005859375
2 0.0869140625 0.4072265625 0.0048828125 0.005859375
2 0.140625 0.4091796875 0.00390625 0.0048828125
2 0.189453125 0.41015625 0.00390625 0.0048828125
2 0.2431640625 0.412109375 0.00390625 0.0048828125
2 0.296875 0.4140625 0.00390625 0.0048828125
2 0.71875 0.4794921875 0.0234375 0.025390625
2 0.6123046875 0.458984375 0.0146484375 0.017578125
2 0.6220703125 0.4501953125 0.0107421875 0.0146484375
2 0.6259765625 0.4443359375 0.0078125 0.01171875
2 0.6181640625 0.439453125 0.0068359375 0.0087890625
2 0.5771484375 0.43359375 0.0068359375 0.0087890625
2 0.52734375 0.4296875 0.005859375 0.0078125
2 0.478515625 0.42578125 0.00390625 0.0068359375
2 0.4345703125 0.4228515625 0.00390625 0.005859375
2 0.3955078125 0.419921875 0.00390625 0.005859375
2 0.3681640625 0.41796875 0.00390625 0.0048828125
2 0.333984375 0.416015625 0.00390625 0.0048828125