1 0.064453125 0.4384765625 0.017578125 0.0185546875
1 0.142578125 0.4326171875 0.013671875 0.0146484375
1 0.12890625 0.4287109375 0.01171875 0.0146484375
1 0.0576171875 0.4248046875 0.0107421875 0.0126953125
1 0.0390625 0.4091796875 0.005859375 0.0068359375
1 0.087890625 0.41015625 0.0048828125 0.005859375
1 0.130859375 0.4111328125 0.0048828125 0.005859375
1 0.2802734375 0.416015625 0.00390625 0.005859375
1 0.400390625 0.419921875 0.00390625 0.00390625
1 0.453125 0.4228515625 0.0029296875 0.0048828125
1 0.498046875 0.42578125 0.0029296875 0.00390625
1 0.5380859375 0.4287109375 0.00390625 0.005859375
1 0.6142578125 0.43359375 0.00390625 0.005859375
1 0.681640625 0.4384765625 0.0048828125 0.0068359375
1 0.7998046875 0.4462890625 0.005859375 0.0078125
1 0.93359375 0.4560546875 0.0087890625 0.0107421875
2 0.6259765625 0.5869140625 0.0625 0.072265625
2 0.2958984375 0.48046875 0.0302734375 0.03515625
2 0.259765625 0.4541015625 0.0185546875 0.0234375
2 0.3251953125 0.4404296875 0.0126953125 0.0146484375
2 0.2998046875 0.431640625 0.009765625 0.0126953125
2 0.2099609375 0.42578125 0.0087890625 0.0107421875
2 0.103515625 0.419921875 0.0078125 0.009765625
2 0.0830078125 0.416015625 0.0068359375 0.0087890625
2 0.0732421875 0.412109375 0.005859375 0.0068359375
2 0.111328125 0.412109375 0.005859375 0.0068359375
2 0.1728515625 0.4140625 0.0048828125 0.005859375
2 0.2275390625 0.4150390625 0.0048828125 0.005859375
2 0.2880859375 0.4169921875 0.0048828125 0.005859375
2 0.3486328125 0.4189453125 0.00390625 0.005859375
2 0.9501953125 0.47265625 0.0166015625 0.017578125
2 0.861328125 0.4580078125 0.0107421875 0.0126953125
2 0.76171875 0.447265625 0.0087890625 0.0107421875
2 0.67578125 0.44140625 0.0068359375 0.0087890625
2 0.5986328125 0.435546875 0.0068359375 0.0087890625
2 0.5322265625 0.431640625 0.0048828125 0.0068359375
2 0.474609375 0.4267578125 0.0048828125 0.0068359375
2 0.4375 0.4248046875 0.00390625 0.005859375
2 0.3935546875 0.421875 0.00390625 0.005859375