2 0.994140625 0.4453125 0.0078125 0.0087890625
2 0.9775390625 0.4482421875 0.0087890625 0.0107421875
2 0.9599609375 0.583984375 0.0703125 0.0703125
2 0.751953125 0.494140625 0.02734375 0.03125
2 0.76171875 0.47265625 0.017578125 0.0205078125
2 0.7978515625 0.4609375 0.0126953125 0.015625
2 0.8193359375 0.453125 0.009765625 0.01171875
2 0.8349609375 0.4482421875 0.0078125 0.0107421875
2 0.845703125 0.4453125 0.005859375 0.0087890625
2 0.853515625 0.4423828125 0.0048828125 0.0078125
2 0.8583984375 0.4404296875 0.00390625 0.005859375
2 0.8642578125 0.439453125 0.00390625 0.005859375
2 0.875 0.4375 0.00390625 0.005859375
2 0.9091796875 0.4365234375 0.00390625 0.005859375
2 0.970703125 0.4365234375 0.00390625 0.0048828125
1 0.2275390625 0.5537109375 0.05078125 0.05859375
1 0.4375 0.486328125 0.0205078125 0.025390625
1 0.5634765625 0.46875 0.015625 0.017578125
1 0.64453125 0.4580078125 0.0107421875 0.013671875
1 0.689453125 0.453125 0.0087890625 0.0107421875
1 0.724609375 0.447265625 0.0078125 0.009765625
1 0.7470703125 0.4443359375 0.0068359375 0.0078125
1 0.767578125 0.44140625 0.0048828125 0.0068359375
1 0.7763671875 0.4404296875 0.00390625 0.005859375
1 0.7880859375 0.4384765625 0.00390625 0.005859375
1 0.7998046875 0.4375 0.00390625 0.0048828125
1 0.822265625 0.4365234375 0.0029296875 0.00390625
1 0.9248046875 0.435546875 0.0029296875 0.00390625
1 0.982421875 0.4345703125 0.00390625 0.0048828125