2 0.8232421875 0.4365234375 0.00390625 0.005859375
2 0.8623046875 0.4365234375 0.0048828125 0.0068359375
2 0.8876953125 0.4384765625 0.0048828125 0.0078125
2 0.8837890625 0.4404296875 0.005859375 0.0078125
2 0.8681640625 0.443359375 0.0068359375 0.0087890625
2 0.8369140625 0.4462890625 0.0078125 0.0107421875
2 0.8203125 0.451171875 0.009765625 0.0126953125
2 0.8447265625 0.4580078125 0.0126953125 0.0166015625
2 0.998046875 0.4755859375 0.00390625 0.0185546875
2 0.794921875 0.5224609375 0.04296875 0.0478515625
2 0.69140625 0.4775390625 0.01953125 0.0244140625
2 0.6591796875 0.4619140625 0.0126953125 0.0166015625
2 0.6396484375 0.453125 0.0087890625 0.0126953125
2 0.62890625 0.447265625 0.0068359375 0.009765625
2 0.6201171875 0.4443359375 0.005859375 0.0087890625
2 0.615234375 0.4423828125 0.0048828125 0.0068359375
2 0.6181640625 0.4404296875 0.0048828125 0.005859375
2 0.6455078125 0.4384765625 0.00390625 0.005859375
2 0.6982421875 0.4375 0.0029296875 0.0048828125
2 0.76171875 0.4365234375 0.00390625 0.005859375
1 0.767578125 0.435546875 0.0029296875 0.00390625
1 0.8271484375 0.435546875 0.0029296875 0.0048828125
1 0.89453125 0.435546875 0.00390625 0.005859375
1 0.9609375 0.435546875 0.0048828125 0.0068359375
1 0.994140625 0.439453125 0.0068359375 0.0087890625
1 0.990234375 0.4423828125 0.005859375 0.0087890625
1 0.982421875 0.4462890625 0.009765625 0.0107421875
1 0.345703125 0.525390625 0.0400390625 0.0439453125
1 0.4453125 0.4814453125 0.0185546875 0.0224609375
1 0.486328125 0.4638671875 0.01171875 0.015625
1 0.505859375 0.4541015625 0.0087890625 0.01171875
1 0.5205078125 0.4482421875 0.0068359375 0.0087890625
1 0.5234375 0.4453125 0.0048828125 0.0078125
1 0.5302734375 0.4423828125 0.0048828125 0.0068359375
1 0.5380859375 0.44140625 0.00390625 0.005859375
1 0.5576171875 0.439453125 0.00390625 0.005859375
1 0.5966796875 0.4384765625 0.00390625 0.0048828125
1 0.6513671875 0.4375 0.0029296875 0.0048828125