2 0.31640625 0.4814453125 0.03125 0.03515625
1 0.044921875 0.453125 0.0244140625 0.025390625
2 0.375 0.4609375 0.01953125 0.0234375
1 0.2001953125 0.4443359375 0.0166015625 0.0185546875
2 0.869140625 0.4658203125 0.0126953125 0.0146484375
2 0.513671875 0.4560546875 0.0146484375 0.01953125
1 0.359375 0.44140625 0.0126953125 0.015625
1 0.498046875 0.4443359375 0.0107421875 0.0146484375
2 0.68359375 0.458984375 0.0126953125 0.0166015625
2 0.451171875 0.5478515625 0.0517578125 0.060546875
1 0.63671875 0.44921875 0.0107421875 0.0126953125
1 0.7568359375 0.4521484375 0.009765625 0.0126953125
1 0.87109375 0.4521484375 0.0048828125 0.005859375