1 0.7353515625 0.4345703125 0.001953125 0.001953125
1 0.1474609375 0.5947265625 0.05078125 0.0556640625
1 0.4453125 0.509765625 0.0322265625 0.0380859375
1 0.5078125 0.4853515625 0.021484375 0.0263671875
1 0.5537109375 0.470703125 0.015625 0.01953125
1 0.5791015625 0.458984375 0.0107421875 0.0146484375
1 0.595703125 0.453125 0.0087890625 0.0107421875
1 0.6064453125 0.44921875 0.005859375 0.0087890625
1 0.6162109375 0.4462890625 0.0048828125 0.0078125
1 0.6220703125 0.4443359375 0.00390625 0.005859375
1 0.626953125 0.44140625 0.0029296875 0.0048828125
1 0.630859375 0.44140625 0.00390625 0.0048828125
1 0.6328125 0.4404296875 0.00390625 0.0048828125
1 0.6376953125 0.4384765625 0.0029296875 0.00390625
1 0.6416015625 0.4365234375 0.001953125 0.0029296875
1 0.6494140625 0.435546875 0.001953125 0.001953125
2 0.775390625 0.4365234375 0.001953125 0.0029296875
2 0.7841796875 0.435546875 0.001953125 0.0029296875
2 0.767578125 0.4365234375 0.001953125 0.0029296875
2 0.765625 0.4365234375 0.001953125 0.0029296875
2 0.814453125 0.4404296875 0.0029296875 0.00390625
2 0.810546875 0.4404296875 0.0029296875 0.00390625
2 0.93359375 0.451171875 0.0068359375 0.009765625
2 0.9375 0.5400390625 0.0478515625 0.0537109375
2 0.828125 0.494140625 0.0244140625 0.029296875
2 0.779296875 0.474609375 0.0166015625 0.021484375
2 0.7470703125 0.4619140625 0.0107421875 0.015625
2 0.7314453125 0.455078125 0.0078125 0.01171875
2 0.7216796875 0.451171875 0.005859375 0.0087890625
2 0.71484375 0.447265625 0.0048828125 0.0078125
2 0.708984375 0.4453125 0.00390625 0.0068359375
2 0.703125 0.443359375 0.0029296875 0.005859375
2 0.69921875 0.4423828125 0.0029296875 0.00390625
2 0.697265625 0.44140625 0.0029296875 0.00390625
2 0.6953125 0.439453125 0.001953125 0.00390625
2 0.6904296875 0.4384765625 0.0029296875 0.00390625
2 0.6845703125 0.435546875 0.001953125 0.0029296875
2 0.701171875 0.435546875 0.001953125 0.0029296875
2 0.7265625 0.435546875 0.001953125 0.0029296875
1 0.9970703125 0.4453125 0.0048828125 0.005859375
1 0.9423828125 0.443359375 0.00390625 0.005859375
1 0.8984375 0.44140625 0.00390625 0.0048828125
1 0.8603515625 0.4404296875 0.00390625 0.005859375
1 0.8681640625 0.439453125 0.0029296875 0.0048828125
1 0.876953125 0.4384765625 0.0029296875 0.0048828125
1 0.8408203125 0.4375 0.001953125 0.00390625
1 0.7998046875 0.4365234375 0.001953125 0.00390625
2 0.87109375 0.4423828125 0.00390625 0.0048828125
2 0.9208984375 0.447265625 0.0048828125 0.0078125
2 0.8310546875 0.4423828125 0.00390625 0.0048828125
2 0.8251953125 0.4384765625 0.001953125 0.00390625