2 0.9072265625 0.5595703125 0.0517578125 0.0576171875
2 0.9619140625 0.5107421875 0.02734375 0.03125
2 0.9013671875 0.4921875 0.0205078125 0.0224609375
2 0.8017578125 0.4765625 0.0146484375 0.0166015625
2 0.673828125 0.46484375 0.009765625 0.013671875
2 0.5791015625 0.45703125 0.0078125 0.0107421875
2 0.5556640625 0.4541015625 0.0068359375 0.0087890625
2 0.6044921875 0.453125 0.005859375 0.0087890625
2 0.6748046875 0.4560546875 0.0068359375 0.0087890625
2 0.7724609375 0.4599609375 0.0068359375 0.0087890625
2 0.90234375 0.4658203125 0.0087890625 0.0107421875
1 0.7763671875 0.45703125 0.0048828125 0.0068359375
1 0.6630859375 0.453125 0.0048828125 0.0068359375
1 0.560546875 0.44921875 0.0048828125 0.0068359375
1 0.4677734375 0.447265625 0.005859375 0.0078125
1 0.42578125 0.44921875 0.0068359375 0.0087890625
1 0.453125 0.4541015625 0.0087890625 0.0107421875
1 0.5361328125 0.462890625 0.0107421875 0.013671875
1 0.61328125 0.4765625 0.0146484375 0.0185546875
1 0.5029296875 0.494140625 0.025390625 0.029296875
1 0.1083984375 0.53125 0.0537109375 0.056640625