1 0.0244140625 0.4306640625 0.0166015625 0.0166015625
1 0.103515625 0.4267578125 0.0126953125 0.013671875
1 0.201171875 0.4267578125 0.0107421875 0.0107421875
1 0.2802734375 0.427734375 0.0087890625 0.0107421875
1 0.3447265625 0.4287109375 0.0087890625 0.009765625
1 0.408203125 0.4296875 0.005859375 0.0087890625
1 0.4892578125 0.4326171875 0.0068359375 0.0087890625
1 0.568359375 0.4345703125 0.005859375 0.0078125
1 0.6806640625 0.439453125 0.0068359375 0.0087890625
1 0.7822265625 0.4453125 0.0068359375 0.0087890625
1 0.91015625 0.453125 0.0078125 0.009765625
2 0.189453125 0.509765625 0.041015625 0.048828125
2 0.2119140625 0.455078125 0.0205078125 0.0234375
2 0.2314453125 0.4375 0.01171875 0.015625
2 0.30859375 0.43359375 0.0107421875 0.0126953125
2 0.41015625 0.4345703125 0.0078125 0.0107421875
2 0.4970703125 0.4365234375 0.0078125 0.0107421875
2 0.595703125 0.439453125 0.0078125 0.0107421875
2 0.7080078125 0.4453125 0.0087890625 0.009765625
2 0.955078125 0.462890625 0.01171875 0.0126953125
2 0.8115234375 0.4521484375 0.0107421875 0.01171875