1 0.259765625 0.5537109375 0.0498046875 0.056640625
2 0.81640625 0.5205078125 0.0390625 0.04296875
2 0.7958984375 0.4853515625 0.0205078125 0.0244140625
2 0.9296875 0.4638671875 0.0126953125 0.015625
1 0.4384765625 0.4912109375 0.0205078125 0.025390625
1 0.736328125 0.4609375 0.0107421875 0.013671875
2 0.8759765625 0.470703125 0.015625 0.0185546875
2 0.97265625 0.4580078125 0.01171875 0.0126953125
2 0.939453125 0.453125 0.0087890625 0.0107421875
2 0.8779296875 0.4501953125 0.0078125 0.009765625
1 0.5361328125 0.4775390625 0.015625 0.0185546875
2 0.8193359375 0.4482421875 0.0068359375 0.0087890625
1 0.771484375 0.453125 0.0078125 0.009765625
2 0.755859375 0.447265625 0.005859375 0.0078125
1 0.7958984375 0.45703125 0.0087890625 0.0107421875
1 0.9638671875 0.443359375 0.005859375 0.0068359375
1 0.7197265625 0.4501953125 0.0068359375 0.0078125
2 0.8408203125 0.443359375 0.00390625 0.005859375
2 0.884765625 0.4443359375 0.0048828125 0.0068359375
1 0.640625 0.46875 0.0126953125 0.015625
1 0.4765625 0.447265625 0.00390625 0.005859375
2 0.568359375 0.4462890625 0.00390625 0.005859375
2 0.5283203125 0.4453125 0.00390625 0.0048828125
1 0.8720703125 0.44140625 0.00390625 0.005859375
2 0.779296875 0.44140625 0.00390625 0.005859375
1 0.470703125 0.4462890625 0.00390625 0.005859375
2 0.6865234375 0.4462890625 0.0048828125 0.0068359375
2 0.9326171875 0.4453125 0.0048828125 0.0078125
2 0.5341796875 0.4462890625 0.0029296875 0.0048828125
2 0.806640625 0.4423828125 0.00390625 0.0048828125
1 0.50390625 0.447265625 0.00390625 0.005859375
1 0.662109375 0.4482421875 0.005859375 0.0068359375
1 0.9130859375 0.4423828125 0.00390625 0.0048828125
1 0.501953125 0.4443359375 0.0029296875 0.0048828125
1 0.5380859375 0.443359375 0.0029296875 0.00390625
2 0.6904296875 0.4423828125 0.0029296875 0.00390625
1 0.55078125 0.447265625 0.00390625 0.005859375
2 0.5517578125 0.4443359375 0.0029296875 0.0048828125
2 0.6220703125 0.4462890625 0.00390625 0.005859375
2 0.59375 0.443359375 0.0029296875 0.00390625
2 0.7412109375 0.44140625 0.00390625 0.0048828125
2 0.642578125 0.4423828125 0.0029296875 0.00390625
1 0.7666015625 0.4404296875 0.00390625 0.0048828125
1 0.580078125 0.443359375 0.0029296875 0.00390625
1 0.6083984375 0.4482421875 0.0048828125 0.005859375
1 0.6181640625 0.4423828125 0.0029296875 0.00390625
1 0.703125 0.44140625 0.0029296875 0.0029296875
1 0.8056640625 0.4404296875 0.0029296875 0.00390625
1 0.654296875 0.4423828125 0.001953125 0.00390625
0 0.9267578125 0.443359375 0.005859375 0.013671875
0 0.9384765625 0.4423828125 0.0068359375 0.0126953125