1 0.1884765625 0.4111328125 0.001953125 0.00390625
1 0.203125 0.412109375 0.0029296875 0.00390625
1 0.220703125 0.4140625 0.0029296875 0.00390625
1 0.240234375 0.4150390625 0.00390625 0.00390625
1 0.2626953125 0.4169921875 0.00390625 0.0048828125
1 0.2890625 0.4189453125 0.00390625 0.005859375
1 0.318359375 0.421875 0.0048828125 0.005859375
1 0.3525390625 0.4248046875 0.0048828125 0.005859375
1 0.39453125 0.4287109375 0.0048828125 0.0068359375
1 0.4462890625 0.4326171875 0.005859375 0.0078125
1 0.509765625 0.4375 0.0068359375 0.0087890625
1 0.5908203125 0.4443359375 0.0068359375 0.0087890625
1 0.7021484375 0.4541015625 0.0087890625 0.0107421875
1 0.8544921875 0.466796875 0.01171875 0.013671875
1 0.017578125 0.4013671875 0.0029296875 0.00390625
1 0.056640625 0.40234375 0.001953125 0.0029296875
1 0.1416015625 0.4072265625 0.001953125 0.0029296875
1 0.1513671875 0.408203125 0.001953125 0.0029296875
1 0.162109375 0.4091796875 0.001953125 0.0029296875
2 0.1044921875 0.40625 0.001953125 0.0029296875
2 0.11328125 0.4072265625 0.001953125 0.0029296875
2 0.1220703125 0.408203125 0.001953125 0.0029296875
2 0.1328125 0.4091796875 0.0029296875 0.00390625
2 0.146484375 0.41015625 0.0029296875 0.00390625
2 0.1591796875 0.4111328125 0.0029296875 0.00390625
2 0.1748046875 0.4130859375 0.00390625 0.00390625
2 0.193359375 0.4150390625 0.00390625 0.005859375
2 0.212890625 0.416015625 0.00390625 0.005859375
2 0.2373046875 0.4189453125 0.005859375 0.0068359375
2 0.267578125 0.421875 0.005859375 0.0078125
2 0.3046875 0.42578125 0.005859375 0.0078125
2 0.349609375 0.4296875 0.0068359375 0.0087890625
2 0.408203125 0.435546875 0.0078125 0.0107421875
2 0.486328125 0.443359375 0.0087890625 0.01171875
2 0.5986328125 0.455078125 0.0107421875 0.0126953125
2 0.7666015625 0.470703125 0.0146484375 0.017578125
2 0.6142578125 0.578125 0.05859375 0.0703125
2 0.28515625 0.486328125 0.03125 0.0361328125
2 0.1689453125 0.4541015625 0.0205078125 0.0234375
2 0.1103515625 0.4384765625 0.015625 0.017578125
2 0.0771484375 0.4287109375 0.0126953125 0.013671875
2 0.0546875 0.421875 0.0107421875 0.01171875
2 0.037109375 0.41796875 0.0087890625 0.0107421875
2 0.025390625 0.4140625 0.0078125 0.0087890625
2 0.0146484375 0.412109375 0.005859375 0.0078125
2 0.0068359375 0.41015625 0.0048828125 0.005859375
2 0.001953125 0.408203125 0.0029296875 0.005859375
2 0.0302734375 0.40234375 0.001953125 0.0029296875