1 0.2255859375 0.5439453125 0.0458984375 0.05078125
2 0.650390625 0.4990234375 0.025390625 0.0302734375
2 0.607421875 0.4794921875 0.0166015625 0.0224609375
1 0.287109375 0.4990234375 0.025390625 0.02734375
2 0.974609375 0.46484375 0.0146484375 0.0166015625
1 0.369140625 0.4794921875 0.015625 0.01953125
1 0.4619140625 0.4697265625 0.0126953125 0.015625
1 0.9462890625 0.4580078125 0.01171875 0.0126953125
2 0.662109375 0.470703125 0.0126953125 0.0166015625
2 0.93359375 0.5654296875 0.060546875 0.0703125
2 0.787109375 0.4658203125 0.0126953125 0.015625
1 0.548828125 0.4638671875 0.0107421875 0.013671875
1 0.666015625 0.4599609375 0.0087890625 0.0126953125
1 0.79296875 0.458984375 0.009765625 0.01171875