1 0.6005859375 0.4501953125 0.005859375 0.0078125
1 0.69921875 0.453125 0.0078125 0.009765625
1 0.84375 0.455078125 0.0107421875 0.01171875
1 0.3330078125 0.541015625 0.048828125 0.052734375
1 0.4296875 0.490234375 0.0205078125 0.025390625
1 0.34765625 0.4755859375 0.0166015625 0.01953125
1 0.2373046875 0.46875 0.0126953125 0.0166015625
1 0.1171875 0.4658203125 0.0126953125 0.0146484375
2 0.53125 0.4482421875 0.005859375 0.0078125
1 0.4697265625 0.4482421875 0.0048828125 0.0068359375
1 0.4208984375 0.447265625 0.0048828125 0.0068359375
1 0.337890625 0.4462890625 0.00390625 0.0048828125
1 0.2890625 0.4462890625 0.00390625 0.005859375
1 0.203125 0.447265625 0.00390625 0.005859375
1 0.12890625 0.4482421875 0.00390625 0.005859375
1 0.064453125 0.44921875 0.005859375 0.005859375
1 0.00390625 0.4658203125 0.0068359375 0.013671875
2 0.3095703125 0.4482421875 0.0048828125 0.0068359375
2 0.3486328125 0.44921875 0.005859375 0.0078125
2 0.39453125 0.4501953125 0.005859375 0.0078125
2 0.45703125 0.4521484375 0.0068359375 0.0087890625
2 0.5224609375 0.453125 0.0068359375 0.0107421875
2 0.62109375 0.4560546875 0.0087890625 0.01171875
2 0.7685546875 0.4599609375 0.01171875 0.013671875
2 0.2578125 0.447265625 0.0048828125 0.0068359375
2 0.1845703125 0.4482421875 0.0048828125 0.0068359375
2 0.107421875 0.4501953125 0.0048828125 0.0068359375
2 0.01171875 0.4521484375 0.0068359375 0.0078125
2 0.048828125 0.458984375 0.009765625 0.01171875
2 0.1728515625 0.458984375 0.009765625 0.01171875
2 0.294921875 0.458984375 0.009765625 0.01171875
2 0.3994140625 0.4609375 0.0107421875 0.0126953125
2 0.50390625 0.46484375 0.0126953125 0.015625
2 0.62890625 0.47265625 0.0166015625 0.01953125
2 0.771484375 0.4873046875 0.0244140625 0.02734375
2 0.8896484375 0.525390625 0.041015625 0.044921875
0 0.513671875 0.4501953125 0.0087890625 0.0166015625
0 0.5302734375 0.44921875 0.009765625 0.0185546875
0 0.59375 0.447265625 0.0068359375 0.0146484375
0 0.6083984375 0.447265625 0.0078125 0.015625
1 0.865234375 0.44921875 0.009765625 0.0107421875