2 0.2509765625 0.4375 0.001953125 0.0029296875
2 0.2685546875 0.4384765625 0.001953125 0.00390625
2 0.25390625 0.439453125 0.001953125 0.0029296875
2 0.236328125 0.439453125 0.0029296875 0.00390625
2 0.2099609375 0.44140625 0.00390625 0.0048828125
2 0.1865234375 0.4423828125 0.00390625 0.0048828125
2 0.1787109375 0.443359375 0.00390625 0.005859375
2 0.1923828125 0.4443359375 0.00390625 0.005859375
2 0.232421875 0.4443359375 0.0048828125 0.005859375
2 0.2861328125 0.4443359375 0.00390625 0.005859375
2 0.3505859375 0.4443359375 0.0048828125 0.0068359375
2 0.396484375 0.4453125 0.005859375 0.0078125
2 0.443359375 0.447265625 0.005859375 0.0078125
2 0.4892578125 0.44921875 0.0068359375 0.009765625
2 0.5673828125 0.453125 0.0087890625 0.01171875
2 0.6845703125 0.458984375 0.0107421875 0.0146484375
2 0.8642578125 0.4677734375 0.0185546875 0.01953125
2 0.8603515625 0.5419921875 0.0478515625 0.0537109375
2 0.677734375 0.4853515625 0.0224609375 0.02734375
2 0.59765625 0.46875 0.0146484375 0.0185546875
2 0.521484375 0.462890625 0.0126953125 0.015625
2 0.4462890625 0.458984375 0.0107421875 0.013671875
2 0.33984375 0.4560546875 0.009765625 0.0126953125
2 0.2392578125 0.4541015625 0.0087890625 0.0107421875
2 0.16015625 0.4541015625 0.0078125 0.009765625
2 0.10546875 0.451171875 0.0068359375 0.009765625
2 0.0927734375 0.4501953125 0.005859375 0.0078125
2 0.0966796875 0.447265625 0.0048828125 0.0068359375
2 0.1005859375 0.4462890625 0.00390625 0.0068359375
2 0.1044921875 0.4443359375 0.00390625 0.005859375
2 0.1083984375 0.443359375 0.0048828125 0.005859375
2 0.11328125 0.4404296875 0.00390625 0.0048828125
2 0.119140625 0.4404296875 0.0029296875 0.00390625
2 0.1416015625 0.439453125 0.0029296875 0.00390625
2 0.1806640625 0.4384765625 0.001953125 0.00390625
2 0.21875 0.4375 0.001953125 0.0029296875
1 0.228515625 0.4375 0.001953125 0.0029296875
1 0.259765625 0.4375 0.001953125 0.0029296875
1 0.3125 0.4365234375 0.001953125 0.00390625
1 0.314453125 0.4375 0.001953125 0.00390625
1 0.30078125 0.4384765625 0.001953125 0.00390625
1 0.2841796875 0.439453125 0.0029296875 0.00390625
1 0.2626953125 0.4404296875 0.001953125 0.00390625
1 0.2470703125 0.44140625 0.0029296875 0.0048828125
1 0.2548828125 0.4423828125 0.0029296875 0.0048828125
1 0.2822265625 0.443359375 0.00390625 0.0048828125
1 0.345703125 0.4423828125 0.00390625 0.005859375
1 0.4013671875 0.4423828125 0.00390625 0.005859375
1 0.4482421875 0.4423828125 0.0048828125 0.0068359375
1 0.4951171875 0.443359375 0.005859375 0.0068359375
1 0.5439453125 0.4453125 0.005859375 0.0078125
1 0.6083984375 0.447265625 0.0068359375 0.0087890625
1 0.6904296875 0.4501953125 0.0078125 0.0107421875
1 0.8017578125 0.4541015625 0.0107421875 0.0126953125
1 0.98828125 0.4599609375 0.015625 0.0166015625
1 0.1015625 0.603515625 0.0546875 0.0400390625
1 0.3740234375 0.4990234375 0.0234375 0.029296875
1 0.3681640625 0.4775390625 0.0166015625 0.0224609375
1 0.32421875 0.466796875 0.013671875 0.0166015625
1 0.2314453125 0.4619140625 0.0107421875 0.013671875
1 0.115234375 0.4599609375 0.0107421875 0.0126953125
1 0.0146484375 0.4580078125 0.0107421875 0.0107421875
1 0.005859375 0.44921875 0.005859375 0.0078125
1 0.0185546875 0.447265625 0.0048828125 0.005859375
1 0.029296875 0.4462890625 0.00390625 0.005859375
1 0.0380859375 0.4443359375 0.00390625 0.0048828125
1 0.0458984375 0.443359375 0.00390625 0.0048828125
1 0.048828125 0.4423828125 0.0029296875 0.00390625
1 0.0546875 0.44140625 0.0029296875 0.00390625
1 0.0615234375 0.4404296875 0.0029296875 0.00390625
1 0.0771484375 0.4404296875 0.0029296875 0.00390625
1 0.1513671875 0.4384765625 0.001953125 0.0029296875
1 0.1875 0.4375 0.001953125 0.00390625