1 0.0478515625 0.4697265625 0.03515625 0.0341796875
1 0.267578125 0.451171875 0.017578125 0.01953125
1 0.4189453125 0.4453125 0.0126953125 0.015625
1 0.521484375 0.443359375 0.0107421875 0.0126953125
1 0.6298828125 0.44140625 0.0078125 0.009765625
1 0.681640625 0.44140625 0.0068359375 0.0087890625
1 0.732421875 0.4404296875 0.005859375 0.0078125
1 0.78125 0.4404296875 0.005859375 0.0068359375
1 0.8271484375 0.4423828125 0.0048828125 0.0068359375
1 0.8876953125 0.4443359375 0.0048828125 0.0068359375
1 0.9638671875 0.447265625 0.005859375 0.0068359375
1 0.955078125 0.4404296875 0.0029296875 0.00390625
1 0.91796875 0.4384765625 0.0029296875 0.00390625
1 0.8916015625 0.4375 0.001953125 0.0029296875
1 0.8818359375 0.4375 0.0029296875 0.00390625
1 0.8994140625 0.4384765625 0.0029296875 0.00390625
1 0.9306640625 0.4404296875 0.0029296875 0.0048828125
1 0.970703125 0.443359375 0.00390625 0.0048828125
2 0.431640625 0.51171875 0.037109375 0.0439453125
2 0.9609375 0.4404296875 0.00390625 0.0048828125
2 0.93359375 0.439453125 0.0029296875 0.0048828125
2 0.9580078125 0.44140625 0.0029296875 0.00390625
2 0.9990234375 0.443359375 0.001953125 0.0048828125
2 0.98046875 0.4501953125 0.005859375 0.0078125
2 0.8984375 0.447265625 0.005859375 0.0078125
2 0.841796875 0.4462890625 0.005859375 0.0078125
2 0.8173828125 0.4462890625 0.0068359375 0.0087890625
2 0.7890625 0.4482421875 0.0078125 0.0107421875
2 0.7470703125 0.451171875 0.009765625 0.0126953125
2 0.6748046875 0.455078125 0.01171875 0.0146484375
2 0.591796875 0.4609375 0.0146484375 0.0185546875
2 0.49609375 0.474609375 0.0244140625 0.0283203125