1 0.3193359375 0.5595703125 0.0498046875 0.0595703125
1 0.2822265625 0.5224609375 0.0380859375 0.041015625
1 0.130859375 0.5048828125 0.0302734375 0.0322265625
1 0.02734375 0.47265625 0.015625 0.0166015625
1 0.064453125 0.46484375 0.01171875 0.0126953125
1 0.087890625 0.4609375 0.009765625 0.0107421875
1 0.1298828125 0.4580078125 0.0087890625 0.009765625
1 0.1953125 0.455078125 0.0078125 0.0087890625
1 0.2529296875 0.453125 0.0068359375 0.0078125
1 0.302734375 0.4521484375 0.0068359375 0.0078125
1 0.3515625 0.4482421875 0.0048828125 0.0048828125
1 0.4794921875 0.4482421875 0.005859375 0.0068359375
1 0.5654296875 0.447265625 0.0048828125 0.0068359375
1 0.6376953125 0.447265625 0.00390625 0.005859375
1 0.8916015625 0.451171875 0.0078125 0.009765625
2 0.6884765625 0.5 0.0283203125 0.0322265625
2 0.4443359375 0.4833984375 0.01953125 0.0234375
2 0.251953125 0.4765625 0.013671875 0.0185546875
2 0.232421875 0.4658203125 0.0107421875 0.013671875
2 0.2275390625 0.458984375 0.0078125 0.0107421875
2 0.2783203125 0.4560546875 0.0068359375 0.0087890625
2 0.3525390625 0.453125 0.0068359375 0.0087890625
2 0.4189453125 0.451171875 0.005859375 0.0078125
2 0.494140625 0.4501953125 0.005859375 0.0078125
2 0.5751953125 0.44921875 0.005859375 0.0078125
2 0.951171875 0.458984375 0.0107421875 0.0126953125
2 0.80078125 0.4541015625 0.0078125 0.009765625
2 0.7197265625 0.4521484375 0.0068359375 0.0087890625
2 0.642578125 0.4501953125 0.005859375 0.0078125