1 0.7626953125 0.4658203125 0.0146484375 0.0166015625
1 0.99609375 0.474609375 0.0068359375 0.0205078125
1 0.626953125 0.4619140625 0.009765625 0.0126953125
1 0.5283203125 0.458984375 0.0087890625 0.0107421875
1 0.45703125 0.4560546875 0.0078125 0.009765625
1 0.3984375 0.4541015625 0.0068359375 0.0087890625
1 0.3515625 0.453125 0.0048828125 0.0068359375
1 0.2919921875 0.453125 0.0048828125 0.0068359375
1 0.1826171875 0.455078125 0.005859375 0.0068359375
1 0.083984375 0.45703125 0.005859375 0.0078125
2 0.3017578125 0.45703125 0.0078125 0.009765625
2 0.34765625 0.4599609375 0.0087890625 0.0107421875
2 0.4091796875 0.462890625 0.0107421875 0.0126953125
2 0.5048828125 0.46875 0.0126953125 0.0166015625
2 0.6318359375 0.4755859375 0.015625 0.0205078125
2 0.884765625 0.4892578125 0.025390625 0.0283203125
2 0.240234375 0.4560546875 0.0068359375 0.0087890625
2 0.1435546875 0.4580078125 0.0078125 0.0087890625
2 0.033203125 0.4609375 0.0078125 0.0087890625
2 0.1513671875 0.494140625 0.0244140625 0.025390625
2 0.34765625 0.5087890625 0.0302734375 0.03515625
2 0.6513671875 0.548828125 0.0380859375 0.04296875
0 0.6943359375 0.4453125 0.0087890625 0.0185546875