2 0.521484375 0.5791015625 0.0703125 0.0810546875
2 0.236328125 0.4716796875 0.029296875 0.0341796875
2 0.1650390625 0.443359375 0.017578125 0.0205078125
2 0.166015625 0.4306640625 0.013671875 0.0166015625
2 0.212890625 0.423828125 0.0107421875 0.0126953125
2 0.3134765625 0.423828125 0.0087890625 0.0107421875
2 0.4228515625 0.4267578125 0.0078125 0.0107421875
2 0.5478515625 0.4326171875 0.0078125 0.0107421875
2 0.6337890625 0.439453125 0.0107421875 0.0126953125
2 0.7177734375 0.4482421875 0.0126953125 0.0146484375
2 0.8427734375 0.4658203125 0.0185546875 0.0205078125
1 0.0029296875 0.41796875 0.005859375 0.015625
1 0.119140625 0.416015625 0.0107421875 0.01171875
1 0.2490234375 0.41796875 0.0087890625 0.009765625
1 0.3759765625 0.4208984375 0.0068359375 0.0087890625
1 0.5048828125 0.42578125 0.0068359375 0.0087890625
1 0.609375 0.431640625 0.0078125 0.0087890625
1 0.7373046875 0.44140625 0.0087890625 0.0107421875
1 0.88671875 0.4521484375 0.01171875 0.013671875
1 0.9921875 0.46484375 0.0146484375 0.017578125