2 0.9560546875 0.4453125 0.0068359375 0.0087890625
2 0.9375 0.447265625 0.0078125 0.0107421875
2 0.9677734375 0.453125 0.0107421875 0.0126953125
2 0.8076171875 0.5341796875 0.044921875 0.048828125
2 0.7041015625 0.4833984375 0.021484375 0.0263671875
2 0.724609375 0.4677734375 0.0146484375 0.0185546875
2 0.763671875 0.4580078125 0.0107421875 0.0146484375
2 0.7880859375 0.4521484375 0.0087890625 0.01171875
2 0.806640625 0.447265625 0.0068359375 0.0087890625
2 0.8193359375 0.4443359375 0.005859375 0.0078125
2 0.8291015625 0.4423828125 0.0048828125 0.0068359375
2 0.8359375 0.4404296875 0.00390625 0.005859375
2 0.841796875 0.439453125 0.00390625 0.0048828125
2 0.853515625 0.4384765625 0.00390625 0.0048828125
2 0.8876953125 0.4375 0.00390625 0.005859375
2 0.9453125 0.4365234375 0.00390625 0.0048828125
1 0.2919921875 0.51953125 0.037109375 0.0419921875
1 0.4404296875 0.4775390625 0.017578125 0.021484375
1 0.5498046875 0.4638671875 0.0126953125 0.015625
1 0.6259765625 0.4560546875 0.009765625 0.0126953125
1 0.669921875 0.451171875 0.0078125 0.009765625
1 0.7041015625 0.447265625 0.0068359375 0.0087890625
1 0.728515625 0.4443359375 0.005859375 0.0078125
1 0.7490234375 0.44140625 0.0048828125 0.005859375
1 0.7578125 0.4404296875 0.00390625 0.005859375
1 0.7705078125 0.4384765625 0.00390625 0.005859375
1 0.783203125 0.4375 0.0029296875 0.0048828125
1 0.8046875 0.4365234375 0.0029296875 0.00390625
1 0.845703125 0.4365234375 0.0029296875 0.00390625
1 0.9033203125 0.4365234375 0.0029296875 0.00390625
1 0.958984375 0.435546875 0.0029296875 0.00390625