2 0.08203125 0.4794921875 0.0205078125 0.0244140625
2 0.3623046875 0.458984375 0.015625 0.01953125
2 0.5751953125 0.4423828125 0.0126953125 0.0166015625
2 0.7060546875 0.4326171875 0.0126953125 0.0146484375
2 0.8115234375 0.4248046875 0.0126953125 0.0146484375
2 0.896484375 0.41796875 0.01171875 0.0126953125
2 0.9658203125 0.4130859375 0.0107421875 0.0126953125
1 0.865234375 0.4609375 0.02734375 0.029296875
1 0.666015625 0.5048828125 0.041015625 0.0458984375
1 0.064453125 0.5048828125 0.03125 0.033203125
1 0.4443359375 0.4697265625 0.0224609375 0.025390625
1 0.68359375 0.4482421875 0.0166015625 0.0205078125
1 0.8310546875 0.435546875 0.0146484375 0.0185546875
1 0.9501953125 0.4248046875 0.013671875 0.015625