1 0.2734375 0.51953125 0.0380859375 0.0419921875
1 0.375 0.482421875 0.0205078125 0.0224609375
1 0.4140625 0.46875 0.0126953125 0.0166015625
1 0.4365234375 0.4609375 0.009765625 0.01171875
1 0.4501953125 0.4560546875 0.0078125 0.0107421875
1 0.458984375 0.4521484375 0.0048828125 0.0078125
1 0.4658203125 0.4501953125 0.0048828125 0.0068359375
1 0.4716796875 0.4482421875 0.00390625 0.005859375
1 0.4755859375 0.447265625 0.00390625 0.0048828125
1 0.4794921875 0.4462890625 0.00390625 0.0048828125
1 0.4833984375 0.4443359375 0.0029296875 0.00390625
1 0.486328125 0.443359375 0.001953125 0.00390625
1 0.50390625 0.443359375 0.0029296875 0.00390625
1 0.5322265625 0.4423828125 0.001953125 0.00390625
1 0.5654296875 0.4423828125 0.001953125 0.0029296875
1 0.59375 0.4423828125 0.001953125 0.0029296875
1 0.626953125 0.4423828125 0.001953125 0.0029296875
1 0.658203125 0.443359375 0.001953125 0.00390625
1 0.6875 0.443359375 0.001953125 0.0029296875
1 0.7119140625 0.4443359375 0.0029296875 0.00390625
1 0.728515625 0.4453125 0.0029296875 0.00390625
1 0.7470703125 0.4453125 0.00390625 0.0048828125
1 0.76953125 0.447265625 0.00390625 0.0048828125
1 0.7978515625 0.4482421875 0.00390625 0.005859375
1 0.8310546875 0.4501953125 0.0048828125 0.005859375
1 0.875 0.4521484375 0.005859375 0.0068359375
1 0.931640625 0.4541015625 0.0068359375 0.0078125
2 0.80859375 0.51953125 0.0361328125 0.0400390625
2 0.685546875 0.4833984375 0.01953125 0.0234375
2 0.6337890625 0.4697265625 0.0126953125 0.0166015625
2 0.6064453125 0.4609375 0.0087890625 0.0126953125
2 0.5888671875 0.4560546875 0.0078125 0.0107421875
2 0.5771484375 0.453125 0.005859375 0.0078125
2 0.568359375 0.451171875 0.0048828125 0.0078125
2 0.5625 0.4482421875 0.00390625 0.005859375
2 0.5576171875 0.447265625 0.00390625 0.005859375
2 0.552734375 0.4462890625 0.0029296875 0.0048828125
2 0.548828125 0.4453125 0.0029296875 0.00390625
2 0.544921875 0.4443359375 0.0029296875 0.00390625
2 0.54296875 0.4443359375 0.001953125 0.00390625
2 0.5576171875 0.4443359375 0.0029296875 0.00390625
2 0.5908203125 0.443359375 0.0029296875 0.00390625
2 0.62890625 0.443359375 0.0029296875 0.00390625
2 0.654296875 0.4443359375 0.0029296875 0.00390625
2 0.6650390625 0.4443359375 0.0029296875 0.00390625
2 0.6796875 0.4462890625 0.0029296875 0.0048828125
2 0.6962890625 0.447265625 0.00390625 0.005859375
2 0.7158203125 0.4482421875 0.00390625 0.005859375
2 0.7412109375 0.44921875 0.0048828125 0.0068359375
2 0.771484375 0.451171875 0.005859375 0.0078125
2 0.8125 0.4541015625 0.0068359375 0.0087890625
2 0.8701171875 0.4580078125 0.0078125 0.009765625
2 0.9521484375 0.462890625 0.0107421875 0.0126953125