2 0.71484375 0.4326171875 0.001953125 0.0029296875
2 0.7451171875 0.43359375 0.001953125 0.00390625
2 0.7685546875 0.4345703125 0.0029296875 0.00390625
2 0.7529296875 0.435546875 0.0029296875 0.00390625
2 0.724609375 0.435546875 0.0029296875 0.00390625
2 0.7099609375 0.4365234375 0.0029296875 0.0048828125
2 0.732421875 0.4384765625 0.00390625 0.0048828125
2 0.77734375 0.4404296875 0.00390625 0.005859375
2 0.8173828125 0.4423828125 0.0048828125 0.0068359375
2 0.796875 0.4443359375 0.005859375 0.0078125
2 0.751953125 0.4453125 0.005859375 0.0078125
2 0.7294921875 0.447265625 0.0078125 0.009765625
2 0.78125 0.451171875 0.0087890625 0.0107421875
2 0.8974609375 0.4580078125 0.0126953125 0.0146484375
2 0.9970703125 0.4794921875 0.005859375 0.025390625
2 0.9228515625 0.4951171875 0.0283203125 0.029296875
2 0.94921875 0.55859375 0.056640625 0.060546875
2 0.1064453125 0.462890625 0.01953125 0.021484375
2 0.267578125 0.451171875 0.01171875 0.015625
2 0.3603515625 0.4462890625 0.0087890625 0.0126953125
2 0.4169921875 0.4423828125 0.0078125 0.009765625
2 0.4462890625 0.439453125 0.0068359375 0.0087890625
2 0.478515625 0.4384765625 0.005859375 0.0078125
2 0.529296875 0.4375 0.0048828125 0.0068359375
2 0.560546875 0.4365234375 0.00390625 0.005859375
2 0.55859375 0.435546875 0.00390625 0.005859375
2 0.5439453125 0.43359375 0.00390625 0.005859375
2 0.55078125 0.4326171875 0.0029296875 0.00390625
2 0.5625 0.431640625 0.0029296875 0.00390625
2 0.572265625 0.4306640625 0.0029296875 0.00390625
2 0.580078125 0.4306640625 0.001953125 0.0029296875
1 0.6953125 0.4296875 0.001953125 0.0029296875
1 0.7060546875 0.43359375 0.001953125 0.00390625
1 0.6591796875 0.4345703125 0.0029296875 0.00390625
1 0.63671875 0.4423828125 0.005859375 0.0078125
1 0.7578125 0.4619140625 0.01171875 0.015625
1 0.703125 0.4716796875 0.017578125 0.021484375
1 0.5087890625 0.4873046875 0.0224609375 0.0263671875
1 0.296875 0.529296875 0.044921875 0.048828125
1 0.2734375 0.4697265625 0.021484375 0.0224609375
1 0.3857421875 0.45703125 0.0126953125 0.015625
1 0.4580078125 0.44921875 0.009765625 0.0126953125
1 0.498046875 0.4453125 0.0078125 0.009765625
1 0.5234375 0.44140625 0.005859375 0.0087890625
1 0.55078125 0.4404296875 0.005859375 0.0078125
1 0.603515625 0.4404296875 0.00390625 0.005859375
1 0.6103515625 0.431640625 0.001953125 0.0029296875