2 0.8681640625 0.453125 0.0224609375 0.025390625
1 0.65234375 0.498046875 0.0361328125 0.041015625
2 0.7568359375 0.439453125 0.013671875 0.0166015625
1 0.7626953125 0.416015625 0.005859375 0.0068359375
2 0.98046875 0.41015625 0.0068359375 0.0087890625
2 0.796875 0.4228515625 0.0078125 0.0107421875
2 0.8291015625 0.4189453125 0.0068359375 0.0087890625
1 0.6884765625 0.423828125 0.0078125 0.0087890625
1 0.5732421875 0.4375 0.009765625 0.0126953125
1 0.7314453125 0.419921875 0.005859375 0.0078125
2 0.85546875 0.4140625 0.005859375 0.0078125
1 0.564453125 0.4599609375 0.0166015625 0.021484375
1 0.548828125 0.4462890625 0.01171875 0.015625
1 0.80859375 0.4111328125 0.0048828125 0.0068359375
2 0.8759765625 0.4111328125 0.0048828125 0.0068359375
1 0.63671875 0.4296875 0.0078125 0.009765625
2 0.90234375 0.4072265625 0.00390625 0.005859375
1 0.8271484375 0.4091796875 0.00390625 0.005859375
2 0.890625 0.4091796875 0.00390625 0.005859375
1 0.787109375 0.4140625 0.0048828125 0.0068359375
2 0.939453125 0.40234375 0.00390625 0.0048828125
2 0.921875 0.404296875 0.00390625 0.0048828125
1 0.8447265625 0.408203125 0.00390625 0.0048828125
2 0.9130859375 0.4052734375 0.0029296875 0.005859375
2 0.970703125 0.400390625 0.00390625 0.005859375
1 0.869140625 0.4052734375 0.001953125 0.00390625
1 0.8583984375 0.40625 0.0029296875 0.00390625
1 0.9482421875 0.4013671875 0.0029296875 0.0029296875
1 0.9033203125 0.4033203125 0.001953125 0.00390625
2 0.755859375 0.4306640625 0.009765625 0.0126953125
2 0.9697265625 0.408203125 0.005859375 0.0078125