1 0.0361328125 0.404296875 0.00390625 0.00390625
1 0.0830078125 0.40625 0.0029296875 0.0029296875
1 0.1201171875 0.408203125 0.0029296875 0.00390625
1 0.1611328125 0.41015625 0.0029296875 0.0029296875
1 0.197265625 0.4111328125 0.001953125 0.00390625
1 0.228515625 0.4130859375 0.001953125 0.0029296875
1 0.2529296875 0.416015625 0.001953125 0.00390625
1 0.26953125 0.416015625 0.0029296875 0.00390625
1 0.287109375 0.4169921875 0.0029296875 0.0048828125
1 0.306640625 0.4189453125 0.00390625 0.0048828125
1 0.330078125 0.4208984375 0.00390625 0.0048828125
1 0.3564453125 0.4228515625 0.00390625 0.005859375
1 0.388671875 0.4267578125 0.00390625 0.005859375
1 0.4267578125 0.4296875 0.0048828125 0.005859375
1 0.4755859375 0.4326171875 0.005859375 0.0078125
1 0.53515625 0.4384765625 0.005859375 0.0078125
1 0.615234375 0.4462890625 0.0068359375 0.0087890625
1 0.7236328125 0.455078125 0.0087890625 0.0107421875
1 0.8759765625 0.46875 0.01171875 0.0146484375
2 0.486328125 0.5556640625 0.052734375 0.064453125
2 0.26171875 0.4765625 0.0263671875 0.0322265625
2 0.18359375 0.4501953125 0.0166015625 0.021484375
2 0.142578125 0.4365234375 0.0126953125 0.0166015625
2 0.1171875 0.427734375 0.0107421875 0.013671875
2 0.1005859375 0.4228515625 0.0087890625 0.0107421875
2 0.0888671875 0.41796875 0.0068359375 0.009765625
2 0.0791015625 0.416015625 0.005859375 0.0078125
2 0.072265625 0.4140625 0.0048828125 0.0068359375
2 0.06640625 0.412109375 0.00390625 0.005859375
2 0.0615234375 0.41015625 0.00390625 0.0048828125
2 0.0576171875 0.408203125 0.0029296875 0.0048828125
2 0.0537109375 0.4072265625 0.0029296875 0.00390625
2 0.0498046875 0.4072265625 0.0029296875 0.00390625
2 0.0712890625 0.4072265625 0.001953125 0.00390625
2 0.115234375 0.408203125 0.0029296875 0.00390625
2 0.1630859375 0.41015625 0.0029296875 0.00390625
2 0.1923828125 0.412109375 0.0029296875 0.00390625
2 0.203125 0.4130859375 0.0029296875 0.0048828125
2 0.21875 0.4150390625 0.0029296875 0.0048828125
2 0.234375 0.416015625 0.00390625 0.0048828125
2 0.25390625 0.41796875 0.00390625 0.0048828125
2 0.2763671875 0.4208984375 0.00390625 0.005859375
2 0.302734375 0.4228515625 0.0048828125 0.0068359375
2 0.3359375 0.4267578125 0.005859375 0.0078125
2 0.3779296875 0.4306640625 0.005859375 0.0078125
2 0.431640625 0.435546875 0.0078125 0.009765625
2 0.50390625 0.443359375 0.0087890625 0.01171875
2 0.607421875 0.4541015625 0.0107421875 0.013671875
2 0.763671875 0.4697265625 0.0146484375 0.017578125