1 0.294921875 0.529296875 0.0400390625 0.0458984375
1 0.396484375 0.482421875 0.0185546875 0.0234375
2 0.66796875 0.4794921875 0.0185546875 0.0234375
2 0.9443359375 0.453125 0.01171875 0.013671875
2 0.6533203125 0.4638671875 0.0146484375 0.017578125
2 0.798828125 0.5234375 0.0419921875 0.04296875
2 0.798828125 0.453125 0.0107421875 0.0126953125
1 0.431640625 0.46484375 0.0126953125 0.015625
1 0.509765625 0.4560546875 0.009765625 0.0126953125
1 0.71875 0.4482421875 0.0078125 0.009765625
1 0.6005859375 0.451171875 0.0087890625 0.0107421875
1 0.8671875 0.447265625 0.0087890625 0.0107421875
2 0.69140625 0.45703125 0.0107421875 0.013671875