2 0.53515625 0.4482421875 0.0068359375 0.0087890625
2 0.5546875 0.4462890625 0.005859375 0.0078125
2 0.5849609375 0.4462890625 0.0048828125 0.0078125
2 0.619140625 0.4462890625 0.00390625 0.005859375
2 0.669921875 0.4482421875 0.00390625 0.005859375
2 0.6953125 0.4482421875 0.00390625 0.005859375
2 0.7021484375 0.447265625 0.0029296875 0.0048828125
2 0.689453125 0.4462890625 0.0029296875 0.0048828125
2 0.6728515625 0.4443359375 0.0029296875 0.00390625
2 0.65234375 0.4423828125 0.001953125 0.00390625
2 0.6298828125 0.4404296875 0.0029296875 0.00390625
2 0.619140625 0.439453125 0.001953125 0.0029296875
2 0.634765625 0.439453125 0.001953125 0.0029296875
2 0.6611328125 0.4404296875 0.001953125 0.0029296875
2 0.66796875 0.4404296875 0.001953125 0.0029296875
2 0.65625 0.439453125 0.001953125 0.0029296875
2 0.6474609375 0.4384765625 0.001953125 0.001953125
2 0.6884765625 0.4404296875 0.001953125 0.0029296875
2 0.705078125 0.44140625 0.001953125 0.0029296875
2 0.71875 0.443359375 0.001953125 0.0029296875
2 0.7412109375 0.4443359375 0.001953125 0.00390625
2 0.7734375 0.4462890625 0.001953125 0.0029296875
2 0.7890625 0.4482421875 0.0029296875 0.00390625
2 0.79296875 0.44921875 0.001953125 0.00390625
2 0.7998046875 0.451171875 0.0029296875 0.00390625
2 0.822265625 0.453125 0.0029296875 0.0048828125
2 0.845703125 0.4560546875 0.00390625 0.005859375
2 0.8623046875 0.45703125 0.00390625 0.005859375
2 0.84765625 0.4580078125 0.00390625 0.005859375
2 0.8427734375 0.4599609375 0.0048828125 0.0078125
2 0.8662109375 0.4638671875 0.005859375 0.0087890625
2 0.9521484375 0.4716796875 0.0068359375 0.0087890625
2 0.9794921875 0.4765625 0.0087890625 0.01171875
2 0.9423828125 0.478515625 0.0107421875 0.013671875
2 0.9619140625 0.484375 0.0126953125 0.0166015625
2 0.6474609375 0.6015625 0.0615234375 0.0439453125
2 0.3388671875 0.5068359375 0.0380859375 0.041015625
2 0.357421875 0.4677734375 0.0185546875 0.0224609375
2 0.44921875 0.45703125 0.01171875 0.0146484375
1 0.4345703125 0.44140625 0.0068359375 0.0078125
1 0.4716796875 0.4404296875 0.0048828125 0.0068359375
1 0.5009765625 0.439453125 0.00390625 0.005859375
1 0.3017578125 0.4462890625 0.01171875 0.0146484375
1 0.1650390625 0.451171875 0.0185546875 0.01953125
1 0.9658203125 0.4697265625 0.0068359375 0.0087890625
1 0.9228515625 0.4638671875 0.0068359375 0.0078125
1 0.9423828125 0.4638671875 0.00390625 0.005859375
1 0.9619140625 0.4638671875 0.00390625 0.005859375
1 0.94140625 0.4609375 0.00390625 0.0048828125
1 0.90234375 0.4580078125 0.0029296875 0.0048828125
1 0.865234375 0.455078125 0.0029296875 0.00390625
1 0.8486328125 0.453125 0.0029296875 0.0048828125
1 0.8408203125 0.451171875 0.001953125 0.0029296875
1 0.8271484375 0.4501953125 0.001953125 0.0029296875
1 0.8056640625 0.44921875 0.001953125 0.0029296875
1 0.77734375 0.4462890625 0.001953125 0.0029296875
1 0.7548828125 0.4453125 0.001953125 0.0029296875
1 0.59375 0.4375 0.001953125 0.0029296875
1 0.5849609375 0.4384765625 0.001953125 0.00390625
1 0.61328125 0.4404296875 0.0029296875 0.00390625
1 0.625 0.4423828125 0.0029296875 0.0048828125
1 0.6005859375 0.4423828125 0.00390625 0.005859375
0 0.3720703125 0.439453125 0.0107421875 0.0185546875
0 0.3818359375 0.439453125 0.0087890625 0.017578125
0 0.4921875 0.447265625 0.0087890625 0.0185546875
0 0.498046875 0.4462890625 0.0087890625 0.0185546875
1 0.3779296875 0.4423828125 0.0107421875 0.0126953125
2 0.4951171875 0.4501953125 0.005859375 0.0107421875