1 0.6162109375 0.4267578125 0.001953125 0.0029296875
1 0.6416015625 0.4296875 0.001953125 0.0029296875
1 0.6337890625 0.4296875 0.001953125 0.0029296875
1 0.6259765625 0.4296875 0.001953125 0.00390625
1 0.65234375 0.431640625 0.001953125 0.00390625
1 0.681640625 0.43359375 0.0029296875 0.00390625
1 0.716796875 0.4365234375 0.00390625 0.0048828125
1 0.7236328125 0.4384765625 0.00390625 0.005859375
1 0.728515625 0.44140625 0.0048828125 0.0078125
1 0.783203125 0.447265625 0.0048828125 0.0068359375
1 0.8896484375 0.45703125 0.0087890625 0.009765625
1 0.994140625 0.466796875 0.009765625 0.01171875
1 0.013671875 0.4921875 0.0263671875 0.0478515625
1 0.2109375 0.458984375 0.0234375 0.02734375
1 0.2734375 0.4482421875 0.017578125 0.0205078125
1 0.32421875 0.4404296875 0.0126953125 0.015625
1 0.357421875 0.4326171875 0.009765625 0.0126953125
1 0.3798828125 0.4287109375 0.0078125 0.009765625
1 0.39453125 0.4267578125 0.005859375 0.0078125
1 0.4072265625 0.4248046875 0.0048828125 0.0068359375
1 0.416015625 0.4228515625 0.00390625 0.005859375
1 0.4228515625 0.421875 0.0029296875 0.0048828125
1 0.4287109375 0.4208984375 0.0029296875 0.00390625
1 0.4326171875 0.419921875 0.0029296875 0.00390625
2 0.55078125 0.421875 0.001953125 0.0029296875
2 0.56640625 0.4228515625 0.001953125 0.0029296875
2 0.572265625 0.4248046875 0.001953125 0.0029296875
2 0.55859375 0.4228515625 0.001953125 0.0029296875
2 0.5556640625 0.4228515625 0.001953125 0.0029296875
2 0.5869140625 0.42578125 0.001953125 0.0029296875
2 0.6025390625 0.4267578125 0.001953125 0.00390625
2 0.595703125 0.4267578125 0.001953125 0.0029296875
2 0.5908203125 0.427734375 0.0029296875 0.00390625
2 0.5859375 0.427734375 0.0029296875 0.00390625
2 0.6005859375 0.4296875 0.0029296875 0.00390625
2 0.6298828125 0.431640625 0.0029296875 0.00390625
2 0.6630859375 0.4345703125 0.00390625 0.0048828125
2 0.658203125 0.4345703125 0.00390625 0.005859375
2 0.654296875 0.4365234375 0.00390625 0.005859375
2 0.7041015625 0.443359375 0.005859375 0.0087890625
2 0.7861328125 0.451171875 0.0078125 0.009765625
2 0.8603515625 0.458984375 0.0087890625 0.01171875
2 0.9072265625 0.466796875 0.0107421875 0.013671875
2 0.95703125 0.478515625 0.015625 0.0185546875
2 0.5322265625 0.533203125 0.0400390625 0.0517578125
2 0.5107421875 0.48046875 0.0224609375 0.029296875
2 0.5048828125 0.4599609375 0.015625 0.01953125
2 0.4990234375 0.4482421875 0.0107421875 0.0146484375
2 0.494140625 0.4404296875 0.0078125 0.0107421875
2 0.494140625 0.4345703125 0.0048828125 0.0087890625
2 0.4921875 0.4296875 0.0048828125 0.0078125
2 0.4912109375 0.4248046875 0.00390625 0.005859375
2 0.490234375 0.421875 0.00390625 0.0048828125
2 0.48828125 0.419921875 0.0029296875 0.00390625
2 0.50390625 0.4189453125 0.001953125 0.0029296875