1 0.5302734375 0.5869140625 0.06640625 0.068359375
1 0.4580078125 0.5048828125 0.037109375 0.04296875
1 0.41015625 0.4697265625 0.0205078125 0.025390625
1 0.435546875 0.4560546875 0.015625 0.0185546875
1 0.509765625 0.44140625 0.01171875 0.0146484375
1 0.55859375 0.431640625 0.009765625 0.01171875
1 0.587890625 0.4267578125 0.0078125 0.009765625
1 0.6298828125 0.4228515625 0.0078125 0.0087890625
1 0.6953125 0.4189453125 0.0068359375 0.0078125
1 0.7587890625 0.416015625 0.0068359375 0.0087890625
1 0.818359375 0.4140625 0.0078125 0.0087890625
1 0.884765625 0.4111328125 0.0068359375 0.0087890625
2 0.9833984375 0.486328125 0.033203125 0.04296875
2 0.693359375 0.4541015625 0.0205078125 0.0234375
2 0.703125 0.4345703125 0.0126953125 0.0166015625
2 0.716796875 0.4248046875 0.0087890625 0.01171875
2 0.7802734375 0.4189453125 0.009765625 0.0107421875
2 0.8798828125 0.4150390625 0.0087890625 0.009765625
2 0.986328125 0.4111328125 0.0107421875 0.0126953125