2 0.8916015625 0.443359375 0.01953125 0.021484375
2 0.73828125 0.435546875 0.013671875 0.015625
2 0.630859375 0.43359375 0.009765625 0.0126953125
2 0.55078125 0.431640625 0.0078125 0.0107421875
2 0.529296875 0.4287109375 0.0068359375 0.0087890625
2 0.537109375 0.4248046875 0.005859375 0.0078125
2 0.546875 0.4228515625 0.0048828125 0.005859375
2 0.5546875 0.4208984375 0.00390625 0.005859375
2 0.5615234375 0.4189453125 0.0029296875 0.0048828125
2 0.5654296875 0.41796875 0.0029296875 0.00390625
2 0.5693359375 0.4169921875 0.001953125 0.00390625
2 0.572265625 0.416015625 0.0029296875 0.00390625
2 0.5751953125 0.4150390625 0.001953125 0.00390625
2 0.583984375 0.4140625 0.001953125 0.0029296875
2 0.6015625 0.4130859375 0.001953125 0.0029296875
2 0.6337890625 0.4111328125 0.001953125 0.00390625
2 0.6669921875 0.41015625 0.001953125 0.0029296875
2 0.69921875 0.4091796875 0.001953125 0.0029296875
2 0.7060546875 0.4091796875 0.0029296875 0.00390625
2 0.703125 0.41015625 0.001953125 0.00390625
2 0.6875 0.4111328125 0.001953125 0.00390625
2 0.66015625 0.4130859375 0.0029296875 0.0048828125
2 0.6357421875 0.4150390625 0.00390625 0.0048828125
2 0.6171875 0.4169921875 0.00390625 0.005859375
2 0.626953125 0.41796875 0.00390625 0.005859375
2 0.6611328125 0.4169921875 0.0048828125 0.0068359375
2 0.7138671875 0.4169921875 0.0048828125 0.0068359375
2 0.7763671875 0.4169921875 0.005859375 0.0087890625
2 0.85546875 0.4169921875 0.0078125 0.009765625
2 0.923828125 0.4189453125 0.0107421875 0.01171875
1 0.681640625 0.51171875 0.0390625 0.0478515625
1 0.66015625 0.4599609375 0.0185546875 0.0234375
1 0.59765625 0.4453125 0.0126953125 0.0166015625
1 0.484375 0.4404296875 0.0107421875 0.013671875
1 0.4287109375 0.4384765625 0.0087890625 0.0107421875
1 0.4130859375 0.435546875 0.0078125 0.0087890625
1 0.4345703125 0.4306640625 0.005859375 0.0078125
1 0.45703125 0.427734375 0.0048828125 0.0068359375
1 0.4765625 0.4248046875 0.00390625 0.005859375
1 0.490234375 0.4228515625 0.00390625 0.005859375
1 0.5009765625 0.4208984375 0.0029296875 0.0048828125
1 0.5107421875 0.419921875 0.0029296875 0.00390625
1 0.5185546875 0.4189453125 0.0029296875 0.00390625
1 0.5263671875 0.4169921875 0.001953125 0.00390625
1 0.533203125 0.416015625 0.001953125 0.0029296875
1 0.5390625 0.4150390625 0.001953125 0.00390625
1 0.55859375 0.4140625 0.001953125 0.0029296875
1 0.587890625 0.4130859375 0.001953125 0.0029296875
1 0.626953125 0.4111328125 0.001953125 0.0029296875
1 0.669921875 0.4091796875 0.001953125 0.0029296875
1 0.7138671875 0.408203125 0.001953125 0.00390625
1 0.73828125 0.4072265625 0.001953125 0.0029296875
1 0.7529296875 0.4072265625 0.001953125 0.0029296875
1 0.7626953125 0.408203125 0.001953125 0.0029296875
1 0.7431640625 0.4091796875 0.001953125 0.00390625
1 0.71875 0.41015625 0.0029296875 0.00390625
1 0.69140625 0.4130859375 0.0029296875 0.00390625
1 0.6826171875 0.4140625 0.00390625 0.0048828125
1 0.6845703125 0.4150390625 0.0029296875 0.0048828125
1 0.716796875 0.4150390625 0.00390625 0.005859375
1 0.7802734375 0.4140625 0.0048828125 0.0068359375
1 0.865234375 0.412109375 0.0068359375 0.0078125
1 0.962890625 0.4111328125 0.0078125 0.009765625