1 0.3623046875 0.5263671875 0.0380859375 0.044921875
1 0.65234375 0.466796875 0.0146484375 0.0166015625
2 0.849609375 0.4921875 0.02734375 0.03125
1 0.5576171875 0.484375 0.0224609375 0.025390625
2 0.93359375 0.5498046875 0.0537109375 0.0595703125
2 0.85546875 0.4580078125 0.0107421875 0.013671875
1 0.73046875 0.451171875 0.0078125 0.0107421875
1 0.6982421875 0.4580078125 0.0107421875 0.013671875
1 0.75 0.447265625 0.0068359375 0.0087890625
2 0.8525390625 0.4697265625 0.0146484375 0.0185546875
1 0.767578125 0.4443359375 0.005859375 0.0078125
2 0.861328125 0.4521484375 0.0087890625 0.01171875
1 0.814453125 0.4375 0.00390625 0.005859375
1 0.857421875 0.4375 0.00390625 0.0048828125
1 0.79296875 0.439453125 0.00390625 0.0048828125
2 0.90625 0.4384765625 0.00390625 0.0048828125
1 0.7822265625 0.4404296875 0.00390625 0.005859375
2 0.873046875 0.4384765625 0.0048828125 0.005859375
2 0.865234375 0.4404296875 0.0048828125 0.005859375
2 0.970703125 0.4375 0.00390625 0.00390625
2 0.8623046875 0.4453125 0.005859375 0.0087890625
1 0.7744140625 0.44140625 0.00390625 0.005859375
1 0.919921875 0.4365234375 0.0029296875 0.00390625
1 0.9794921875 0.4365234375 0.0029296875 0.00390625