1 0.134765625 0.583984375 0.0732421875 0.0732421875
1 0.3427734375 0.4990234375 0.0263671875 0.03125
1 0.3984375 0.4775390625 0.015625 0.01953125
1 0.42578125 0.466796875 0.01171875 0.0146484375
1 0.48828125 0.4599609375 0.0087890625 0.0107421875
1 0.57421875 0.458984375 0.0078125 0.0087890625
1 0.6787109375 0.458984375 0.005859375 0.0078125
1 0.7724609375 0.4599609375 0.0078125 0.0087890625
1 0.8916015625 0.4619140625 0.0087890625 0.009765625
2 0.9921875 0.599609375 0.013671875 0.0478515625
2 0.720703125 0.50390625 0.025390625 0.03125
2 0.6396484375 0.4794921875 0.013671875 0.0205078125
2 0.603515625 0.46875 0.0107421875 0.0146484375
2 0.6376953125 0.4638671875 0.0087890625 0.01171875
2 0.734375 0.462890625 0.0087890625 0.0107421875
2 0.861328125 0.4658203125 0.0087890625 0.0107421875