2 0.7646484375 0.5107421875 0.03515625 0.0390625
2 0.64453125 0.474609375 0.0166015625 0.021484375
2 0.60546875 0.462890625 0.0107421875 0.0146484375
2 0.607421875 0.4541015625 0.0087890625 0.01171875
2 0.6416015625 0.4501953125 0.0078125 0.009765625
2 0.7236328125 0.4482421875 0.0078125 0.009765625
2 0.8310546875 0.4482421875 0.0087890625 0.0107421875
2 0.9375 0.44921875 0.009765625 0.01171875
1 0.322265625 0.513671875 0.03515625 0.0390625
1 0.4033203125 0.4765625 0.0166015625 0.0205078125
1 0.43359375 0.462890625 0.01171875 0.0146484375
1 0.44921875 0.455078125 0.0087890625 0.01171875
1 0.505859375 0.4501953125 0.0078125 0.009765625
1 0.576171875 0.447265625 0.0068359375 0.0078125
1 0.671875 0.4453125 0.0068359375 0.0078125
1 0.7880859375 0.4453125 0.0078125 0.0078125
1 0.93359375 0.4443359375 0.0068359375 0.0087890625