1 0.0029296875 0.41015625 0.00390625 0.005859375
1 0.0498046875 0.4111328125 0.00390625 0.0048828125
1 0.099609375 0.4130859375 0.0029296875 0.00390625
1 0.1416015625 0.4140625 0.0029296875 0.00390625
1 0.1845703125 0.416015625 0.0029296875 0.00390625
1 0.224609375 0.4169921875 0.0029296875 0.00390625
1 0.259765625 0.4189453125 0.0029296875 0.00390625
1 0.2880859375 0.4208984375 0.0029296875 0.00390625
1 0.3076171875 0.4228515625 0.0029296875 0.0048828125
1 0.3291015625 0.423828125 0.0029296875 0.0048828125
1 0.3544921875 0.42578125 0.00390625 0.005859375
1 0.384765625 0.4287109375 0.0048828125 0.005859375
1 0.4208984375 0.431640625 0.00390625 0.005859375
1 0.46484375 0.435546875 0.005859375 0.0068359375
1 0.5205078125 0.439453125 0.005859375 0.0078125
1 0.5908203125 0.4453125 0.0078125 0.009765625
1 0.6865234375 0.453125 0.0078125 0.0107421875
1 0.822265625 0.46484375 0.009765625 0.0126953125
2 0.3896484375 0.5146484375 0.037109375 0.0458984375
2 0.2431640625 0.4677734375 0.0224609375 0.0263671875
2 0.1806640625 0.4482421875 0.0166015625 0.01953125
2 0.1455078125 0.4375 0.01171875 0.0146484375
2 0.1240234375 0.4306640625 0.009765625 0.0126953125
2 0.1083984375 0.42578125 0.0078125 0.0107421875
2 0.09765625 0.421875 0.005859375 0.0087890625
2 0.0888671875 0.419921875 0.0048828125 0.0068359375
2 0.0810546875 0.41796875 0.0048828125 0.0068359375
2 0.0751953125 0.416015625 0.00390625 0.005859375
2 0.0703125 0.4140625 0.00390625 0.005859375
2 0.06640625 0.4130859375 0.0029296875 0.0048828125
2 0.0888671875 0.4130859375 0.0029296875 0.00390625
2 0.13671875 0.4150390625 0.0029296875 0.0048828125
2 0.1884765625 0.4169921875 0.00390625 0.00390625
2 0.2216796875 0.4189453125 0.0029296875 0.0048828125
2 0.2353515625 0.419921875 0.00390625 0.0048828125
2 0.2548828125 0.421875 0.00390625 0.0048828125
2 0.275390625 0.423828125 0.00390625 0.005859375
2 0.30078125 0.42578125 0.0048828125 0.0068359375
2 0.33203125 0.4287109375 0.005859375 0.0078125
2 0.369140625 0.4326171875 0.005859375 0.0078125
2 0.41796875 0.4375 0.0068359375 0.0087890625
2 0.4833984375 0.443359375 0.0087890625 0.0107421875
2 0.5712890625 0.4521484375 0.009765625 0.0126953125
2 0.7041015625 0.4658203125 0.013671875 0.0166015625
2 0.9208984375 0.486328125 0.01953125 0.0205078125