2 0.2373046875 0.4609375 0.0166015625 0.0185546875
2 0.4130859375 0.44921875 0.0146484375 0.0166015625
2 0.5419921875 0.4384765625 0.0107421875 0.0146484375
2 0.5859375 0.427734375 0.0078125 0.0107421875
2 0.5947265625 0.423828125 0.005859375 0.0087890625
2 0.6630859375 0.419921875 0.005859375 0.0078125
2 0.73828125 0.4169921875 0.005859375 0.0078125
2 0.78515625 0.4140625 0.0048828125 0.0068359375
2 0.783203125 0.4111328125 0.00390625 0.005859375
2 0.76171875 0.4111328125 0.00390625 0.005859375
2 0.7548828125 0.41015625 0.00390625 0.0048828125
2 0.7919921875 0.408203125 0.00390625 0.0048828125
2 0.837890625 0.4052734375 0.0029296875 0.0048828125
2 0.8642578125 0.404296875 0.0029296875 0.0048828125
2 0.85546875 0.4033203125 0.0029296875 0.00390625
2 0.884765625 0.3994140625 0.001953125 0.00390625
2 0.90234375 0.3984375 0.0029296875 0.00390625
2 0.8955078125 0.3974609375 0.001953125 0.0029296875
2 0.892578125 0.3974609375 0.001953125 0.0029296875
2 0.9130859375 0.396484375 0.001953125 0.00390625
2 0.9453125 0.39453125 0.001953125 0.0029296875
2 0.984375 0.3935546875 0.001953125 0.0029296875
2 0.9970703125 0.40234375 0.00390625 0.0068359375
1 0.0283203125 0.4951171875 0.0263671875 0.029296875
1 0.359375 0.46484375 0.0166015625 0.0205078125
1 0.6025390625 0.4501953125 0.0166015625 0.01953125
1 0.7236328125 0.4384765625 0.013671875 0.015625
1 0.7412109375 0.4296875 0.0107421875 0.013671875
1 0.7119140625 0.4248046875 0.0078125 0.009765625
1 0.70703125 0.421875 0.005859375 0.0087890625
1 0.7685546875 0.41796875 0.005859375 0.0078125
1 0.8486328125 0.4130859375 0.0068359375 0.0078125
1 0.8857421875 0.4111328125 0.005859375 0.0078125
1 0.880859375 0.4091796875 0.00390625 0.005859375
1 0.8408203125 0.4091796875 0.00390625 0.005859375
1 0.83203125 0.408203125 0.0029296875 0.0048828125
1 0.8623046875 0.40625 0.00390625 0.005859375
1 0.9130859375 0.4033203125 0.00390625 0.0048828125
1 0.8955078125 0.4013671875 0.0029296875 0.00390625
1 0.88671875 0.400390625 0.0029296875 0.00390625
1 0.9072265625 0.3994140625 0.0029296875 0.00390625
1 0.9423828125 0.3974609375 0.0029296875 0.00390625
1 0.947265625 0.3955078125 0.0029296875 0.00390625
1 0.9365234375 0.396484375 0.001953125 0.0029296875
1 0.94140625 0.3955078125 0.001953125 0.0029296875
1 0.9658203125 0.39453125 0.001953125 0.0029296875
1 0.986328125 0.39453125 0.001953125 0.0029296875
1 0.99609375 0.396484375 0.0029296875 0.00390625
1 0.9921875 0.3994140625 0.00390625 0.0048828125
1 0.9833984375 0.4013671875 0.00390625 0.0048828125
1 0.9423828125 0.404296875 0.00390625 0.0048828125
1 0.9501953125 0.40625 0.0048828125 0.0068359375
1 0.9658203125 0.4091796875 0.0068359375 0.0087890625
1 0.9580078125 0.4140625 0.0078125 0.009765625
1 0.9443359375 0.419921875 0.0107421875 0.01171875
1 0.9296875 0.42578125 0.013671875 0.015625
1 0.90234375 0.4375 0.017578125 0.01953125
1 0.8671875 0.455078125 0.0234375 0.0263671875
1 0.7822265625 0.4921875 0.0390625 0.0419921875
1 0.49609375 0.599609375 0.0458984375 0.0458984375
1 0.9287109375 0.4033203125 0.005859375 0.0087890625