1 0.6044921875 0.4853515625 0.029296875 0.0361328125
1 0.638671875 0.4521484375 0.0185546875 0.0224609375
2 0.8798828125 0.4345703125 0.015625 0.01953125
1 0.6591796875 0.4345703125 0.0107421875 0.0146484375
2 0.84375 0.427734375 0.0126953125 0.015625
2 0.9501953125 0.4150390625 0.0087890625 0.0107421875
2 0.96875 0.4501953125 0.02734375 0.02734375
2 0.8740234375 0.4208984375 0.0087890625 0.01171875
1 0.88671875 0.4072265625 0.0048828125 0.0068359375
2 0.978515625 0.4033203125 0.005859375 0.0068359375
2 0.8095703125 0.40625 0.00390625 0.0048828125
1 0.83984375 0.4072265625 0.00390625 0.005859375
1 0.876953125 0.4130859375 0.005859375 0.0087890625
1 0.802734375 0.41796875 0.0078125 0.0087890625
2 0.9267578125 0.404296875 0.00390625 0.005859375
2 0.8662109375 0.4052734375 0.00390625 0.0048828125
1 0.93359375 0.4091796875 0.005859375 0.0078125
2 0.93359375 0.3994140625 0.0029296875 0.0048828125
1 0.923828125 0.4072265625 0.005859375 0.0078125
2 0.8818359375 0.4013671875 0.0029296875 0.00390625
1 0.69140625 0.4267578125 0.0087890625 0.01171875
1 0.7373046875 0.421875 0.0087890625 0.009765625
2 0.994140625 0.3984375 0.00390625 0.0048828125
1 0.7958984375 0.408203125 0.00390625 0.0048828125
2 0.8349609375 0.4033203125 0.0029296875 0.00390625
2 0.7861328125 0.4052734375 0.0029296875 0.00390625
2 0.9697265625 0.3994140625 0.0029296875 0.00390625
1 0.7080078125 0.41015625 0.0029296875 0.0048828125
2 0.76171875 0.4072265625 0.0029296875 0.00390625
2 0.7470703125 0.4072265625 0.0029296875 0.00390625
1 0.7353515625 0.40625 0.0029296875 0.00390625
1 0.703125 0.408203125 0.0029296875 0.00390625
2 0.7265625 0.408203125 0.0029296875 0.00390625
2 0.7314453125 0.408203125 0.0029296875 0.00390625
1 0.7744140625 0.4052734375 0.001953125 0.00390625
1 0.84765625 0.40234375 0.001953125 0.00390625
1 0.677734375 0.41015625 0.00390625 0.00390625
1 0.74609375 0.4091796875 0.0029296875 0.0048828125
1 0.6826171875 0.41015625 0.00390625 0.0048828125
1 0.8115234375 0.4033203125 0.001953125 0.00390625
1 0.8974609375 0.400390625 0.001953125 0.0029296875
1 0.962890625 0.3984375 0.001953125 0.00390625