1 0.0146484375 0.486328125 0.0263671875 0.0322265625
1 0.2509765625 0.5517578125 0.0341796875 0.0615234375
2 0.861328125 0.5673828125 0.0400390625 0.0576171875
2 0.6962890625 0.49609375 0.0205078125 0.025390625
2 0.6435546875 0.478515625 0.013671875 0.0166015625
2 0.6513671875 0.4697265625 0.009765625 0.013671875
2 0.6787109375 0.4658203125 0.0078125 0.0107421875
2 0.73046875 0.4638671875 0.0068359375 0.009765625
2 0.7421875 0.4619140625 0.005859375 0.0078125
2 0.728515625 0.458984375 0.0048828125 0.0078125
2 0.693359375 0.45703125 0.0048828125 0.0068359375
2 0.65234375 0.4541015625 0.00390625 0.005859375
2 0.6181640625 0.4521484375 0.00390625 0.005859375
2 0.580078125 0.451171875 0.00390625 0.0048828125
2 0.5595703125 0.44921875 0.0029296875 0.0048828125
2 0.5478515625 0.4482421875 0.0029296875 0.0048828125
2 0.5654296875 0.4482421875 0.0029296875 0.00390625
2 0.5908203125 0.4482421875 0.001953125 0.00390625
2 0.5947265625 0.447265625 0.001953125 0.0029296875
2 0.576171875 0.4462890625 0.001953125 0.00390625
2 0.5625 0.4462890625 0.001953125 0.00390625
2 0.5791015625 0.4453125 0.001953125 0.0029296875
2 0.603515625 0.4462890625 0.001953125 0.0029296875
2 0.625 0.447265625 0.001953125 0.0029296875
2 0.6455078125 0.4482421875 0.001953125 0.00390625
2 0.67578125 0.44921875 0.001953125 0.00390625
2 0.7177734375 0.4501953125 0.0029296875 0.00390625
2 0.7421875 0.4521484375 0.001953125 0.00390625
2 0.7548828125 0.453125 0.0029296875 0.00390625
2 0.76953125 0.4541015625 0.0029296875 0.00390625
2 0.7822265625 0.455078125 0.0029296875 0.0048828125
2 0.802734375 0.4560546875 0.00390625 0.005859375
2 0.84765625 0.458984375 0.00390625 0.005859375
2 0.9013671875 0.4619140625 0.0048828125 0.0068359375
2 0.958984375 0.46484375 0.005859375 0.0078125
2 0.9736328125 0.4677734375 0.0068359375 0.0087890625
1 0.396484375 0.486328125 0.021484375 0.0244140625
1 0.44140625 0.470703125 0.01171875 0.015625
1 0.46875 0.462890625 0.009765625 0.0126953125
1 0.9501953125 0.4609375 0.00390625 0.0048828125
1 0.8798828125 0.4580078125 0.00390625 0.00390625
1 0.8427734375 0.4560546875 0.0029296875 0.00390625
1 0.8291015625 0.455078125 0.001953125 0.00390625
1 0.8076171875 0.453125 0.001953125 0.00390625
1 0.751953125 0.451171875 0.001953125 0.0029296875
1 0.71484375 0.44921875 0.001953125 0.0029296875
1 0.68359375 0.4482421875 0.001953125 0.0029296875
1 0.6640625 0.4482421875 0.001953125 0.0029296875
1 0.6318359375 0.447265625 0.001953125 0.0029296875
1 0.5546875 0.4453125 0.001953125 0.0029296875
1 0.5322265625 0.4453125 0.001953125 0.0029296875
1 0.51953125 0.4453125 0.001953125 0.0029296875
1 0.5234375 0.4462890625 0.001953125 0.00390625
1 0.5439453125 0.4462890625 0.001953125 0.00390625
1 0.5400390625 0.447265625 0.0029296875 0.00390625
1 0.5107421875 0.4462890625 0.0029296875 0.00390625
1 0.4921875 0.447265625 0.0029296875 0.0048828125
1 0.501953125 0.4482421875 0.0029296875 0.0048828125
1 0.5234375 0.4501953125 0.00390625 0.005859375
1 0.5712890625 0.4521484375 0.00390625 0.005859375
1 0.6005859375 0.4541015625 0.0048828125 0.0068359375
1 0.623046875 0.45703125 0.005859375 0.0078125
1 0.6015625 0.458984375 0.005859375 0.0087890625
1 0.544921875 0.4599609375 0.0078125 0.0107421875
0 0.216796875 0.541015625 0.076171875 0.1015625
0 0.259765625 0.5244140625 0.0615234375 0.0908203125
0 0.845703125 0.541015625 0.0546875 0.095703125
0 0.90234375 0.5576171875 0.0732421875 0.10546875