2 0.4814453125 0.416015625 0.0029296875 0.00390625
2 0.5 0.4169921875 0.0029296875 0.00390625
2 0.5029296875 0.41796875 0.0029296875 0.00390625
2 0.486328125 0.41796875 0.00390625 0.0048828125
2 0.4619140625 0.41796875 0.00390625 0.005859375
2 0.427734375 0.41796875 0.0048828125 0.005859375
2 0.3955078125 0.41796875 0.0048828125 0.0068359375
2 0.37890625 0.419921875 0.005859375 0.0078125
2 0.3916015625 0.423828125 0.0068359375 0.0087890625
2 0.4462890625 0.4306640625 0.0087890625 0.0107421875
2 0.5380859375 0.4375 0.009765625 0.0126953125
2 0.669921875 0.4482421875 0.01171875 0.0146484375
2 0.80859375 0.462890625 0.0166015625 0.0185546875
2 0.376953125 0.53515625 0.046875 0.0625
2 0.173828125 0.47265625 0.0322265625 0.03515625
2 0.13671875 0.44140625 0.0205078125 0.0224609375
2 0.1767578125 0.4306640625 0.0146484375 0.0166015625
2 0.2265625 0.423828125 0.009765625 0.0126953125
2 0.2568359375 0.4189453125 0.0078125 0.009765625
2 0.279296875 0.416015625 0.0068359375 0.0078125
2 0.2939453125 0.4140625 0.005859375 0.0078125
2 0.3056640625 0.4130859375 0.0048828125 0.0068359375
2 0.3134765625 0.4111328125 0.00390625 0.005859375
2 0.3212890625 0.41015625 0.00390625 0.0048828125
2 0.3330078125 0.41015625 0.0029296875 0.0048828125
2 0.3603515625 0.41015625 0.0029296875 0.0048828125
2 0.4033203125 0.412109375 0.0029296875 0.00390625
2 0.4453125 0.4140625 0.001953125 0.00390625
1 0.4580078125 0.4140625 0.001953125 0.0029296875
1 0.4931640625 0.416015625 0.001953125 0.0029296875
1 0.529296875 0.41796875 0.001953125 0.0029296875
1 0.5576171875 0.419921875 0.0029296875 0.00390625
1 0.5615234375 0.4208984375 0.0029296875 0.0048828125
1 0.544921875 0.4208984375 0.00390625 0.0048828125
1 0.5234375 0.4208984375 0.00390625 0.0048828125
1 0.49609375 0.421875 0.00390625 0.005859375
1 0.4736328125 0.421875 0.0048828125 0.0068359375
1 0.484375 0.4267578125 0.005859375 0.0078125
1 0.52734375 0.431640625 0.0068359375 0.009765625
1 0.6396484375 0.4384765625 0.0087890625 0.0107421875
1 0.7578125 0.447265625 0.0107421875 0.0126953125
1 0.8857421875 0.4580078125 0.0126953125 0.013671875
1 0.083984375 0.41796875 0.01171875 0.0126953125
1 0.140625 0.4150390625 0.0087890625 0.0107421875
1 0.1826171875 0.412109375 0.0068359375 0.0078125
1 0.2109375 0.41015625 0.005859375 0.0068359375
1 0.2353515625 0.4091796875 0.00390625 0.005859375
1 0.24609375 0.408203125 0.00390625 0.005859375
1 0.259765625 0.4072265625 0.00390625 0.0048828125
1 0.2724609375 0.4072265625 0.0029296875 0.00390625
1 0.2939453125 0.4072265625 0.0029296875 0.00390625
1 0.3291015625 0.408203125 0.001953125 0.00390625
1 0.3740234375 0.41015625 0.0029296875 0.00390625
1 0.4130859375 0.4111328125 0.001953125 0.00390625
1 0.744140625 0.431640625 0.0048828125 0.0078125
1 0.81640625 0.4375 0.0068359375 0.0078125
2 0.845703125 0.43359375 0.005859375 0.0068359375