1 0.7939453125 0.447265625 0.005859375 0.0078125
1 0.890625 0.4482421875 0.0078125 0.0087890625
1 0.435546875 0.5244140625 0.0400390625 0.0419921875
1 0.583984375 0.484375 0.021484375 0.0244140625
1 0.634765625 0.46875 0.0126953125 0.0166015625
1 0.5771484375 0.4609375 0.0107421875 0.013671875
1 0.49609375 0.45703125 0.0087890625 0.01171875
1 0.4140625 0.4541015625 0.0078125 0.009765625
1 0.7294921875 0.4453125 0.005859375 0.0078125
1 0.673828125 0.4443359375 0.00390625 0.005859375
1 0.6298828125 0.443359375 0.00390625 0.005859375
1 0.5556640625 0.4423828125 0.00390625 0.0048828125
1 0.5146484375 0.4423828125 0.0029296875 0.0048828125
1 0.447265625 0.443359375 0.0029296875 0.00390625
1 0.392578125 0.443359375 0.0029296875 0.0048828125
1 0.3486328125 0.4443359375 0.00390625 0.0048828125
1 0.30078125 0.4453125 0.00390625 0.0048828125
1 0.2451171875 0.447265625 0.00390625 0.005859375
1 0.1923828125 0.4482421875 0.0048828125 0.005859375
1 0.150390625 0.4501953125 0.0048828125 0.005859375
1 0.138671875 0.451171875 0.005859375 0.0068359375
1 0.14453125 0.453125 0.005859375 0.0078125
1 0.1845703125 0.453125 0.0068359375 0.0078125
1 0.2548828125 0.4541015625 0.0068359375 0.0087890625
1 0.3388671875 0.4541015625 0.0068359375 0.0087890625
2 0.5341796875 0.4443359375 0.00390625 0.005859375
2 0.5673828125 0.4453125 0.0048828125 0.005859375
2 0.6064453125 0.4462890625 0.0048828125 0.0068359375
2 0.66015625 0.447265625 0.005859375 0.0078125
2 0.7177734375 0.4482421875 0.005859375 0.0087890625
2 0.806640625 0.451171875 0.0078125 0.009765625
2 0.9423828125 0.455078125 0.0107421875 0.01171875
2 0.4912109375 0.443359375 0.00390625 0.005859375
2 0.4345703125 0.4443359375 0.00390625 0.0048828125
2 0.3798828125 0.4443359375 0.00390625 0.0048828125
2 0.3193359375 0.4462890625 0.00390625 0.005859375
2 0.2626953125 0.447265625 0.0048828125 0.005859375
2 0.228515625 0.44921875 0.0048828125 0.0068359375
2 0.2353515625 0.4501953125 0.005859375 0.0068359375
2 0.283203125 0.4501953125 0.005859375 0.0078125
2 0.357421875 0.4501953125 0.0068359375 0.0087890625
2 0.44140625 0.451171875 0.0068359375 0.0087890625
2 0.5302734375 0.451171875 0.0068359375 0.0087890625
2 0.611328125 0.453125 0.0078125 0.0107421875
2 0.6953125 0.4560546875 0.009765625 0.0126953125
2 0.79296875 0.4619140625 0.0126953125 0.0146484375
2 0.88671875 0.470703125 0.0185546875 0.01953125
2 0.9111328125 0.4853515625 0.0234375 0.0263671875
2 0.9765625 0.5185546875 0.04296875 0.0439453125
0 0.7109375 0.4453125 0.0078125 0.0146484375
0 0.7255859375 0.4453125 0.0087890625 0.015625
0 0.7880859375 0.443359375 0.0078125 0.013671875
0 0.802734375 0.443359375 0.0087890625 0.0146484375