1 0.255859375 0.5556640625 0.0498046875 0.05859375
1 0.3828125 0.4912109375 0.0224609375 0.0263671875
1 0.4248046875 0.4697265625 0.0126953125 0.0166015625
1 0.4482421875 0.4599609375 0.009765625 0.0126953125
1 0.470703125 0.455078125 0.0078125 0.0107421875
1 0.5283203125 0.451171875 0.005859375 0.0078125
1 0.5634765625 0.44921875 0.0048828125 0.0078125
1 0.5595703125 0.4482421875 0.0048828125 0.0068359375
1 0.5263671875 0.447265625 0.00390625 0.005859375
1 0.48828125 0.447265625 0.00390625 0.005859375
1 0.474609375 0.4462890625 0.00390625 0.005859375
1 0.4775390625 0.4443359375 0.0029296875 0.0048828125
1 0.48046875 0.443359375 0.0029296875 0.0048828125
1 0.4921875 0.4423828125 0.0029296875 0.00390625
1 0.5185546875 0.44140625 0.0029296875 0.00390625
1 0.5458984375 0.44140625 0.001953125 0.00390625
1 0.5703125 0.4404296875 0.0029296875 0.00390625
1 0.59765625 0.4404296875 0.0029296875 0.00390625
1 0.6357421875 0.439453125 0.0029296875 0.00390625
2 0.908203125 0.546875 0.0498046875 0.0595703125
2 0.6982421875 0.48828125 0.0234375 0.02734375
2 0.6259765625 0.466796875 0.013671875 0.0166015625
2 0.5966796875 0.4580078125 0.009765625 0.0126953125
2 0.6025390625 0.4541015625 0.0078125 0.0107421875
2 0.654296875 0.44921875 0.0068359375 0.009765625
2 0.6513671875 0.4462890625 0.005859375 0.0078125
2 0.6044921875 0.4462890625 0.0048828125 0.0078125
2 0.5498046875 0.4453125 0.00390625 0.005859375
2 0.541015625 0.443359375 0.00390625 0.005859375
2 0.5361328125 0.4423828125 0.00390625 0.0048828125
2 0.5576171875 0.44140625 0.0029296875 0.00390625
2 0.595703125 0.4404296875 0.00390625 0.00390625
2 0.6328125 0.4404296875 0.00390625 0.0048828125