1 0.19921875 0.5224609375 0.037109375 0.0400390625
1 0.228515625 0.482421875 0.0205078125 0.0234375
1 0.3681640625 0.4677734375 0.013671875 0.0166015625
1 0.4638671875 0.4599609375 0.0107421875 0.013671875
1 0.5244140625 0.4541015625 0.0087890625 0.0107421875
1 0.4921875 0.4501953125 0.0078125 0.009765625
1 0.470703125 0.447265625 0.005859375 0.0078125
1 0.4619140625 0.4443359375 0.0048828125 0.0068359375
1 0.484375 0.443359375 0.0048828125 0.005859375
1 0.5166015625 0.44140625 0.00390625 0.005859375
1 0.5390625 0.4404296875 0.00390625 0.0048828125
1 0.525390625 0.439453125 0.0029296875 0.00390625
1 0.501953125 0.4384765625 0.0029296875 0.00390625
1 0.498046875 0.4375 0.0029296875 0.00390625
1 0.5078125 0.4375 0.001953125 0.00390625
1 0.525390625 0.4365234375 0.001953125 0.00390625
1 0.5400390625 0.435546875 0.001953125 0.0029296875
1 0.5126953125 0.435546875 0.001953125 0.0029296875
1 0.521484375 0.435546875 0.001953125 0.001953125
1 0.5673828125 0.4345703125 0.001953125 0.0029296875
1 0.6005859375 0.4345703125 0.001953125 0.001953125
1 0.62890625 0.4345703125 0.001953125 0.001953125
1 0.673828125 0.4345703125 0.001953125 0.001953125
1 0.685546875 0.4345703125 0.001953125 0.0029296875
1 0.693359375 0.435546875 0.001953125 0.0029296875
1 0.7001953125 0.435546875 0.001953125 0.0029296875
1 0.70703125 0.435546875 0.001953125 0.00390625
1 0.7158203125 0.4365234375 0.001953125 0.00390625
1 0.7314453125 0.4375 0.001953125 0.00390625
1 0.7470703125 0.4375 0.0029296875 0.00390625
1 0.7646484375 0.4384765625 0.0029296875 0.0048828125
1 0.7890625 0.439453125 0.00390625 0.005859375
1 0.8193359375 0.44140625 0.0048828125 0.005859375
1 0.859375 0.443359375 0.005859375 0.0068359375
1 0.908203125 0.4462890625 0.0068359375 0.0078125
1 0.9736328125 0.44921875 0.0087890625 0.009765625
2 0.8408203125 0.5888671875 0.0673828125 0.068359375
2 0.5771484375 0.5078125 0.0322265625 0.0380859375
2 0.49609375 0.482421875 0.0205078125 0.0244140625
2 0.5751953125 0.466796875 0.0126953125 0.017578125
2 0.609375 0.4609375 0.0107421875 0.0146484375
2 0.6337890625 0.4541015625 0.0087890625 0.0126953125
2 0.6044921875 0.4501953125 0.0078125 0.0107421875
2 0.560546875 0.447265625 0.005859375 0.0087890625
2 0.5341796875 0.4443359375 0.0048828125 0.0068359375
2 0.5615234375 0.443359375 0.0048828125 0.005859375
2 0.58984375 0.4404296875 0.00390625 0.005859375
2 0.5751953125 0.439453125 0.00390625 0.005859375
2 0.5537109375 0.4384765625 0.0029296875 0.00390625
2 0.541015625 0.4375 0.0029296875 0.00390625
2 0.5498046875 0.4375 0.0029296875 0.00390625
2 0.5654296875 0.4365234375 0.0029296875 0.00390625
2 0.576171875 0.435546875 0.001953125 0.00390625
2 0.5634765625 0.435546875 0.00390625 0.00390625
2 0.5869140625 0.4345703125 0.001953125 0.0029296875
2 0.6171875 0.4345703125 0.001953125 0.0029296875
2 0.6376953125 0.4345703125 0.001953125 0.00390625
2 0.65234375 0.435546875 0.001953125 0.00390625
2 0.6572265625 0.435546875 0.001953125 0.00390625
2 0.6640625 0.4365234375 0.001953125 0.0029296875
2 0.6708984375 0.4365234375 0.001953125 0.00390625
2 0.6806640625 0.4375 0.001953125 0.00390625
2 0.69140625 0.4384765625 0.0029296875 0.00390625
2 0.7041015625 0.439453125 0.0029296875 0.0048828125
2 0.7197265625 0.4404296875 0.00390625 0.005859375
2 0.7412109375 0.44140625 0.0048828125 0.0068359375
2 0.7724609375 0.4443359375 0.005859375 0.0078125
2 0.806640625 0.447265625 0.0068359375 0.0087890625
2 0.8525390625 0.4501953125 0.0078125 0.0107421875
2 0.9208984375 0.455078125 0.0107421875 0.0126953125