1 0.615234375 0.478515625 0.015625 0.0185546875
1 0.4873046875 0.49609375 0.025390625 0.029296875
2 0.873046875 0.515625 0.029296875 0.033203125
1 0.2626953125 0.5673828125 0.060546875 0.0693359375
2 0.927734375 0.4931640625 0.017578125 0.0205078125
2 0.943359375 0.482421875 0.0126953125 0.015625
1 0.7080078125 0.4716796875 0.01171875 0.0146484375
1 0.775390625 0.46875 0.0107421875 0.01171875
1 0.7900390625 0.46484375 0.0078125 0.009765625
2 0.9189453125 0.4677734375 0.0078125 0.0087890625
2 0.9404296875 0.462890625 0.0048828125 0.0068359375
1 0.853515625 0.4580078125 0.0048828125 0.0068359375
2 0.9296875 0.4580078125 0.0029296875 0.0048828125
1 0.779296875 0.4599609375 0.005859375 0.0087890625
2 0.900390625 0.46484375 0.005859375 0.0078125
2 0.9365234375 0.4580078125 0.0029296875 0.00390625
2 0.966796875 0.4619140625 0.00390625 0.005859375
1 0.9111328125 0.4560546875 0.0029296875 0.00390625
1 0.85546875 0.4541015625 0.00390625 0.0048828125
1 0.8955078125 0.458984375 0.00390625 0.005859375
1 0.8046875 0.4580078125 0.005859375 0.005859375
2 0.9033203125 0.4619140625 0.0048828125 0.0068359375
2 0.9765625 0.4580078125 0.0029296875 0.00390625
2 0.90234375 0.4541015625 0.0029296875 0.00390625
2 0.9697265625 0.4580078125 0.0029296875 0.00390625
2 0.9140625 0.4541015625 0.001953125 0.0029296875
2 0.8916015625 0.453125 0.001953125 0.00390625
1 0.837890625 0.451171875 0.0029296875 0.00390625
2 0.9580078125 0.470703125 0.0068359375 0.0087890625
2 0.947265625 0.455078125 0.001953125 0.0029296875
2 0.9677734375 0.4580078125 0.0048828125 0.0048828125
2 0.9921875 0.45703125 0.0029296875 0.0029296875
1 0.7822265625 0.4580078125 0.00390625 0.0068359375
2 0.9345703125 0.4560546875 0.0029296875 0.00390625
1 0.888671875 0.4541015625 0.001953125 0.00390625
1 0.849609375 0.451171875 0.001953125 0.0029296875