2 0.9755859375 0.583984375 0.0478515625 0.07421875
2 0.7041015625 0.4912109375 0.025390625 0.029296875
2 0.6337890625 0.4697265625 0.0146484375 0.0185546875
2 0.5966796875 0.4580078125 0.009765625 0.013671875
2 0.57421875 0.4521484375 0.0078125 0.009765625
2 0.5634765625 0.447265625 0.005859375 0.0087890625
2 0.5703125 0.4453125 0.005859375 0.0078125
2 0.59765625 0.443359375 0.0048828125 0.005859375
2 0.65625 0.4423828125 0.0048828125 0.0068359375
2 0.7265625 0.4423828125 0.0048828125 0.005859375
2 0.83984375 0.4443359375 0.0068359375 0.0087890625
2 0.880859375 0.447265625 0.0078125 0.0087890625
2 0.896484375 0.451171875 0.009765625 0.0107421875
2 0.87890625 0.4560546875 0.0107421875 0.0146484375
2 0.8857421875 0.46484375 0.0146484375 0.017578125
2 0.9287109375 0.478515625 0.021484375 0.0244140625
1 0.2412109375 0.5556640625 0.0537109375 0.05859375
1 0.369140625 0.4931640625 0.0234375 0.0283203125
1 0.416015625 0.470703125 0.0146484375 0.0185546875
1 0.4375 0.458984375 0.0107421875 0.013671875
1 0.453125 0.4521484375 0.0078125 0.0107421875
1 0.462890625 0.4482421875 0.0068359375 0.0087890625
1 0.46875 0.4453125 0.005859375 0.0068359375
1 0.505859375 0.443359375 0.0048828125 0.0068359375
1 0.556640625 0.44140625 0.00390625 0.005859375
1 0.626953125 0.4404296875 0.00390625 0.005859375
1 0.708984375 0.4404296875 0.00390625 0.005859375
1 0.8046875 0.4404296875 0.005859375 0.0068359375
1 0.8779296875 0.4423828125 0.0048828125 0.0068359375
1 0.9580078125 0.4443359375 0.0068359375 0.0078125
2 0.7890625 0.443359375 0.0048828125 0.0078125