2 0.6259765625 0.46875 0.0126953125 0.0166015625
2 0.736328125 0.4833984375 0.0205078125 0.0244140625
2 0.5732421875 0.4609375 0.0087890625 0.0126953125
2 0.9765625 0.4501953125 0.0087890625 0.0107421875
2 0.9404296875 0.4462890625 0.0068359375 0.0087890625
2 0.611328125 0.4501953125 0.005859375 0.0078125
1 0.48046875 0.5634765625 0.0498046875 0.0625
2 0.7275390625 0.44140625 0.00390625 0.0048828125
2 0.546875 0.45703125 0.0078125 0.0107421875
2 0.88671875 0.4443359375 0.005859375 0.0078125
2 0.8212890625 0.443359375 0.0048828125 0.0068359375
2 0.646484375 0.447265625 0.0048828125 0.0078125
2 0.564453125 0.453125 0.005859375 0.0087890625
1 0.5673828125 0.4443359375 0.00390625 0.0048828125
1 0.533203125 0.443359375 0.0029296875 0.0048828125
1 0.599609375 0.4462890625 0.00390625 0.005859375
2 0.5517578125 0.4423828125 0.0029296875 0.00390625
2 0.6279296875 0.443359375 0.0029296875 0.0048828125
2 0.765625 0.4423828125 0.00390625 0.005859375
2 0.63671875 0.4404296875 0.0029296875 0.00390625
2 0.654296875 0.4443359375 0.00390625 0.005859375
1 0.5615234375 0.4482421875 0.00390625 0.005859375
2 0.677734375 0.4462890625 0.0048828125 0.0078125
1 0.8310546875 0.44140625 0.0048828125 0.005859375
2 0.654296875 0.4404296875 0.0029296875 0.00390625
1 0.5712890625 0.439453125 0.001953125 0.0029296875
2 0.5263671875 0.4404296875 0.0029296875 0.00390625
1 0.8935546875 0.44140625 0.0048828125 0.005859375
2 0.5087890625 0.443359375 0.0029296875 0.00390625
1 0.51171875 0.451171875 0.0048828125 0.0078125
2 0.560546875 0.4404296875 0.001953125 0.0029296875
1 0.591796875 0.4453125 0.0029296875 0.0048828125
1 0.724609375 0.439453125 0.0029296875 0.00390625
1 0.4990234375 0.443359375 0.0029296875 0.0048828125
2 0.59375 0.443359375 0.0029296875 0.0048828125
2 0.6767578125 0.44140625 0.00390625 0.0048828125
2 0.62109375 0.4404296875 0.001953125 0.00390625
1 0.4140625 0.4609375 0.0078125 0.01171875
1 0.4306640625 0.4560546875 0.0078125 0.009765625
1 0.6796875 0.439453125 0.0029296875 0.00390625
1 0.4208984375 0.470703125 0.01171875 0.0166015625
1 0.41796875 0.4423828125 0.001953125 0.00390625
1 0.4638671875 0.453125 0.005859375 0.0078125
2 0.470703125 0.443359375 0.0029296875 0.00390625
1 0.4248046875 0.4443359375 0.0029296875 0.00390625
1 0.40234375 0.4443359375 0.0029296875 0.00390625
1 0.4306640625 0.4853515625 0.017578125 0.0224609375
2 0.48828125 0.44140625 0.001953125 0.00390625
1 0.642578125 0.439453125 0.001953125 0.0029296875
2 0.4453125 0.443359375 0.0029296875 0.00390625
2 0.6982421875 0.44140625 0.0029296875 0.0048828125
1 0.53515625 0.4404296875 0.001953125 0.00390625
1 0.4775390625 0.44140625 0.001953125 0.0029296875
2 0.4404296875 0.443359375 0.0029296875 0.0048828125
1 0.5068359375 0.439453125 0.001953125 0.0029296875
2 0.5966796875 0.4404296875 0.001953125 0.00390625
1 0.458984375 0.443359375 0.001953125 0.00390625
1 0.396484375 0.443359375 0.00390625 0.00390625
2 0.45703125 0.4423828125 0.001953125 0.00390625
1 0.7001953125 0.4375 0.001953125 0.00390625
0 0.6953125 0.4404296875 0.00390625 0.0087890625
0 0.69921875 0.439453125 0.005859375 0.0087890625