1 0.05859375 0.4716796875 0.013671875 0.0146484375
1 0.0986328125 0.466796875 0.0107421875 0.0126953125
1 0.15234375 0.4619140625 0.0087890625 0.0107421875
1 0.2275390625 0.4580078125 0.0078125 0.009765625
1 0.2919921875 0.4560546875 0.0068359375 0.0087890625
1 0.3466796875 0.4541015625 0.0068359375 0.0087890625
1 0.5400390625 0.4501953125 0.005859375 0.0068359375
1 0.6376953125 0.4482421875 0.005859375 0.0078125
1 0.72265625 0.4482421875 0.0048828125 0.0068359375
1 0.8232421875 0.44921875 0.0048828125 0.0068359375
1 0.9326171875 0.451171875 0.0068359375 0.0087890625
2 0.958984375 0.5673828125 0.0625 0.0634765625
2 0.484375 0.509765625 0.0322265625 0.0361328125
2 0.2333984375 0.4921875 0.0205078125 0.025390625
2 0.2412109375 0.47265625 0.0126953125 0.0166015625
2 0.2529296875 0.4638671875 0.0087890625 0.0126953125
2 0.314453125 0.458984375 0.0078125 0.0107421875
2 0.3984375 0.4560546875 0.0068359375 0.0087890625
2 0.47265625 0.453125 0.0068359375 0.009765625
2 0.556640625 0.4521484375 0.0078125 0.0087890625
2 0.650390625 0.451171875 0.0078125 0.0087890625
2 0.9453125 0.4580078125 0.0107421875 0.0126953125
2 0.8310546875 0.4541015625 0.0078125 0.009765625
2 0.73046875 0.4521484375 0.0078125 0.0087890625