1 0.166015625 0.453125 0.0224609375 0.025390625
1 0.3330078125 0.4453125 0.0146484375 0.017578125
1 0.4697265625 0.443359375 0.0107421875 0.013671875
1 0.595703125 0.4443359375 0.0087890625 0.01171875
1 0.69921875 0.4462890625 0.0087890625 0.0107421875
1 0.8330078125 0.44921875 0.0078125 0.009765625
1 0.9091796875 0.451171875 0.0078125 0.0087890625
1 0.994140625 0.453125 0.005859375 0.0078125
2 0.6689453125 0.6015625 0.056640625 0.041015625
2 0.4267578125 0.4990234375 0.033203125 0.0400390625
2 0.4833984375 0.4658203125 0.017578125 0.0234375
2 0.9404296875 0.4599609375 0.009765625 0.01171875
2 0.708984375 0.45703125 0.01171875 0.0146484375
2 0.5859375 0.458984375 0.015625 0.0185546875
2 0.8203125 0.4580078125 0.0107421875 0.013671875