2 0.8037109375 0.439453125 0.0048828125 0.0068359375
2 0.8447265625 0.439453125 0.0048828125 0.0068359375
2 0.8740234375 0.4384765625 0.00390625 0.0068359375
2 0.875 0.443359375 0.0068359375 0.0087890625
2 0.86328125 0.4462890625 0.0078125 0.009765625
2 0.8359375 0.4501953125 0.0087890625 0.0107421875
2 0.826171875 0.45703125 0.0107421875 0.0146484375
2 0.8671875 0.46484375 0.015625 0.01953125
2 0.9892578125 0.5947265625 0.021484375 0.056640625
2 0.7119140625 0.4951171875 0.02734375 0.0322265625
2 0.65234375 0.4697265625 0.015625 0.01953125
2 0.6220703125 0.4580078125 0.0107421875 0.013671875
2 0.6064453125 0.4521484375 0.0078125 0.01171875
2 0.5947265625 0.4482421875 0.0068359375 0.0087890625
2 0.587890625 0.4453125 0.005859375 0.0078125
2 0.6171875 0.44140625 0.00390625 0.005859375
2 0.6728515625 0.4404296875 0.00390625 0.005859375
2 0.73828125 0.439453125 0.00390625 0.005859375
1 0.7431640625 0.4384765625 0.0029296875 0.0048828125
1 0.9462890625 0.439453125 0.005859375 0.0068359375
1 0.9833984375 0.4404296875 0.0048828125 0.0078125
1 0.990234375 0.443359375 0.005859375 0.0078125
1 0.9951171875 0.451171875 0.0087890625 0.01171875
1 0.1318359375 0.6005859375 0.05078125 0.04296875
1 0.3798828125 0.5029296875 0.02734375 0.0322265625
1 0.443359375 0.47265625 0.0146484375 0.01953125
1 0.4677734375 0.4599609375 0.0107421875 0.013671875
1 0.4853515625 0.4521484375 0.0078125 0.009765625
1 0.4892578125 0.44921875 0.005859375 0.0087890625
1 0.49609375 0.4462890625 0.005859375 0.0078125
1 0.5048828125 0.4443359375 0.00390625 0.0068359375
1 0.5244140625 0.44140625 0.00390625 0.005859375
1 0.56640625 0.4404296875 0.00390625 0.005859375
1 0.623046875 0.439453125 0.00390625 0.0048828125
1 0.67578125 0.4375 0.0029296875 0.0048828125