1 0.40234375 0.5126953125 0.0341796875 0.0390625
1 0.48828125 0.482421875 0.01953125 0.0234375
1 0.4130859375 0.46875 0.0146484375 0.017578125
1 0.3310546875 0.4609375 0.0107421875 0.013671875
1 0.3251953125 0.4541015625 0.0078125 0.0107421875
1 0.349609375 0.4501953125 0.0068359375 0.0087890625
1 0.388671875 0.447265625 0.005859375 0.0078125
1 0.4189453125 0.4453125 0.005859375 0.0078125
1 0.38671875 0.4443359375 0.00390625 0.005859375
1 0.361328125 0.443359375 0.00390625 0.005859375
1 0.376953125 0.4423828125 0.00390625 0.005859375
1 0.4111328125 0.44140625 0.00390625 0.005859375
1 0.51171875 0.439453125 0.00390625 0.0048828125
1 0.55859375 0.439453125 0.00390625 0.0048828125
1 0.59765625 0.439453125 0.0029296875 0.0048828125
1 0.6396484375 0.439453125 0.0029296875 0.0048828125
1 0.66796875 0.4404296875 0.00390625 0.0048828125
1 0.6962890625 0.4375 0.00390625 0.0048828125
1 0.7236328125 0.4423828125 0.0048828125 0.005859375
1 0.794921875 0.4453125 0.005859375 0.0078125
1 0.873046875 0.4482421875 0.0078125 0.0087890625
1 0.982421875 0.4521484375 0.0087890625 0.0107421875
2 0.8291015625 0.5166015625 0.0390625 0.04296875
2 0.7080078125 0.4794921875 0.0205078125 0.0234375
2 0.58203125 0.46484375 0.013671875 0.0166015625
2 0.4833984375 0.4580078125 0.0107421875 0.013671875
2 0.4404296875 0.4541015625 0.0087890625 0.01171875
2 0.4541015625 0.4501953125 0.0078125 0.009765625
2 0.4794921875 0.447265625 0.005859375 0.0078125
2 0.4931640625 0.4453125 0.0048828125 0.0068359375
2 0.458984375 0.443359375 0.00390625 0.005859375
2 0.45703125 0.4404296875 0.00390625 0.0048828125
2 0.4951171875 0.4404296875 0.00390625 0.005859375
2 0.5498046875 0.4404296875 0.00390625 0.005859375
2 0.587890625 0.4404296875 0.00390625 0.005859375
2 0.6220703125 0.44140625 0.0048828125 0.0068359375
2 0.6455078125 0.443359375 0.0048828125 0.0068359375
2 0.6728515625 0.4443359375 0.005859375 0.0078125
2 0.7099609375 0.4462890625 0.0068359375 0.0087890625
2 0.7705078125 0.44921875 0.0078125 0.0107421875
2 0.857421875 0.4541015625 0.0107421875 0.0126953125
2 0.9814453125 0.4619140625 0.0146484375 0.015625