2 0.83984375 0.5390625 0.048828125 0.05078125
2 0.6533203125 0.486328125 0.0224609375 0.0263671875
2 0.5419921875 0.470703125 0.0146484375 0.01953125
2 0.412109375 0.462890625 0.0107421875 0.0146484375
2 0.298828125 0.458984375 0.009765625 0.0126953125
2 0.1953125 0.4580078125 0.0087890625 0.01171875
2 0.095703125 0.45703125 0.0087890625 0.0107421875
2 0.0576171875 0.4541015625 0.0078125 0.009765625
2 0.0634765625 0.44921875 0.00390625 0.0068359375
2 0.06640625 0.447265625 0.00390625 0.005859375
2 0.0703125 0.4453125 0.00390625 0.0048828125
2 0.07421875 0.4443359375 0.00390625 0.0048828125
2 0.078125 0.4423828125 0.0029296875 0.00390625
2 0.087890625 0.44140625 0.0029296875 0.00390625
2 0.109375 0.4404296875 0.0029296875 0.00390625
2 0.1484375 0.4404296875 0.001953125 0.00390625
2 0.1884765625 0.439453125 0.001953125 0.0029296875
2 0.22265625 0.439453125 0.001953125 0.00390625
2 0.2294921875 0.439453125 0.001953125 0.00390625
2 0.228515625 0.4404296875 0.001953125 0.00390625
2 0.21484375 0.44140625 0.0029296875 0.00390625
2 0.185546875 0.4423828125 0.0029296875 0.00390625
2 0.16015625 0.443359375 0.0029296875 0.0048828125
2 0.1396484375 0.443359375 0.0029296875 0.00390625
2 0.142578125 0.4453125 0.00390625 0.005859375
2 0.1552734375 0.4453125 0.00390625 0.005859375
2 0.1962890625 0.4462890625 0.0048828125 0.005859375
2 0.2529296875 0.4462890625 0.00390625 0.0068359375
2 0.310546875 0.447265625 0.0048828125 0.0068359375
2 0.373046875 0.447265625 0.005859375 0.0078125
2 0.421875 0.44921875 0.0068359375 0.0087890625
2 0.4775390625 0.4521484375 0.0078125 0.0107421875
2 0.55859375 0.4560546875 0.009765625 0.0126953125
2 0.671875 0.4619140625 0.0126953125 0.015625
2 0.869140625 0.470703125 0.01953125 0.0205078125
1 0.232421875 0.5693359375 0.056640625 0.064453125
1 0.328125 0.4921875 0.0244140625 0.0283203125
1 0.263671875 0.4736328125 0.0166015625 0.0185546875
1 0.18359375 0.466796875 0.0126953125 0.015625
1 0.0341796875 0.4638671875 0.0126953125 0.0146484375
1 0.0029296875 0.4453125 0.00390625 0.0048828125
1 0.0107421875 0.4443359375 0.0029296875 0.00390625
1 0.017578125 0.443359375 0.0029296875 0.00390625
1 0.0234375 0.4423828125 0.0029296875 0.0029296875
1 0.0498046875 0.44140625 0.001953125 0.0029296875
1 0.1376953125 0.439453125 0.001953125 0.0029296875
1 0.236328125 0.4384765625 0.001953125 0.0029296875
1 0.2607421875 0.4384765625 0.001953125 0.0029296875
1 0.275390625 0.439453125 0.001953125 0.0029296875
1 0.28515625 0.439453125 0.001953125 0.00390625
1 0.2685546875 0.4404296875 0.0029296875 0.00390625
1 0.2451171875 0.44140625 0.0029296875 0.00390625
1 0.2197265625 0.4423828125 0.0029296875 0.0048828125
1 0.2119140625 0.443359375 0.0029296875 0.0048828125
1 0.216796875 0.4443359375 0.0029296875 0.0048828125
1 0.25 0.4443359375 0.00390625 0.005859375
1 0.3095703125 0.443359375 0.00390625 0.0048828125
1 0.3779296875 0.4443359375 0.0048828125 0.005859375
1 0.443359375 0.4453125 0.005859375 0.0068359375
1 0.4921875 0.4462890625 0.005859375 0.0078125
1 0.640625 0.451171875 0.0087890625 0.0107421875
1 0.771484375 0.4560546875 0.0107421875 0.013671875
1 0.9755859375 0.462890625 0.015625 0.017578125