2 0.6572265625 0.4228515625 0.001953125 0.0029296875
2 0.6689453125 0.421875 0.001953125 0.0029296875
2 0.6435546875 0.421875 0.001953125 0.00390625
2 0.6240234375 0.421875 0.001953125 0.00390625
2 0.6083984375 0.421875 0.001953125 0.0029296875
2 0.6015625 0.421875 0.001953125 0.00390625
2 0.6103515625 0.423828125 0.001953125 0.00390625
2 0.634765625 0.4248046875 0.0029296875 0.00390625
2 0.6689453125 0.4267578125 0.0029296875 0.00390625
2 0.712890625 0.4296875 0.0029296875 0.0048828125
2 0.7431640625 0.431640625 0.00390625 0.005859375
2 0.76953125 0.43359375 0.00390625 0.005859375
2 0.791015625 0.4365234375 0.0048828125 0.0068359375
2 0.8291015625 0.44140625 0.005859375 0.0078125
2 0.8779296875 0.4462890625 0.0078125 0.0087890625
2 0.943359375 0.4541015625 0.009765625 0.0126953125
2 0.4453125 0.587890625 0.0634765625 0.0703125
2 0.5009765625 0.4912109375 0.0322265625 0.0380859375
2 0.572265625 0.466796875 0.01953125 0.025390625
2 0.6552734375 0.4560546875 0.013671875 0.017578125
2 0.740234375 0.4521484375 0.0107421875 0.013671875
2 0.7763671875 0.447265625 0.0087890625 0.01171875
2 0.7861328125 0.4443359375 0.0068359375 0.009765625
2 0.7646484375 0.4404296875 0.005859375 0.0087890625
2 0.7333984375 0.4375 0.005859375 0.0078125
2 0.6796875 0.4326171875 0.005859375 0.0068359375
2 0.626953125 0.4287109375 0.0048828125 0.0068359375
2 0.587890625 0.4267578125 0.00390625 0.005859375
2 0.560546875 0.423828125 0.00390625 0.0048828125
2 0.5537109375 0.421875 0.00390625 0.0048828125
2 0.5576171875 0.419921875 0.00390625 0.00390625
2 0.560546875 0.4189453125 0.00390625 0.00390625
2 0.56640625 0.41796875 0.001953125 0.0029296875
2 0.580078125 0.41796875 0.001953125 0.0029296875
2 0.6337890625 0.4208984375 0.001953125 0.0029296875
1 0.70703125 0.4248046875 0.001953125 0.001953125
1 0.6943359375 0.423828125 0.001953125 0.0029296875
1 0.6796875 0.423828125 0.001953125 0.001953125
1 0.662109375 0.423828125 0.001953125 0.0029296875
1 0.6484375 0.423828125 0.001953125 0.0029296875
1 0.65234375 0.4248046875 0.001953125 0.00390625
1 0.7158203125 0.4287109375 0.0029296875 0.00390625
1 0.7568359375 0.4306640625 0.0029296875 0.00390625
1 0.8232421875 0.435546875 0.00390625 0.0048828125
1 0.853515625 0.4384765625 0.0048828125 0.0068359375
1 0.8916015625 0.4423828125 0.005859375 0.0078125
1 0.9365234375 0.4462890625 0.005859375 0.0078125
1 0.99609375 0.4521484375 0.005859375 0.0087890625
1 0.1552734375 0.46484375 0.02734375 0.03125
1 0.3125 0.4453125 0.0166015625 0.01953125
1 0.45703125 0.4443359375 0.0126953125 0.015625
1 0.5673828125 0.443359375 0.0107421875 0.0126953125
1 0.646484375 0.4404296875 0.0078125 0.009765625
1 0.6630859375 0.4375 0.0078125 0.0087890625
1 0.65625 0.4345703125 0.005859375 0.0078125
1 0.6181640625 0.4306640625 0.0048828125 0.0068359375
1 0.5654296875 0.4267578125 0.0048828125 0.0068359375
1 0.5205078125 0.423828125 0.00390625 0.005859375
1 0.5 0.4208984375 0.0029296875 0.0048828125
1 0.50390625 0.419921875 0.0029296875 0.00390625
1 0.5087890625 0.419921875 0.0029296875 0.00390625
1 0.513671875 0.4189453125 0.001953125 0.00390625
1 0.5185546875 0.41796875 0.001953125 0.0029296875
1 0.5205078125 0.41796875 0.001953125 0.0029296875
1 0.525390625 0.4169921875 0.0029296875 0.0029296875
1 0.529296875 0.416015625 0.0029296875 0.0029296875
1 0.53125 0.416015625 0.001953125 0.0029296875
1 0.541015625 0.416015625 0.001953125 0.0029296875
1 0.611328125 0.4189453125 0.001953125 0.001953125