1 0.3662109375 0.537109375 0.0400390625 0.048828125
2 0.787109375 0.4931640625 0.0244140625 0.0283203125
1 0.4619140625 0.4921875 0.021484375 0.0263671875
2 0.9599609375 0.5478515625 0.0537109375 0.0595703125
2 0.7255859375 0.47265625 0.0146484375 0.0185546875
2 0.931640625 0.4609375 0.01171875 0.0146484375
2 0.677734375 0.4580078125 0.0078125 0.01171875
2 0.8603515625 0.4560546875 0.009765625 0.01171875
1 0.505859375 0.474609375 0.013671875 0.0185546875
1 0.9638671875 0.4521484375 0.0078125 0.009765625
2 0.8828125 0.44921875 0.0068359375 0.0078125
2 0.8271484375 0.453125 0.0078125 0.009765625
1 0.9970703125 0.455078125 0.0048828125 0.01171875
2 0.6630859375 0.4541015625 0.0068359375 0.0087890625
1 0.5673828125 0.44921875 0.0048828125 0.0068359375
2 0.8369140625 0.4501953125 0.0068359375 0.0087890625
1 0.578125 0.447265625 0.00390625 0.005859375
2 0.89453125 0.4423828125 0.00390625 0.0048828125
2 0.6689453125 0.443359375 0.00390625 0.0048828125
2 0.646484375 0.4482421875 0.00390625 0.0068359375
1 0.5595703125 0.451171875 0.0048828125 0.0078125
1 0.61328125 0.4462890625 0.00390625 0.0048828125
2 0.9560546875 0.4462890625 0.0048828125 0.0068359375
2 0.9228515625 0.443359375 0.00390625 0.005859375
2 0.6533203125 0.4501953125 0.0048828125 0.0078125
1 0.587890625 0.4443359375 0.0029296875 0.0048828125
2 0.693359375 0.4453125 0.00390625 0.005859375
2 0.6552734375 0.4462890625 0.00390625 0.005859375
2 0.921875 0.447265625 0.005859375 0.0078125
2 0.7021484375 0.4404296875 0.0029296875 0.00390625
2 0.8447265625 0.4404296875 0.00390625 0.0048828125
2 0.6982421875 0.443359375 0.0029296875 0.0048828125
2 0.6416015625 0.44140625 0.001953125 0.00390625
1 0.58203125 0.4423828125 0.001953125 0.00390625
2 0.8046875 0.4404296875 0.0029296875 0.00390625
1 0.5908203125 0.4423828125 0.001953125 0.00390625
1 0.9716796875 0.44140625 0.00390625 0.0048828125
2 0.6318359375 0.443359375 0.0029296875 0.0048828125
1 0.6357421875 0.4443359375 0.0029296875 0.0048828125
2 0.828125 0.4404296875 0.0029296875 0.00390625
2 0.8681640625 0.44140625 0.00390625 0.0048828125
2 0.9501953125 0.4443359375 0.00390625 0.0048828125
1 0.556640625 0.45703125 0.0078125 0.0107421875
2 0.6259765625 0.4423828125 0.0029296875 0.00390625
1 0.552734375 0.4541015625 0.005859375 0.0087890625
2 0.77734375 0.4404296875 0.001953125 0.0029296875
1 0.578125 0.443359375 0.0029296875 0.0048828125
1 0.6533203125 0.44140625 0.001953125 0.0029296875
1 0.9033203125 0.4404296875 0.0029296875 0.00390625
1 0.78515625 0.439453125 0.001953125 0.0029296875
1 0.67578125 0.4404296875 0.001953125 0.0029296875
1 0.611328125 0.44140625 0.001953125 0.0029296875
1 0.6142578125 0.4443359375 0.0029296875 0.00390625
2 0.671875 0.4404296875 0.001953125 0.0029296875
1 0.6328125 0.44140625 0.001953125 0.0029296875
2 0.7392578125 0.4404296875 0.0029296875 0.00390625
2 0.623046875 0.44140625 0.001953125 0.0029296875
1 0.939453125 0.44140625 0.0029296875 0.00390625
1 0.8203125 0.439453125 0.0029296875 0.0029296875
1 0.70703125 0.4404296875 0.001953125 0.0029296875
0 0.6982421875 0.4599609375 0.0107421875 0.0234375
0 0.705078125 0.4599609375 0.013671875 0.0244140625