1 0.0341796875 0.41015625 0.00390625 0.0048828125
1 0.0869140625 0.4111328125 0.00390625 0.00390625
1 0.130859375 0.4130859375 0.0029296875 0.00390625
1 0.1767578125 0.4150390625 0.0029296875 0.00390625
1 0.21875 0.4150390625 0.001953125 0.00390625
1 0.2548828125 0.4189453125 0.0029296875 0.00390625
1 0.28515625 0.419921875 0.00390625 0.0048828125
1 0.306640625 0.421875 0.0029296875 0.0048828125
1 0.3310546875 0.423828125 0.00390625 0.0048828125
1 0.359375 0.42578125 0.00390625 0.005859375
1 0.392578125 0.4287109375 0.0048828125 0.005859375
1 0.4326171875 0.431640625 0.0048828125 0.0068359375
1 0.4833984375 0.4365234375 0.005859375 0.0078125
1 0.5458984375 0.44140625 0.005859375 0.0078125
1 0.6279296875 0.4482421875 0.0078125 0.009765625
1 0.7412109375 0.45703125 0.0087890625 0.0107421875
1 0.904296875 0.470703125 0.0126953125 0.013671875
2 0.609375 0.57421875 0.0576171875 0.06640625
2 0.30859375 0.4853515625 0.029296875 0.033203125
2 0.2080078125 0.4560546875 0.0185546875 0.0224609375
2 0.15625 0.44140625 0.0146484375 0.017578125
2 0.1259765625 0.4326171875 0.0107421875 0.013671875
2 0.10546875 0.4267578125 0.0087890625 0.01171875
2 0.0908203125 0.4228515625 0.0078125 0.009765625
2 0.080078125 0.419921875 0.005859375 0.0078125
2 0.0703125 0.4169921875 0.0048828125 0.0078125
2 0.0634765625 0.4150390625 0.0048828125 0.0068359375
2 0.0576171875 0.4140625 0.00390625 0.005859375
2 0.0517578125 0.412109375 0.00390625 0.0048828125
2 0.076171875 0.412109375 0.00390625 0.00390625
2 0.1259765625 0.4140625 0.00390625 0.0048828125
2 0.1806640625 0.416015625 0.0029296875 0.0048828125
2 0.216796875 0.41796875 0.0029296875 0.0048828125
2 0.2314453125 0.419921875 0.0029296875 0.0048828125
2 0.2529296875 0.421875 0.00390625 0.005859375
2 0.2763671875 0.423828125 0.0048828125 0.005859375
2 0.3056640625 0.4267578125 0.0048828125 0.0068359375
2 0.3408203125 0.4296875 0.005859375 0.0078125
2 0.3837890625 0.43359375 0.0068359375 0.0087890625
2 0.44140625 0.439453125 0.0078125 0.009765625
2 0.5185546875 0.4462890625 0.0087890625 0.01171875
2 0.626953125 0.45703125 0.01171875 0.0146484375
2 0.79296875 0.4736328125 0.0166015625 0.0185546875