1 0.4384765625 0.55859375 0.0576171875 0.06640625
1 0.6494140625 0.4658203125 0.0234375 0.029296875
2 0.98828125 0.43359375 0.0224609375 0.02734375
2 0.98046875 0.4091796875 0.0087890625 0.009765625
1 0.853515625 0.4208984375 0.0107421875 0.0126953125
1 0.912109375 0.416015625 0.0087890625 0.01171875
1 0.91796875 0.4013671875 0.00390625 0.005859375
2 0.8984375 0.4033203125 0.005859375 0.005859375
2 0.88671875 0.41015625 0.0068359375 0.0087890625
1 0.8515625 0.4140625 0.0078125 0.0087890625
1 0.9599609375 0.400390625 0.00390625 0.005859375
2 0.873046875 0.4072265625 0.0048828125 0.0068359375
1 0.8798828125 0.4033203125 0.00390625 0.0048828125
2 0.95703125 0.4013671875 0.0048828125 0.005859375
1 0.9033203125 0.4140625 0.0068359375 0.009765625
2 0.8662109375 0.4052734375 0.00390625 0.005859375
1 0.8408203125 0.4052734375 0.00390625 0.0048828125
1 0.71484375 0.44140625 0.015625 0.017578125
1 0.7587890625 0.4296875 0.0126953125 0.0146484375
1 0.7958984375 0.4140625 0.005859375 0.0078125
1 0.8056640625 0.4072265625 0.00390625 0.0048828125
1 0.7890625 0.408203125 0.0029296875 0.0048828125
1 0.7802734375 0.4111328125 0.00390625 0.005859375
1 0.77734375 0.4130859375 0.0048828125 0.005859375
1 0.7841796875 0.4091796875 0.00390625 0.0048828125