2 0.8818359375 0.4375 0.0185546875 0.021484375
2 0.73046875 0.4306640625 0.0126953125 0.015625
2 0.623046875 0.4287109375 0.009765625 0.0126953125
2 0.5419921875 0.427734375 0.0078125 0.0107421875
2 0.51953125 0.4248046875 0.0068359375 0.0087890625
2 0.5263671875 0.421875 0.0048828125 0.0078125
2 0.5361328125 0.416015625 0.0029296875 0.0048828125
2 0.54296875 0.4169921875 0.00390625 0.005859375
2 0.5498046875 0.4150390625 0.00390625 0.0048828125
2 0.5537109375 0.4140625 0.0029296875 0.00390625
2 0.5576171875 0.4130859375 0.0029296875 0.00390625
2 0.560546875 0.412109375 0.0029296875 0.00390625
2 0.5634765625 0.4111328125 0.001953125 0.00390625
2 0.572265625 0.41015625 0.001953125 0.0029296875
2 0.58984375 0.4091796875 0.001953125 0.00390625
2 0.62109375 0.4072265625 0.001953125 0.00390625
2 0.654296875 0.40625 0.001953125 0.0029296875
2 0.6904296875 0.4052734375 0.0029296875 0.00390625
2 0.6748046875 0.4072265625 0.0029296875 0.00390625
2 0.6474609375 0.4091796875 0.0029296875 0.00390625
2 0.6240234375 0.4111328125 0.0029296875 0.0048828125
2 0.60546875 0.4130859375 0.00390625 0.005859375
2 0.615234375 0.4130859375 0.00390625 0.005859375
2 0.6494140625 0.4130859375 0.0048828125 0.0068359375
2 0.7021484375 0.4130859375 0.0048828125 0.0068359375
2 0.763671875 0.412109375 0.005859375 0.0078125
2 0.841796875 0.412109375 0.0078125 0.009765625
2 0.908203125 0.4130859375 0.009765625 0.01171875
2 0.9970703125 0.41796875 0.005859375 0.0146484375
1 0.689453125 0.5048828125 0.0390625 0.0478515625
1 0.6572265625 0.455078125 0.01953125 0.0234375
1 0.591796875 0.44140625 0.013671875 0.0166015625
1 0.4765625 0.4375 0.0107421875 0.013671875
1 0.419921875 0.4345703125 0.0078125 0.0107421875
1 0.404296875 0.431640625 0.0068359375 0.0087890625
1 0.4248046875 0.427734375 0.005859375 0.0078125
1 0.4462890625 0.423828125 0.0048828125 0.0068359375
1 0.46484375 0.421875 0.00390625 0.005859375
1 0.478515625 0.4189453125 0.00390625 0.005859375
1 0.4892578125 0.41796875 0.0029296875 0.0048828125
1 0.4990234375 0.416015625 0.0029296875 0.00390625
1 0.5068359375 0.4150390625 0.0029296875 0.00390625
1 0.5146484375 0.4140625 0.0029296875 0.00390625
1 0.5205078125 0.4130859375 0.001953125 0.0029296875
1 0.5263671875 0.412109375 0.001953125 0.0029296875
1 0.546875 0.41015625 0.001953125 0.001953125
1 0.57421875 0.4091796875 0.001953125 0.0029296875
1 0.61328125 0.4072265625 0.001953125 0.0029296875
1 0.65625 0.4052734375 0.001953125 0.0029296875
1 0.7001953125 0.4033203125 0.001953125 0.00390625
1 0.7236328125 0.4033203125 0.001953125 0.001953125
1 0.7373046875 0.4033203125 0.001953125 0.001953125
1 0.748046875 0.4033203125 0.0029296875 0.0029296875
1 0.7294921875 0.404296875 0.0029296875 0.0029296875
1 0.705078125 0.40625 0.0029296875 0.00390625
1 0.677734375 0.408203125 0.0029296875 0.0048828125
1 0.6689453125 0.4091796875 0.00390625 0.0048828125
1 0.671875 0.41015625 0.00390625 0.005859375
1 0.7666015625 0.4091796875 0.0048828125 0.0068359375
1 0.8505859375 0.4072265625 0.0068359375 0.0078125
1 0.9462890625 0.40625 0.0078125 0.0087890625