1 0.5576171875 0.580078125 0.06640625 0.08203125
1 0.787109375 0.4765625 0.033203125 0.0380859375
1 0.697265625 0.44921875 0.0185546875 0.0234375
1 0.58984375 0.4384765625 0.013671875 0.0166015625
1 0.4921875 0.43359375 0.009765625 0.0126953125
1 0.9736328125 0.40625 0.0048828125 0.005859375
1 0.8828125 0.4091796875 0.0068359375 0.0087890625
1 0.818359375 0.4091796875 0.005859375 0.0078125
1 0.72265625 0.41015625 0.00390625 0.005859375
1 0.6728515625 0.41015625 0.00390625 0.0048828125
1 0.5927734375 0.4130859375 0.00390625 0.0048828125
1 0.53125 0.4150390625 0.00390625 0.0048828125
1 0.482421875 0.4169921875 0.00390625 0.005859375
1 0.4296875 0.4189453125 0.00390625 0.005859375
1 0.3701171875 0.421875 0.00390625 0.005859375
1 0.3134765625 0.4248046875 0.0048828125 0.005859375
1 0.2646484375 0.427734375 0.0048828125 0.0068359375
1 0.2431640625 0.4306640625 0.005859375 0.0078125
1 0.2353515625 0.4326171875 0.0068359375 0.0078125
1 0.263671875 0.43359375 0.0068359375 0.0087890625
1 0.328125 0.43359375 0.0078125 0.0107421875
1 0.412109375 0.4326171875 0.0087890625 0.01171875
2 0.6904296875 0.412109375 0.0048828125 0.0068359375
2 0.73046875 0.4130859375 0.005859375 0.0078125
2 0.7822265625 0.4140625 0.0078125 0.0087890625
2 0.861328125 0.4150390625 0.0087890625 0.0107421875
2 0.958984375 0.4169921875 0.009765625 0.0126953125
2 0.640625 0.4130859375 0.00390625 0.005859375
2 0.5751953125 0.4150390625 0.00390625 0.005859375
2 0.51171875 0.4169921875 0.00390625 0.005859375
2 0.4423828125 0.419921875 0.00390625 0.005859375
2 0.3798828125 0.4228515625 0.0048828125 0.0068359375
2 0.3369140625 0.4267578125 0.005859375 0.0087890625
2 0.37890625 0.427734375 0.005859375 0.0087890625
2 0.455078125 0.4267578125 0.0078125 0.009765625
2 0.548828125 0.42578125 0.0087890625 0.01171875
2 0.6611328125 0.4267578125 0.009765625 0.0126953125
2 0.77734375 0.4287109375 0.0126953125 0.0166015625
2 0.9228515625 0.435546875 0.0205078125 0.021484375
0 0.9453125 0.412109375 0.0146484375 0.0234375
0 0.970703125 0.412109375 0.0146484375 0.0263671875