1 0.5078125 0.4658203125 0.0107421875 0.0146484375
1 0.5205078125 0.4599609375 0.0078125 0.0107421875
1 0.529296875 0.455078125 0.005859375 0.0087890625
1 0.5361328125 0.451171875 0.005859375 0.0078125
1 0.5439453125 0.44921875 0.0048828125 0.0068359375
1 0.5537109375 0.447265625 0.00390625 0.005859375
1 0.5888671875 0.4453125 0.00390625 0.005859375
1 0.6123046875 0.4443359375 0.00390625 0.0048828125
1 0.58984375 0.4423828125 0.0029296875 0.00390625
1 0.5634765625 0.443359375 0.0029296875 0.0048828125
1 0.5537109375 0.443359375 0.0029296875 0.00390625
1 0.556640625 0.4423828125 0.001953125 0.00390625
1 0.56640625 0.44140625 0.001953125 0.0029296875
1 0.5859375 0.44140625 0.001953125 0.0029296875
1 0.6083984375 0.4423828125 0.001953125 0.00390625
1 0.6279296875 0.4404296875 0.001953125 0.0029296875
1 0.6494140625 0.4404296875 0.001953125 0.0029296875
1 0.681640625 0.439453125 0.001953125 0.0029296875
1 0.7587890625 0.439453125 0.001953125 0.0029296875
1 0.79296875 0.439453125 0.001953125 0.0029296875
1 0.828125 0.4384765625 0.001953125 0.00390625
1 0.853515625 0.439453125 0.001953125 0.00390625
1 0.8740234375 0.439453125 0.0029296875 0.00390625
1 0.9111328125 0.4404296875 0.0029296875 0.00390625
1 0.94140625 0.44140625 0.00390625 0.0048828125
1 0.9931640625 0.4423828125 0.00390625 0.005859375
1 0.9814453125 0.4482421875 0.0068359375 0.0078125
1 0.486328125 0.4765625 0.015625 0.01953125
1 0.4384765625 0.498046875 0.0234375 0.029296875
1 0.3291015625 0.55859375 0.0478515625 0.05859375
2 0.794921875 0.498046875 0.02734375 0.03125
2 0.7158203125 0.474609375 0.0166015625 0.0205078125
2 0.6845703125 0.46484375 0.01171875 0.015625
2 0.6591796875 0.458984375 0.0087890625 0.01171875
2 0.6435546875 0.4541015625 0.0078125 0.009765625
2 0.6318359375 0.4501953125 0.005859375 0.0078125
2 0.625 0.447265625 0.0048828125 0.0068359375
2 0.6318359375 0.4462890625 0.00390625 0.005859375
2 0.669921875 0.4453125 0.00390625 0.005859375
2 0.6748046875 0.4443359375 0.00390625 0.005859375
2 0.64453125 0.443359375 0.00390625 0.0048828125
2 0.6064453125 0.443359375 0.0029296875 0.00390625
2 0.6005859375 0.4423828125 0.0029296875 0.00390625
2 0.5986328125 0.44140625 0.001953125 0.00390625
2 0.6162109375 0.44140625 0.0029296875 0.00390625
2 0.6474609375 0.4404296875 0.0029296875 0.00390625
2 0.677734375 0.4404296875 0.0029296875 0.00390625
2 0.712890625 0.439453125 0.00390625 0.00390625
2 0.7509765625 0.439453125 0.0029296875 0.00390625
2 0.919921875 0.4609375 0.0126953125 0.0146484375
2 0.8427734375 0.4580078125 0.009765625 0.009765625
2 0.80859375 0.453125 0.0078125 0.009765625
2 0.81640625 0.4501953125 0.0068359375 0.0087890625
2 0.8603515625 0.4482421875 0.005859375 0.0078125
2 0.8984375 0.447265625 0.005859375 0.0087890625
2 0.9306640625 0.4453125 0.0048828125 0.0068359375
2 0.923828125 0.443359375 0.00390625 0.005859375
2 0.8955078125 0.4423828125 0.00390625 0.0048828125
2 0.8681640625 0.44140625 0.00390625 0.0048828125
2 0.841796875 0.4404296875 0.00390625 0.0048828125
2 0.8173828125 0.4404296875 0.00390625 0.0048828125
2 0.8017578125 0.4404296875 0.0029296875 0.00390625
2 0.77734375 0.439453125 0.0029296875 0.00390625
0 0.015625 0.4736328125 0.025390625 0.044921875