2 0.90234375 0.5556640625 0.056640625 0.0615234375
2 0.5478515625 0.4931640625 0.0263671875 0.0302734375
2 0.3857421875 0.4755859375 0.017578125 0.0224609375
2 0.28515625 0.4658203125 0.0126953125 0.0166015625
2 0.279296875 0.4580078125 0.0087890625 0.0126953125
2 0.3154296875 0.451171875 0.0078125 0.0107421875
2 0.341796875 0.447265625 0.0068359375 0.0087890625
2 0.3623046875 0.4443359375 0.0048828125 0.0068359375
2 0.3779296875 0.4423828125 0.00390625 0.005859375
2 0.388671875 0.44140625 0.00390625 0.005859375
2 0.3974609375 0.439453125 0.0029296875 0.0048828125
2 0.404296875 0.4384765625 0.001953125 0.00390625
2 0.4111328125 0.4375 0.001953125 0.00390625
2 0.4228515625 0.4365234375 0.001953125 0.00390625
2 0.4443359375 0.435546875 0.0029296875 0.00390625
2 0.48046875 0.435546875 0.0029296875 0.00390625
2 0.5166015625 0.4345703125 0.001953125 0.00390625
2 0.5498046875 0.435546875 0.0029296875 0.00390625
2 0.5556640625 0.435546875 0.0029296875 0.00390625
2 0.55078125 0.435546875 0.0029296875 0.00390625
2 0.53515625 0.435546875 0.001953125 0.00390625
2 0.501953125 0.4384765625 0.0029296875 0.0048828125
2 0.47265625 0.439453125 0.00390625 0.005859375
2 0.4482421875 0.4404296875 0.0029296875 0.0048828125
2 0.4462890625 0.4423828125 0.00390625 0.0068359375
2 0.4541015625 0.443359375 0.0048828125 0.0068359375
2 0.4912109375 0.4443359375 0.005859375 0.0078125
2 0.552734375 0.4462890625 0.0068359375 0.0087890625
2 0.6259765625 0.4482421875 0.0078125 0.009765625
2 0.7236328125 0.4521484375 0.0107421875 0.013671875
2 0.8203125 0.4599609375 0.013671875 0.0166015625
2 0.9912109375 0.4775390625 0.017578125 0.025390625
1 0.2060546875 0.5224609375 0.0390625 0.04296875
1 0.07421875 0.48828125 0.0234375 0.0263671875
1 0.041015625 0.4736328125 0.0185546875 0.01953125
1 0.06640625 0.46484375 0.013671875 0.015625
1 0.1474609375 0.45703125 0.0107421875 0.01171875
1 0.2060546875 0.451171875 0.0087890625 0.009765625
1 0.25 0.447265625 0.0068359375 0.0078125
1 0.2802734375 0.4453125 0.005859375 0.0078125
1 0.3017578125 0.443359375 0.0048828125 0.0068359375
1 0.3212890625 0.44140625 0.00390625 0.005859375
1 0.3359375 0.4404296875 0.00390625 0.0048828125
1 0.3505859375 0.439453125 0.0029296875 0.0048828125
1 0.361328125 0.4375 0.0029296875 0.00390625
1 0.3701171875 0.4375 0.001953125 0.00390625
1 0.396484375 0.435546875 0.001953125 0.00390625
1 0.4296875 0.435546875 0.001953125 0.00390625
1 0.4736328125 0.4345703125 0.001953125 0.0029296875
1 0.51953125 0.43359375 0.001953125 0.0029296875
1 0.5654296875 0.4345703125 0.0029296875 0.00390625
1 0.58984375 0.4345703125 0.0029296875 0.0029296875
1 0.6044921875 0.4345703125 0.0029296875 0.00390625
1 0.615234375 0.435546875 0.0029296875 0.00390625
1 0.59375 0.4365234375 0.00390625 0.0048828125
1 0.56640625 0.4375 0.0029296875 0.0048828125
1 0.53515625 0.439453125 0.00390625 0.005859375
1 0.5244140625 0.44140625 0.00390625 0.0068359375
1 0.55859375 0.4423828125 0.0048828125 0.0068359375
1 0.630859375 0.4443359375 0.005859375 0.0087890625
1 0.7294921875 0.4453125 0.0078125 0.009765625
1 0.849609375 0.44921875 0.0107421875 0.0126953125
1 0.970703125 0.4560546875 0.013671875 0.015625