2 0.900390625 0.4287109375 0.013671875 0.015625
2 0.7744140625 0.4267578125 0.009765625 0.0126953125
2 0.6796875 0.4267578125 0.0078125 0.0107421875
2 0.6025390625 0.4267578125 0.0068359375 0.0087890625
2 0.57421875 0.4248046875 0.005859375 0.0078125
2 0.5712890625 0.4228515625 0.00390625 0.005859375
2 0.576171875 0.41796875 0.00390625 0.005859375
2 0.5791015625 0.4150390625 0.0029296875 0.00390625
2 0.5859375 0.4140625 0.0029296875 0.00390625
2 0.6015625 0.4130859375 0.001953125 0.00390625
2 0.630859375 0.4111328125 0.001953125 0.00390625
2 0.6630859375 0.4111328125 0.0029296875 0.00390625
2 0.6923828125 0.4091796875 0.001953125 0.0029296875
2 0.69921875 0.41015625 0.001953125 0.00390625
2 0.6865234375 0.41015625 0.001953125 0.00390625
2 0.642578125 0.4140625 0.0029296875 0.00390625
2 0.62890625 0.416015625 0.00390625 0.005859375
2 0.6396484375 0.416015625 0.00390625 0.005859375
2 0.673828125 0.416015625 0.00390625 0.005859375
2 0.724609375 0.4150390625 0.0048828125 0.005859375
2 0.78125 0.4140625 0.005859375 0.0078125
2 0.8515625 0.4140625 0.0068359375 0.0087890625
2 0.91015625 0.4150390625 0.0078125 0.009765625
2 0.9873046875 0.416015625 0.0107421875 0.01171875
1 0.7529296875 0.5048828125 0.0419921875 0.0458984375
1 0.814453125 0.4560546875 0.0224609375 0.025390625
1 0.74609375 0.439453125 0.013671875 0.017578125
1 0.6748046875 0.43359375 0.009765625 0.0126953125
1 0.5654296875 0.4326171875 0.0078125 0.0107421875
1 0.5048828125 0.431640625 0.0068359375 0.0087890625
1 0.4794921875 0.4306640625 0.005859375 0.0078125
1 0.486328125 0.4267578125 0.0048828125 0.0068359375
1 0.4970703125 0.4248046875 0.00390625 0.005859375
1 0.5078125 0.4228515625 0.00390625 0.005859375
1 0.515625 0.4208984375 0.0029296875 0.0048828125
1 0.521484375 0.419921875 0.0029296875 0.00390625
1 0.5263671875 0.4189453125 0.0029296875 0.00390625
1 0.53125 0.41796875 0.001953125 0.00390625
1 0.53515625 0.4169921875 0.001953125 0.0029296875
1 0.5390625 0.416015625 0.001953125 0.0029296875
1 0.54296875 0.416015625 0.001953125 0.0029296875
1 0.560546875 0.4140625 0.001953125 0.0029296875
1 0.623046875 0.412109375 0.001953125 0.0029296875
1 0.7060546875 0.408203125 0.001953125 0.0029296875
1 0.728515625 0.408203125 0.001953125 0.0029296875
1 0.7431640625 0.4072265625 0.001953125 0.0029296875
1 0.75390625 0.408203125 0.001953125 0.0029296875
1 0.7373046875 0.4091796875 0.001953125 0.00390625
1 0.7158203125 0.41015625 0.001953125 0.00390625
1 0.693359375 0.412109375 0.001953125 0.00390625
1 0.6865234375 0.4130859375 0.0029296875 0.0048828125
1 0.6904296875 0.4140625 0.0029296875 0.00390625
1 0.7216796875 0.4130859375 0.0029296875 0.0048828125
1 0.8564453125 0.41015625 0.005859375 0.0068359375
1 0.9404296875 0.4091796875 0.005859375 0.0078125