1 0.2880859375 0.515625 0.03125 0.037109375
1 0.3720703125 0.482421875 0.017578125 0.021484375
1 0.4091796875 0.46875 0.01171875 0.0146484375
1 0.42578125 0.4609375 0.0087890625 0.01171875
1 0.4384765625 0.4560546875 0.0078125 0.009765625
1 0.4462890625 0.453125 0.005859375 0.0078125
1 0.453125 0.451171875 0.0048828125 0.0068359375
1 0.4580078125 0.44921875 0.00390625 0.005859375
1 0.4609375 0.4482421875 0.0029296875 0.0048828125
1 0.4658203125 0.447265625 0.0029296875 0.00390625
1 0.4677734375 0.4462890625 0.0029296875 0.00390625
1 0.47265625 0.4443359375 0.0029296875 0.0029296875
1 0.4765625 0.4423828125 0.001953125 0.00390625
1 0.4912109375 0.443359375 0.001953125 0.00390625
1 0.5146484375 0.4423828125 0.001953125 0.0029296875
1 0.5419921875 0.4423828125 0.001953125 0.0029296875
1 0.5654296875 0.4423828125 0.001953125 0.0029296875
1 0.6171875 0.443359375 0.001953125 0.0029296875
1 0.640625 0.443359375 0.001953125 0.0029296875
1 0.658203125 0.443359375 0.001953125 0.0029296875
1 0.6689453125 0.4443359375 0.001953125 0.0029296875
1 0.6806640625 0.4453125 0.001953125 0.00390625
1 0.693359375 0.4462890625 0.001953125 0.00390625
1 0.708984375 0.4462890625 0.0029296875 0.00390625
1 0.7275390625 0.447265625 0.0029296875 0.00390625
1 0.7490234375 0.4482421875 0.00390625 0.0048828125
1 0.7744140625 0.4501953125 0.00390625 0.0048828125
1 0.8056640625 0.451171875 0.00390625 0.005859375
1 0.8466796875 0.453125 0.0048828125 0.005859375
1 0.900390625 0.4560546875 0.005859375 0.0068359375
1 0.97265625 0.4599609375 0.0078125 0.0087890625
2 0.7548828125 0.5146484375 0.03125 0.037109375
2 0.654296875 0.4833984375 0.0166015625 0.021484375
2 0.6103515625 0.4697265625 0.0126953125 0.0166015625
2 0.5849609375 0.4619140625 0.0087890625 0.01171875
2 0.5703125 0.45703125 0.0068359375 0.009765625
2 0.5595703125 0.4541015625 0.005859375 0.0078125
2 0.5517578125 0.451171875 0.0048828125 0.0078125
2 0.544921875 0.4501953125 0.00390625 0.005859375
2 0.541015625 0.4482421875 0.00390625 0.0048828125
2 0.5361328125 0.447265625 0.00390625 0.0048828125
2 0.53515625 0.4443359375 0.0029296875 0.00390625
2 0.53125 0.4453125 0.00390625 0.00390625
2 0.52734375 0.4443359375 0.0029296875 0.00390625
2 0.5224609375 0.443359375 0.001953125 0.0029296875
2 0.5615234375 0.443359375 0.001953125 0.0029296875
2 0.5927734375 0.443359375 0.001953125 0.00390625
2 0.6123046875 0.443359375 0.001953125 0.0029296875
2 0.619140625 0.4443359375 0.001953125 0.0029296875
2 0.62890625 0.4453125 0.001953125 0.00390625
2 0.6376953125 0.4453125 0.0029296875 0.00390625
2 0.6494140625 0.4462890625 0.0029296875 0.0048828125
2 0.6630859375 0.447265625 0.00390625 0.0048828125
2 0.677734375 0.4482421875 0.00390625 0.0048828125
2 0.697265625 0.44921875 0.00390625 0.005859375
2 0.720703125 0.451171875 0.0048828125 0.0068359375
2 0.75 0.453125 0.005859375 0.0078125
2 0.7890625 0.455078125 0.005859375 0.0078125
2 0.841796875 0.458984375 0.0078125 0.009765625
2 0.919921875 0.46484375 0.0107421875 0.0126953125