2 0.3017578125 0.53515625 0.0537109375 0.0576171875
2 0.552734375 0.4697265625 0.01953125 0.0244140625
2 0.923828125 0.5 0.0302734375 0.033203125
2 0.337890625 0.4521484375 0.0146484375 0.0205078125
1 0.927734375 0.4765625 0.0166015625 0.0205078125
2 0.2060546875 0.44140625 0.015625 0.0166015625
2 0.009765625 0.4248046875 0.01171875 0.0126953125
1 0.240234375 0.4306640625 0.0107421875 0.01171875
2 0.0908203125 0.431640625 0.0126953125 0.0146484375
1 0.158203125 0.42578125 0.0087890625 0.0107421875
1 0.345703125 0.4375 0.0087890625 0.0126953125
1 0.083984375 0.4208984375 0.0078125 0.0087890625
1 0.021484375 0.4169921875 0.0078125 0.0087890625
1 0.6640625 0.462890625 0.013671875 0.013671875
0 0.3212890625 0.4443359375 0.01953125 0.0341796875
0 0.3525390625 0.447265625 0.0234375 0.03515625