1 0.021484375 0.419921875 0.0107421875 0.01171875
1 0.1142578125 0.421875 0.009765625 0.0107421875
1 0.1884765625 0.4228515625 0.009765625 0.0107421875
1 0.2578125 0.423828125 0.005859375 0.0087890625
1 0.34375 0.4267578125 0.005859375 0.0087890625
1 0.4228515625 0.4287109375 0.0068359375 0.0078125
1 0.5302734375 0.4326171875 0.0068359375 0.0078125
1 0.619140625 0.4365234375 0.005859375 0.0078125
1 0.7236328125 0.4423828125 0.0048828125 0.0068359375
1 0.8359375 0.451171875 0.0087890625 0.009765625
1 0.9677734375 0.4609375 0.0107421875 0.0126953125
2 0.4404296875 0.5703125 0.0615234375 0.0712890625
2 0.0107421875 0.4482421875 0.0205078125 0.0244140625
2 0.046875 0.431640625 0.0146484375 0.0166015625
2 0.1416015625 0.427734375 0.0107421875 0.0126953125
2 0.2548828125 0.4287109375 0.0078125 0.0107421875
2 0.3466796875 0.4296875 0.0078125 0.0107421875
2 0.4453125 0.4326171875 0.0078125 0.009765625
2 0.548828125 0.4375 0.0078125 0.0087890625
2 0.7470703125 0.4501953125 0.0087890625 0.01171875
2 0.63671875 0.4423828125 0.0078125 0.0107421875
2 0.8740234375 0.4609375 0.0126953125 0.013671875