2 0.6318359375 0.439453125 0.009765625 0.0126953125
2 0.73046875 0.4443359375 0.0107421875 0.013671875
2 0.875 0.4580078125 0.013671875 0.0166015625
2 0.3056640625 0.4912109375 0.0361328125 0.04296875
2 0.2158203125 0.4501953125 0.0205078125 0.0234375
2 0.2626953125 0.4345703125 0.0146484375 0.0166015625
2 0.376953125 0.431640625 0.0107421875 0.0126953125
2 0.501953125 0.43359375 0.009765625 0.0126953125
1 0.4677734375 0.427734375 0.0078125 0.009765625
1 0.576171875 0.431640625 0.0078125 0.009765625
1 0.701171875 0.4384765625 0.0087890625 0.0107421875
1 0.8447265625 0.4462890625 0.0107421875 0.01171875
1 0.9931640625 0.4580078125 0.0126953125 0.0146484375
1 0.0908203125 0.42578125 0.013671875 0.015625
1 0.23828125 0.4248046875 0.0107421875 0.0126953125
1 0.3427734375 0.4248046875 0.0087890625 0.0107421875