2 0.4091796875 0.5009765625 0.033203125 0.0380859375
2 0.3876953125 0.4677734375 0.0205078125 0.0244140625
2 0.421875 0.4521484375 0.013671875 0.0166015625
2 0.4052734375 0.4443359375 0.0107421875 0.013671875
2 0.36328125 0.4375 0.0087890625 0.01171875
2 0.2998046875 0.431640625 0.0078125 0.0107421875
2 0.2275390625 0.42578125 0.0078125 0.0087890625
2 0.1669921875 0.4228515625 0.0078125 0.0087890625
2 0.0986328125 0.41796875 0.0068359375 0.0087890625
2 0.056640625 0.416015625 0.0048828125 0.0078125
2 0.0341796875 0.4130859375 0.005859375 0.0078125
2 0.06640625 0.412109375 0.00390625 0.005859375
2 0.1083984375 0.4130859375 0.0029296875 0.0048828125
2 0.11328125 0.412109375 0.0029296875 0.0048828125
2 0.0810546875 0.41015625 0.0029296875 0.0048828125
2 0.0576171875 0.408203125 0.0029296875 0.0048828125
2 0.0625 0.408203125 0.0029296875 0.00390625
2 0.0849609375 0.408203125 0.001953125 0.00390625
2 0.123046875 0.41015625 0.0029296875 0.00390625
2 0.1552734375 0.4111328125 0.0029296875 0.00390625
2 0.1875 0.4130859375 0.0029296875 0.00390625
2 0.2294921875 0.4150390625 0.0029296875 0.00390625
2 0.28515625 0.41796875 0.0029296875 0.0048828125
2 0.3173828125 0.419921875 0.0029296875 0.00390625
2 0.3369140625 0.421875 0.00390625 0.0048828125
2 0.359375 0.4248046875 0.00390625 0.005859375
2 0.3798828125 0.4267578125 0.00390625 0.005859375
2 0.41015625 0.4287109375 0.00390625 0.005859375
2 0.4658203125 0.4326171875 0.005859375 0.0068359375
2 0.533203125 0.4375 0.005859375 0.0078125
2 0.607421875 0.443359375 0.0068359375 0.0087890625
2 0.650390625 0.44921875 0.0078125 0.0107421875
2 0.78515625 0.4638671875 0.0107421875 0.013671875
1 0.8486328125 0.4619140625 0.0107421875 0.0126953125
1 0.771484375 0.453125 0.0078125 0.0107421875
1 0.72265625 0.447265625 0.005859375 0.0087890625
1 0.6435546875 0.44140625 0.0048828125 0.0068359375
1 0.5576171875 0.435546875 0.00390625 0.005859375
1 0.4814453125 0.4306640625 0.00390625 0.0048828125
1 0.4375 0.427734375 0.0029296875 0.00390625
1 0.4169921875 0.42578125 0.00390625 0.0048828125
1 0.388671875 0.4228515625 0.0029296875 0.00390625
1 0.3203125 0.4189453125 0.001953125 0.00390625
1 0.2763671875 0.4169921875 0.0029296875 0.0029296875
1 0.2353515625 0.4150390625 0.0029296875 0.00390625
1 0.2080078125 0.4130859375 0.0029296875 0.0029296875
1 0.162109375 0.4111328125 0.001953125 0.0029296875
1 0.10546875 0.4091796875 0.0029296875 0.00390625
1 0.0419921875 0.40625 0.0029296875 0.00390625
1 0.00390625 0.4052734375 0.0029296875 0.00390625
1 0.0234375 0.408203125 0.00390625 0.005859375
1 0.017578125 0.4091796875 0.00390625 0.005859375
1 0.083984375 0.421875 0.0087890625 0.0107421875
1 0.14453125 0.4267578125 0.009765625 0.01171875
1 0.1982421875 0.4345703125 0.0107421875 0.013671875
1 0.169921875 0.44140625 0.0146484375 0.017578125
1 0.0361328125 0.4541015625 0.025390625 0.025390625