2 0.3837890625 0.5048828125 0.0390625 0.046875
2 0.376953125 0.453125 0.0185546875 0.0244140625
2 0.388671875 0.4375 0.01171875 0.015625
2 0.390625 0.427734375 0.0087890625 0.01171875
2 0.39453125 0.421875 0.0068359375 0.009765625
2 0.3974609375 0.412109375 0.00390625 0.005859375
2 0.408203125 0.4111328125 0.00390625 0.0048828125
2 0.4306640625 0.4111328125 0.0029296875 0.0048828125
2 0.4736328125 0.412109375 0.0029296875 0.00390625
2 0.51953125 0.4140625 0.0029296875 0.00390625
2 0.564453125 0.416015625 0.0029296875 0.0048828125
2 0.5791015625 0.4169921875 0.00390625 0.0048828125
2 0.58203125 0.41796875 0.00390625 0.005859375
2 0.5712890625 0.4189453125 0.00390625 0.005859375
2 0.5400390625 0.419921875 0.0048828125 0.0068359375
2 0.513671875 0.4208984375 0.0048828125 0.0078125
2 0.4931640625 0.4228515625 0.0068359375 0.0087890625
2 0.5029296875 0.42578125 0.0078125 0.0107421875
2 0.533203125 0.4306640625 0.0087890625 0.01171875
2 0.6279296875 0.4384765625 0.0107421875 0.0146484375
2 0.79296875 0.4521484375 0.0166015625 0.017578125
1 0.1162109375 0.4404296875 0.0205078125 0.0224609375
1 0.203125 0.4287109375 0.0146484375 0.015625
1 0.2470703125 0.421875 0.0107421875 0.0126953125
1 0.2744140625 0.41796875 0.0078125 0.009765625
1 0.294921875 0.4150390625 0.0068359375 0.0087890625
1 0.3095703125 0.4130859375 0.005859375 0.0078125
1 0.322265625 0.4111328125 0.0048828125 0.005859375
1 0.33203125 0.41015625 0.00390625 0.005859375
1 0.3388671875 0.408203125 0.00390625 0.0048828125
1 0.3671875 0.408203125 0.00390625 0.0048828125
1 0.4599609375 0.41015625 0.001953125 0.00390625
1 0.5166015625 0.4130859375 0.001953125 0.00390625
1 0.5751953125 0.4150390625 0.001953125 0.00390625
1 0.611328125 0.4169921875 0.0029296875 0.0048828125
1 0.6396484375 0.4189453125 0.0029296875 0.0048828125
1 0.6640625 0.4208984375 0.00390625 0.00390625
1 0.6484375 0.421875 0.0048828125 0.005859375
1 0.625 0.4228515625 0.0048828125 0.0068359375
1 0.6025390625 0.4267578125 0.0068359375 0.009765625
1 0.626953125 0.4306640625 0.005859375 0.009765625
1 0.7138671875 0.4375 0.0107421875 0.0126953125
1 0.8818359375 0.44921875 0.013671875 0.0146484375