1 0.052734375 0.4091796875 0.0048828125 0.005859375
1 0.111328125 0.4111328125 0.00390625 0.0048828125
1 0.16015625 0.4130859375 0.00390625 0.00390625
1 0.2099609375 0.4150390625 0.00390625 0.0048828125
1 0.255859375 0.4169921875 0.0029296875 0.00390625
1 0.298828125 0.419921875 0.0029296875 0.00390625
1 0.3349609375 0.421875 0.00390625 0.005859375
1 0.36328125 0.423828125 0.00390625 0.0048828125
1 0.3955078125 0.4267578125 0.0048828125 0.0068359375
1 0.4345703125 0.4296875 0.0048828125 0.0068359375
1 0.482421875 0.43359375 0.005859375 0.0068359375
1 0.54296875 0.439453125 0.0068359375 0.0087890625
1 0.6220703125 0.4462890625 0.005859375 0.0087890625
1 0.7275390625 0.455078125 0.0087890625 0.0107421875
1 0.8798828125 0.4677734375 0.01171875 0.013671875
2 0.5341796875 0.544921875 0.0498046875 0.0595703125
2 0.296875 0.4755859375 0.0263671875 0.03125
2 0.2109375 0.4501953125 0.017578125 0.0205078125
2 0.1640625 0.4375 0.0126953125 0.015625
2 0.1357421875 0.4296875 0.0107421875 0.0126953125
2 0.1162109375 0.423828125 0.0087890625 0.0107421875
2 0.1015625 0.419921875 0.0068359375 0.0087890625
2 0.0908203125 0.4169921875 0.005859375 0.0078125
2 0.0810546875 0.4150390625 0.0048828125 0.0078125
2 0.07421875 0.412109375 0.0048828125 0.005859375
2 0.099609375 0.4130859375 0.00390625 0.005859375
2 0.15625 0.4140625 0.00390625 0.005859375
2 0.2177734375 0.4169921875 0.00390625 0.0048828125
2 0.2587890625 0.4189453125 0.00390625 0.005859375
2 0.2802734375 0.4208984375 0.00390625 0.005859375
2 0.3095703125 0.423828125 0.0048828125 0.0068359375
2 0.3427734375 0.427734375 0.005859375 0.0078125
2 0.384765625 0.431640625 0.005859375 0.0087890625
2 0.439453125 0.4365234375 0.0078125 0.009765625
2 0.5107421875 0.4443359375 0.0087890625 0.0107421875
2 0.6123046875 0.4541015625 0.0107421875 0.013671875
2 0.7666015625 0.46875 0.0146484375 0.017578125