2 0.3544921875 0.5302734375 0.05078125 0.056640625
2 0.2734375 0.4697265625 0.025390625 0.029296875
2 0.2041015625 0.447265625 0.017578125 0.0205078125
2 0.1181640625 0.435546875 0.0146484375 0.0166015625
1 0.0234375 0.41015625 0.0068359375 0.0078125
1 0.0849609375 0.4140625 0.0078125 0.0078125
1 0.1591796875 0.4189453125 0.0068359375 0.0087890625
1 0.2392578125 0.423828125 0.0078125 0.0087890625
1 0.34375 0.4296875 0.0087890625 0.0107421875
1 0.4697265625 0.4375 0.009765625 0.01171875
1 0.6484375 0.447265625 0.0107421875 0.013671875
1 0.8173828125 0.4580078125 0.0126953125 0.015625
2 0.0634765625 0.4189453125 0.0087890625 0.0107421875
2 0.1513671875 0.4248046875 0.009765625 0.01171875
2 0.251953125 0.431640625 0.01171875 0.013671875
2 0.3857421875 0.4404296875 0.01171875 0.0146484375
2 0.5517578125 0.451171875 0.0146484375 0.017578125
2 0.78515625 0.466796875 0.017578125 0.0205078125