1 0.263671875 0.5478515625 0.0498046875 0.0546875
1 0.5205078125 0.4921875 0.0224609375 0.0283203125
1 0.6025390625 0.4755859375 0.0166015625 0.021484375
1 0.5791015625 0.4697265625 0.0146484375 0.0185546875
1 0.5 0.46484375 0.0126953125 0.015625
1 0.419921875 0.4609375 0.009765625 0.0126953125
1 0.3955078125 0.4580078125 0.0087890625 0.0107421875
1 0.404296875 0.453125 0.005859375 0.0087890625
1 0.4111328125 0.4501953125 0.005859375 0.0078125
1 0.41796875 0.4482421875 0.005859375 0.0078125
1 0.4375 0.447265625 0.0048828125 0.0068359375
1 0.4765625 0.4453125 0.0048828125 0.005859375
1 0.5166015625 0.4453125 0.0048828125 0.005859375
1 0.5517578125 0.443359375 0.0048828125 0.005859375
1 0.69921875 0.44140625 0.00390625 0.005859375
2 0.92578125 0.541015625 0.0537109375 0.0576171875
2 0.892578125 0.4833984375 0.0244140625 0.025390625
2 0.7939453125 0.4658203125 0.0166015625 0.017578125
2 0.6572265625 0.458984375 0.0107421875 0.013671875
2 0.5380859375 0.4560546875 0.0087890625 0.01171875
2 0.515625 0.451171875 0.0068359375 0.009765625
2 0.5048828125 0.447265625 0.005859375 0.0078125
2 0.537109375 0.4462890625 0.005859375 0.0078125
2 0.5908203125 0.4443359375 0.0048828125 0.0068359375
2 0.64453125 0.443359375 0.0048828125 0.0068359375
2 0.7099609375 0.4423828125 0.0048828125 0.0068359375
2 0.994140625 0.4462890625 0.0087890625 0.009765625
1 0.7802734375 0.4404296875 0.0048828125 0.005859375
1 0.8505859375 0.4404296875 0.005859375 0.005859375
1 0.9326171875 0.44140625 0.0068359375 0.0078125
2 0.9208984375 0.4443359375 0.005859375 0.0087890625