1 0.873046875 0.4423828125 0.00390625 0.005859375
1 0.921875 0.443359375 0.0048828125 0.005859375
1 0.9892578125 0.4443359375 0.0048828125 0.0068359375
1 0.2314453125 0.5625 0.052734375 0.0634765625
1 0.359375 0.49609375 0.0244140625 0.029296875
1 0.4091796875 0.4716796875 0.0126953125 0.0166015625
1 0.4541015625 0.4619140625 0.009765625 0.0126953125
1 0.5048828125 0.4580078125 0.0087890625 0.0107421875
1 0.5693359375 0.455078125 0.0078125 0.009765625
1 0.63671875 0.451171875 0.005859375 0.0087890625
1 0.6845703125 0.44921875 0.0048828125 0.0078125
1 0.67578125 0.447265625 0.0048828125 0.005859375
1 0.6455078125 0.4462890625 0.0048828125 0.005859375
1 0.6064453125 0.4453125 0.00390625 0.005859375
1 0.8388671875 0.44140625 0.00390625 0.0048828125
1 0.80859375 0.44140625 0.0029296875 0.00390625
1 0.78125 0.44140625 0.0029296875 0.0048828125
1 0.736328125 0.4404296875 0.001953125 0.00390625
1 0.61328125 0.4404296875 0.0029296875 0.00390625
1 0.5830078125 0.4404296875 0.0029296875 0.00390625
1 0.5498046875 0.44140625 0.001953125 0.0029296875
1 0.513671875 0.44140625 0.001953125 0.00390625
1 0.4833984375 0.4423828125 0.0029296875 0.00390625
1 0.462890625 0.4443359375 0.00390625 0.0048828125
1 0.4580078125 0.4443359375 0.0029296875 0.00390625
1 0.4853515625 0.4443359375 0.0029296875 0.0048828125
1 0.5224609375 0.4453125 0.0029296875 0.0048828125
1 0.56640625 0.4443359375 0.00390625 0.0048828125
2 0.7109375 0.4404296875 0.0029296875 0.00390625
2 0.7294921875 0.44140625 0.0029296875 0.00390625
2 0.7509765625 0.44140625 0.00390625 0.0048828125
2 0.779296875 0.4423828125 0.00390625 0.0048828125
2 0.806640625 0.443359375 0.00390625 0.005859375
2 0.8466796875 0.4443359375 0.0048828125 0.005859375
2 0.900390625 0.4462890625 0.0048828125 0.0078125
2 0.9833984375 0.447265625 0.0068359375 0.0087890625
2 0.6826171875 0.4404296875 0.001953125 0.00390625
2 0.6416015625 0.4404296875 0.001953125 0.00390625
2 0.6025390625 0.44140625 0.0029296875 0.00390625
2 0.560546875 0.44140625 0.0029296875 0.00390625
2 0.5244140625 0.4423828125 0.0029296875 0.00390625
2 0.505859375 0.4423828125 0.0029296875 0.00390625
2 0.509765625 0.443359375 0.0029296875 0.0048828125
2 0.5380859375 0.443359375 0.0029296875 0.00390625
2 0.580078125 0.443359375 0.00390625 0.0048828125
2 0.6279296875 0.4443359375 0.00390625 0.0048828125
2 0.6787109375 0.4443359375 0.00390625 0.0048828125
2 0.7197265625 0.4453125 0.00390625 0.005859375
2 0.751953125 0.4462890625 0.0048828125 0.005859375
2 0.78125 0.4482421875 0.0048828125 0.0068359375
2 0.78515625 0.4501953125 0.005859375 0.0078125
2 0.7451171875 0.4521484375 0.0078125 0.009765625
2 0.697265625 0.455078125 0.0078125 0.0107421875
2 0.6328125 0.4599609375 0.0087890625 0.01171875
2 0.603515625 0.4658203125 0.01171875 0.015625
2 0.6357421875 0.4765625 0.0166015625 0.0205078125
2 0.7216796875 0.498046875 0.0263671875 0.0302734375