1 0.0888671875 0.470703125 0.0322265625 0.033203125
1 0.296875 0.4521484375 0.017578125 0.0205078125
1 0.443359375 0.4462890625 0.0126953125 0.015625
1 0.5458984375 0.4443359375 0.0107421875 0.0126953125
1 0.654296875 0.443359375 0.0078125 0.009765625
1 0.7060546875 0.4423828125 0.0068359375 0.0087890625
1 0.7578125 0.44140625 0.005859375 0.0078125
1 0.806640625 0.44140625 0.005859375 0.0068359375
1 0.8544921875 0.443359375 0.0048828125 0.0068359375
1 0.9169921875 0.4453125 0.005859375 0.0068359375
1 0.99609375 0.4482421875 0.005859375 0.0078125
1 0.9873046875 0.4404296875 0.00390625 0.00390625
1 0.9482421875 0.439453125 0.0029296875 0.00390625
1 0.919921875 0.4375 0.001953125 0.0029296875
1 0.9111328125 0.4384765625 0.0029296875 0.0048828125
1 0.9287109375 0.439453125 0.0029296875 0.00390625
1 0.9619140625 0.44140625 0.00390625 0.0048828125
2 0.9921875 0.44140625 0.00390625 0.00390625
2 0.9638671875 0.44140625 0.0029296875 0.0048828125
2 0.9892578125 0.4423828125 0.00390625 0.0048828125
2 0.927734375 0.4482421875 0.005859375 0.0078125
2 0.869140625 0.447265625 0.005859375 0.0087890625
2 0.8447265625 0.4482421875 0.0078125 0.0087890625
2 0.8154296875 0.44921875 0.0078125 0.0107421875
2 0.7734375 0.4521484375 0.0087890625 0.0126953125
2 0.69921875 0.4560546875 0.01171875 0.015625
2 0.5234375 0.4755859375 0.0234375 0.02734375
2 0.46484375 0.51171875 0.037109375 0.0458984375
2 0.6181640625 0.4609375 0.0146484375 0.0185546875