2 0.474609375 0.427734375 0.0078125 0.009765625
2 0.5390625 0.4306640625 0.0068359375 0.009765625
2 0.6083984375 0.4375 0.0087890625 0.01171875
2 0.671875 0.4462890625 0.01171875 0.0146484375
2 0.7421875 0.4599609375 0.0166015625 0.0185546875
2 0.8671875 0.4853515625 0.0263671875 0.02734375
2 0.3369140625 0.5146484375 0.0439453125 0.0517578125
2 0.1953125 0.4599609375 0.0244140625 0.029296875
2 0.142578125 0.4384765625 0.0166015625 0.01953125
2 0.12890625 0.4267578125 0.0126953125 0.0146484375
2 0.1806640625 0.421875 0.009765625 0.01171875
2 0.27734375 0.4208984375 0.0078125 0.009765625
2 0.37890625 0.423828125 0.0068359375 0.0087890625
1 0.3681640625 0.4208984375 0.005859375 0.0068359375
1 0.453125 0.423828125 0.005859375 0.0078125
1 0.5458984375 0.427734375 0.005859375 0.0078125
1 0.640625 0.4326171875 0.0078125 0.0087890625
1 0.7158203125 0.439453125 0.0087890625 0.0107421875
1 0.78515625 0.447265625 0.0107421875 0.0126953125
1 0.888671875 0.4609375 0.0146484375 0.0166015625
1 0.0625 0.416015625 0.0107421875 0.0107421875
1 0.177734375 0.416015625 0.005859375 0.0078125
1 0.265625 0.41796875 0.005859375 0.0078125