1 0.025390625 0.423828125 0.0126953125 0.013671875
1 0.0908203125 0.421875 0.0087890625 0.01171875
1 0.083984375 0.419921875 0.0087890625 0.0107421875
1 0.0302734375 0.4169921875 0.0078125 0.009765625
1 0.025390625 0.4072265625 0.0048828125 0.005859375
1 0.0693359375 0.408203125 0.00390625 0.005859375
1 0.107421875 0.4091796875 0.0048828125 0.005859375
1 0.1474609375 0.41015625 0.0029296875 0.0048828125
1 0.1982421875 0.4111328125 0.00390625 0.0048828125
1 0.2451171875 0.4130859375 0.00390625 0.00390625
1 0.30859375 0.4140625 0.0029296875 0.0048828125
1 0.3544921875 0.416015625 0.0029296875 0.00390625
1 0.3994140625 0.41796875 0.0029296875 0.00390625
1 0.435546875 0.4208984375 0.001953125 0.00390625
1 0.466796875 0.421875 0.0029296875 0.0048828125
1 0.5234375 0.42578125 0.00390625 0.005859375
1 0.5732421875 0.4296875 0.00390625 0.005859375
1 0.7373046875 0.4404296875 0.005859375 0.0078125
1 0.7841796875 0.4462890625 0.0078125 0.009765625
1 0.81640625 0.451171875 0.009765625 0.01171875
1 0.8662109375 0.4609375 0.013671875 0.015625
1 0.9638671875 0.478515625 0.01953125 0.0205078125
2 0.3857421875 0.5419921875 0.052734375 0.0615234375
2 0.19921875 0.46484375 0.0244140625 0.029296875
2 0.142578125 0.44140625 0.0166015625 0.0205078125
2 0.1533203125 0.4326171875 0.01171875 0.0146484375
2 0.2294921875 0.427734375 0.0087890625 0.0107421875
2 0.2236328125 0.421875 0.0078125 0.009765625
2 0.1572265625 0.41796875 0.0068359375 0.0087890625
2 0.072265625 0.4150390625 0.0068359375 0.0087890625
2 0.05859375 0.412109375 0.005859375 0.0078125
2 0.0537109375 0.41015625 0.0048828125 0.005859375
2 0.087890625 0.4091796875 0.0048828125 0.005859375
2 0.14453125 0.41015625 0.00390625 0.005859375
2 0.1943359375 0.412109375 0.00390625 0.005859375
2 0.25 0.4130859375 0.00390625 0.005859375
2 0.3046875 0.416015625 0.00390625 0.0048828125
2 0.8359375 0.494140625 0.029296875 0.03125
2 0.6796875 0.4658203125 0.0166015625 0.0205078125
2 0.6748046875 0.455078125 0.01171875 0.015625
2 0.66796875 0.447265625 0.0087890625 0.0126953125
2 0.6533203125 0.44140625 0.0078125 0.0107421875
2 0.6044921875 0.435546875 0.0068359375 0.0087890625
2 0.5498046875 0.4306640625 0.005859375 0.0078125
2 0.4970703125 0.427734375 0.0048828125 0.0068359375
2 0.44921875 0.423828125 0.00390625 0.005859375
2 0.4072265625 0.4208984375 0.00390625 0.005859375
2 0.37890625 0.4189453125 0.00390625 0.0048828125
2 0.3427734375 0.4169921875 0.00390625 0.0048828125