1 0.0283203125 0.412109375 0.0068359375 0.0078125
1 0.103515625 0.4140625 0.005859375 0.0068359375
1 0.2275390625 0.4189453125 0.00390625 0.005859375
1 0.28515625 0.4208984375 0.005859375 0.005859375
1 0.3408203125 0.423828125 0.00390625 0.005859375
1 0.3916015625 0.427734375 0.0048828125 0.0068359375
1 0.4365234375 0.431640625 0.005859375 0.0068359375
1 0.4912109375 0.435546875 0.0068359375 0.0078125
1 0.560546875 0.4423828125 0.005859375 0.0078125
1 0.6513671875 0.44921875 0.0078125 0.0107421875
1 0.7744140625 0.4599609375 0.009765625 0.01171875
1 0.958984375 0.4755859375 0.013671875 0.015625
2 0.3603515625 0.5029296875 0.03515625 0.041015625
2 0.220703125 0.4619140625 0.0224609375 0.025390625
2 0.154296875 0.443359375 0.015625 0.0185546875
2 0.1162109375 0.4326171875 0.01171875 0.0146484375
2 0.091796875 0.42578125 0.009765625 0.0126953125
2 0.07421875 0.4208984375 0.0078125 0.0107421875
2 0.060546875 0.4169921875 0.0078125 0.009765625
2 0.09375 0.416015625 0.005859375 0.0078125
2 0.1650390625 0.41796875 0.005859375 0.0078125
2 0.244140625 0.421875 0.005859375 0.0068359375
2 0.30078125 0.4248046875 0.005859375 0.0078125
2 0.3359375 0.4287109375 0.005859375 0.0078125
2 0.38671875 0.43359375 0.0068359375 0.0087890625
2 0.4501953125 0.439453125 0.0087890625 0.0107421875
2 0.537109375 0.4482421875 0.009765625 0.0126953125
2 0.662109375 0.4609375 0.0126953125 0.0146484375
2 0.8544921875 0.4794921875 0.0166015625 0.01953125