2 0.8447265625 0.435546875 0.0029296875 0.00390625
2 0.869140625 0.4365234375 0.00390625 0.0048828125
2 0.8466796875 0.4384765625 0.00390625 0.0048828125
2 0.8173828125 0.439453125 0.00390625 0.005859375
2 0.77734375 0.4404296875 0.0048828125 0.005859375
2 0.7412109375 0.4423828125 0.0048828125 0.0068359375
2 0.72265625 0.4443359375 0.005859375 0.0078125
2 0.732421875 0.447265625 0.005859375 0.0087890625
2 0.7861328125 0.4501953125 0.0078125 0.0107421875
2 0.8828125 0.4541015625 0.009765625 0.0126953125
2 0.6630859375 0.5078125 0.029296875 0.0380859375
2 0.546875 0.4794921875 0.0185546875 0.0234375
2 0.5224609375 0.46484375 0.0126953125 0.0166015625
2 0.548828125 0.45703125 0.009765625 0.0126953125
2 0.5859375 0.451171875 0.0078125 0.0107421875
2 0.611328125 0.447265625 0.005859375 0.0078125
2 0.630859375 0.4443359375 0.005859375 0.0078125
2 0.64453125 0.4423828125 0.0048828125 0.0068359375
2 0.65625 0.4404296875 0.00390625 0.005859375
2 0.6640625 0.439453125 0.00390625 0.0048828125
2 0.671875 0.4384765625 0.0029296875 0.0048828125
2 0.68359375 0.4375 0.0029296875 0.00390625
2 0.7109375 0.4365234375 0.0029296875 0.0048828125
2 0.755859375 0.435546875 0.0029296875 0.00390625
2 0.802734375 0.435546875 0.0029296875 0.00390625
1 0.8193359375 0.4345703125 0.00390625 0.00390625
1 0.861328125 0.4345703125 0.0029296875 0.00390625
1 0.90625 0.435546875 0.0029296875 0.0029296875
1 0.9462890625 0.4365234375 0.00390625 0.0048828125
1 0.921875 0.4375 0.0048828125 0.005859375
1 0.8916015625 0.439453125 0.0048828125 0.005859375
1 0.85546875 0.4404296875 0.0048828125 0.005859375
1 0.826171875 0.4423828125 0.0048828125 0.0068359375
1 0.8349609375 0.4453125 0.005859375 0.0087890625
1 0.2470703125 0.51953125 0.0361328125 0.0400390625
1 0.2783203125 0.4814453125 0.01953125 0.0224609375
1 0.34765625 0.46484375 0.0126953125 0.0146484375
1 0.42578125 0.45703125 0.009765625 0.01171875
1 0.4853515625 0.451171875 0.0078125 0.009765625
1 0.5234375 0.447265625 0.005859375 0.0078125
1 0.5537109375 0.4443359375 0.005859375 0.0068359375
1 0.5751953125 0.4423828125 0.00390625 0.005859375
1 0.5947265625 0.4404296875 0.00390625 0.005859375
1 0.6044921875 0.439453125 0.00390625 0.0048828125
1 0.6162109375 0.4384765625 0.0029296875 0.0048828125
1 0.6279296875 0.4375 0.0029296875 0.0048828125
1 0.6474609375 0.4365234375 0.001953125 0.00390625
1 0.6806640625 0.435546875 0.001953125 0.00390625
1 0.7255859375 0.435546875 0.001953125 0.00390625
1 0.767578125 0.4345703125 0.0029296875 0.00390625