1 0.0087890625 0.40234375 0.0029296875 0.0029296875
1 0.052734375 0.404296875 0.0029296875 0.00390625
1 0.087890625 0.4052734375 0.0029296875 0.00390625
1 0.1591796875 0.4091796875 0.001953125 0.0029296875
1 0.189453125 0.4111328125 0.001953125 0.0029296875
1 0.2109375 0.412109375 0.0029296875 0.0029296875
1 0.2236328125 0.4130859375 0.001953125 0.00390625
1 0.2373046875 0.4150390625 0.001953125 0.00390625
1 0.25390625 0.416015625 0.0029296875 0.00390625
1 0.2724609375 0.4169921875 0.0029296875 0.0048828125
1 0.29296875 0.4189453125 0.0029296875 0.00390625
1 0.31640625 0.4208984375 0.00390625 0.0048828125
1 0.34375 0.423828125 0.00390625 0.0048828125
1 0.376953125 0.4267578125 0.0048828125 0.005859375
1 0.4169921875 0.4296875 0.005859375 0.0068359375
1 0.4677734375 0.4345703125 0.005859375 0.0068359375
1 0.53125 0.4404296875 0.0068359375 0.0087890625
1 0.61328125 0.4482421875 0.005859375 0.0087890625
1 0.7265625 0.4580078125 0.0087890625 0.01171875
1 0.8916015625 0.4716796875 0.0126953125 0.0146484375
2 0.5498046875 0.587890625 0.064453125 0.0703125
2 0.2607421875 0.486328125 0.029296875 0.0361328125
2 0.16796875 0.4541015625 0.01953125 0.0234375
2 0.1220703125 0.4384765625 0.0146484375 0.017578125
2 0.0966796875 0.4287109375 0.01171875 0.013671875
2 0.0791015625 0.4228515625 0.0087890625 0.01171875
2 0.06640625 0.41796875 0.0078125 0.009765625
2 0.0556640625 0.4150390625 0.0068359375 0.0087890625
2 0.048828125 0.4130859375 0.0048828125 0.0068359375
2 0.04296875 0.4111328125 0.00390625 0.005859375
2 0.0380859375 0.4091796875 0.00390625 0.005859375
2 0.0341796875 0.408203125 0.0029296875 0.0048828125
2 0.0302734375 0.4072265625 0.0029296875 0.00390625
2 0.0263671875 0.4052734375 0.00390625 0.00390625
2 0.021484375 0.404296875 0.0029296875 0.00390625
2 0.041015625 0.404296875 0.0029296875 0.00390625
2 0.0830078125 0.40625 0.0029296875 0.00390625
2 0.1259765625 0.408203125 0.0029296875 0.00390625
2 0.1533203125 0.4091796875 0.0029296875 0.00390625
2 0.162109375 0.41015625 0.001953125 0.00390625
2 0.1748046875 0.4111328125 0.0029296875 0.00390625
2 0.1875 0.4130859375 0.0029296875 0.0048828125
2 0.2021484375 0.4150390625 0.00390625 0.0048828125
2 0.21875 0.416015625 0.00390625 0.0048828125
2 0.2392578125 0.41796875 0.00390625 0.005859375
2 0.26171875 0.419921875 0.0048828125 0.0068359375
2 0.291015625 0.423828125 0.0048828125 0.0068359375
2 0.3251953125 0.4267578125 0.005859375 0.0078125
2 0.3701171875 0.431640625 0.0068359375 0.0087890625
2 0.427734375 0.4375 0.0078125 0.0107421875
2 0.5048828125 0.4462890625 0.0087890625 0.01171875
2 0.61328125 0.45703125 0.0107421875 0.0146484375
2 0.7822265625 0.4736328125 0.015625 0.0185546875