1 0.48046875 0.5107421875 0.03125 0.0341796875
1 0.80078125 0.4794921875 0.015625 0.0185546875
1 0.2900390625 0.572265625 0.0576171875 0.06640625
1 0.3154296875 0.46484375 0.0107421875 0.013671875
1 0.6513671875 0.4873046875 0.01953125 0.0224609375
1 0.4775390625 0.466796875 0.0107421875 0.0126953125
2 0.9482421875 0.5703125 0.0556640625 0.05859375
2 0.6337890625 0.4619140625 0.0087890625 0.01171875
2 0.369140625 0.4619140625 0.0087890625 0.0126953125
1 0.6064453125 0.466796875 0.009765625 0.0126953125
2 0.5078125 0.4619140625 0.0087890625 0.01171875
2 0.2421875 0.4580078125 0.009765625 0.01171875
2 0.7509765625 0.4619140625 0.0087890625 0.01171875
1 0.8193359375 0.46875 0.0107421875 0.0126953125
1 0.1796875 0.4609375 0.0107421875 0.013671875
2 0.8681640625 0.46484375 0.009765625 0.0126953125
2 0.142578125 0.4521484375 0.0087890625 0.01171875
1 0.888671875 0.4755859375 0.013671875 0.0166015625
1 0.72265625 0.466796875 0.009765625 0.0126953125
1 0.0400390625 0.455078125 0.01171875 0.013671875
2 0.9970703125 0.4736328125 0.005859375 0.015625