1 0.7939453125 0.529296875 0.0537109375 0.05859375
1 0.80859375 0.4345703125 0.01171875 0.0146484375
1 0.365234375 0.43359375 0.0078125 0.0087890625
1 0.513671875 0.427734375 0.0078125 0.0087890625
1 0.220703125 0.4462890625 0.009765625 0.0126953125
1 0.3076171875 0.4384765625 0.0087890625 0.0107421875
1 0.087890625 0.458984375 0.013671875 0.0146484375
2 0.734375 0.4287109375 0.0087890625 0.0107421875
2 0.8701171875 0.4296875 0.0107421875 0.013671875
1 0.6806640625 0.4326171875 0.0087890625 0.01171875
2 0.6484375 0.42578125 0.0078125 0.0107421875
2 0.5009765625 0.423828125 0.005859375 0.0078125
2 0.23046875 0.439453125 0.0078125 0.009765625
2 0.326171875 0.43359375 0.0068359375 0.0087890625
2 0.126953125 0.4482421875 0.009765625 0.0126953125
1 0.4306640625 0.4296875 0.0068359375 0.0087890625
2 0.4140625 0.427734375 0.005859375 0.0078125
1 0.576171875 0.4296875 0.0078125 0.009765625
2 0.5751953125 0.423828125 0.0048828125 0.0078125