2 0.3720703125 0.4921875 0.0302734375 0.0390625
1 0.0224609375 0.466796875 0.03515625 0.033203125
1 0.36328125 0.4404296875 0.0126953125 0.015625
2 0.482421875 0.462890625 0.01953125 0.0234375
1 0.392578125 0.431640625 0.0087890625 0.0107421875
1 0.04296875 0.4287109375 0.013671875 0.0146484375
1 0.22265625 0.447265625 0.01953125 0.0205078125
2 0.548828125 0.4541015625 0.0126953125 0.017578125
2 0.6025390625 0.4501953125 0.01171875 0.0146484375
2 0.5205078125 0.4365234375 0.0087890625 0.0107421875
2 0.0849609375 0.423828125 0.0107421875 0.01171875
2 0.572265625 0.443359375 0.0087890625 0.0126953125
2 0.34375 0.42578125 0.0078125 0.0107421875
1 0.4365234375 0.4375 0.009765625 0.0126953125
2 0.2314453125 0.4248046875 0.0078125 0.0107421875
1 0.197265625 0.4296875 0.01171875 0.0126953125
2 0.4365234375 0.4296875 0.0068359375 0.0087890625
1 0.3125 0.4296875 0.0087890625 0.01171875
2 0.54296875 0.5927734375 0.060546875 0.060546875