2 0.5234375 0.44140625 0.005859375 0.0078125
2 0.5205078125 0.4453125 0.005859375 0.0087890625
2 0.5078125 0.44921875 0.0087890625 0.01171875
2 0.494140625 0.4560546875 0.0107421875 0.013671875
2 0.6064453125 0.4638671875 0.0146484375 0.0185546875
2 0.859375 0.48046875 0.0234375 0.025390625
2 0.5576171875 0.5 0.0263671875 0.0341796875
2 0.3544921875 0.4755859375 0.01953125 0.0234375
2 0.2763671875 0.462890625 0.0146484375 0.0205078125
2 0.25390625 0.455078125 0.01171875 0.0146484375
2 0.2734375 0.44921875 0.0087890625 0.0126953125
2 0.330078125 0.443359375 0.0068359375 0.0087890625
2 0.3408203125 0.44140625 0.005859375 0.0078125
2 0.2890625 0.439453125 0.005859375 0.0078125
2 0.251953125 0.4384765625 0.005859375 0.0068359375
2 0.2548828125 0.4375 0.0048828125 0.0068359375
2 0.302734375 0.4365234375 0.00390625 0.005859375
2 0.365234375 0.435546875 0.00390625 0.0048828125
2 0.4208984375 0.435546875 0.00390625 0.0048828125
2 0.46484375 0.4365234375 0.00390625 0.0048828125
2 0.50390625 0.4375 0.00390625 0.0048828125
1 0.607421875 0.44140625 0.005859375 0.0078125
1 0.626953125 0.4443359375 0.0068359375 0.0087890625
1 0.6328125 0.44921875 0.0078125 0.0107421875
1 0.6484375 0.455078125 0.0107421875 0.013671875
1 0.8076171875 0.4609375 0.013671875 0.015625
1 0.0078125 0.525390625 0.015625 0.0498046875
1 0.04296875 0.4560546875 0.015625 0.015625
1 0.12109375 0.4482421875 0.0107421875 0.01171875
1 0.228515625 0.4423828125 0.0078125 0.0087890625
1 0.1708984375 0.4404296875 0.0068359375 0.0078125
1 0.1513671875 0.4384765625 0.005859375 0.0078125
1 0.203125 0.435546875 0.0048828125 0.005859375
1 0.2802734375 0.4345703125 0.00390625 0.0048828125
1 0.3623046875 0.4345703125 0.0029296875 0.00390625
1 0.4384765625 0.4345703125 0.00390625 0.0048828125
1 0.501953125 0.435546875 0.0029296875 0.0048828125
1 0.54296875 0.4365234375 0.00390625 0.0048828125
1 0.5771484375 0.4375 0.00390625 0.005859375
1 0.599609375 0.439453125 0.0048828125 0.0068359375