2 0.986328125 0.5 0.02734375 0.0537109375
2 0.7587890625 0.4619140625 0.0234375 0.029296875
2 0.740234375 0.44140625 0.0166015625 0.0205078125
2 0.7919921875 0.4306640625 0.0126953125 0.015625
2 0.953125 0.4052734375 0.005859375 0.0078125
2 0.9228515625 0.4052734375 0.0048828125 0.0068359375
2 0.912109375 0.4033203125 0.0048828125 0.005859375
2 0.9208984375 0.4013671875 0.00390625 0.005859375
2 0.9580078125 0.3994140625 0.00390625 0.005859375
2 0.9677734375 0.3974609375 0.00390625 0.005859375
2 0.9306640625 0.3984375 0.00390625 0.0048828125
2 0.904296875 0.3984375 0.00390625 0.0048828125
2 0.943359375 0.396484375 0.0029296875 0.00390625
2 0.9970703125 0.39453125 0.0029296875 0.00390625
1 0.3583984375 0.5869140625 0.064453125 0.0703125
1 0.4345703125 0.4892578125 0.02734375 0.0341796875
1 0.4609375 0.45703125 0.017578125 0.0205078125
1 0.5283203125 0.44140625 0.0126953125 0.0146484375
1 0.6240234375 0.4306640625 0.0107421875 0.0126953125
1 0.7529296875 0.4228515625 0.009765625 0.01171875
1 0.857421875 0.4150390625 0.0087890625 0.0107421875
1 0.8935546875 0.412109375 0.0078125 0.0087890625
1 0.865234375 0.41015625 0.005859375 0.0087890625
1 0.8388671875 0.4091796875 0.005859375 0.0068359375
1 0.81640625 0.408203125 0.00390625 0.005859375
1 0.8232421875 0.40625 0.00390625 0.005859375
1 0.84375 0.404296875 0.00390625 0.0048828125
1 0.8642578125 0.40234375 0.0029296875 0.0048828125
1 0.892578125 0.400390625 0.00390625 0.0048828125
1 0.8564453125 0.4013671875 0.0029296875 0.00390625
1 0.8408203125 0.4013671875 0.0029296875 0.00390625
1 0.869140625 0.3994140625 0.001953125 0.00390625
1 0.9248046875 0.3974609375 0.0029296875 0.00390625
2 0.916015625 0.4208984375 0.0126953125 0.0146484375