2 0.9814453125 0.443359375 0.025390625 0.0263671875
2 0.7939453125 0.4287109375 0.013671875 0.0166015625
2 0.7373046875 0.421875 0.0087890625 0.01171875
2 0.73046875 0.4150390625 0.0068359375 0.0087890625
2 0.775390625 0.4111328125 0.0068359375 0.0087890625
2 0.8095703125 0.408203125 0.005859375 0.0078125
2 0.8134765625 0.4052734375 0.0048828125 0.0068359375
2 0.7841796875 0.4052734375 0.00390625 0.005859375
2 0.7509765625 0.40625 0.00390625 0.005859375
2 0.7197265625 0.40625 0.00390625 0.005859375
2 0.71484375 0.404296875 0.0029296875 0.00390625
2 0.72265625 0.4033203125 0.0029296875 0.00390625
2 0.736328125 0.40234375 0.0029296875 0.00390625
2 0.7685546875 0.400390625 0.0029296875 0.00390625
2 0.810546875 0.3994140625 0.0029296875 0.00390625
2 0.8388671875 0.3984375 0.0029296875 0.00390625
2 0.828125 0.3994140625 0.0029296875 0.00390625
2 0.796875 0.4013671875 0.0029296875 0.00390625
2 0.7705078125 0.4033203125 0.0029296875 0.0048828125
2 0.8359375 0.40234375 0.00390625 0.005859375
2 0.8916015625 0.4013671875 0.00390625 0.005859375
2 0.943359375 0.400390625 0.0048828125 0.0078125
2 0.9716796875 0.4013671875 0.005859375 0.0078125
2 0.91796875 0.41015625 0.0087890625 0.0107421875
2 0.9296875 0.4150390625 0.0107421875 0.0126953125
1 0.580078125 0.576171875 0.0634765625 0.07421875
1 0.7890625 0.478515625 0.0302734375 0.037109375
1 0.6318359375 0.44921875 0.017578125 0.0224609375
1 0.5791015625 0.435546875 0.01171875 0.015625
1 0.5712890625 0.42578125 0.0078125 0.0107421875
1 0.609375 0.4189453125 0.0068359375 0.0087890625
1 0.6484375 0.4150390625 0.005859375 0.0078125
1 0.701171875 0.4111328125 0.005859375 0.0068359375
1 0.7236328125 0.4091796875 0.0048828125 0.005859375
1 0.6953125 0.4091796875 0.00390625 0.005859375
1 0.66796875 0.4091796875 0.00390625 0.005859375
1 0.65234375 0.408203125 0.00390625 0.0048828125
1 0.6572265625 0.40625 0.001953125 0.00390625
1 0.6728515625 0.4052734375 0.0029296875 0.00390625
1 0.685546875 0.404296875 0.001953125 0.0029296875
1 0.76171875 0.400390625 0.001953125 0.0029296875
1 0.8154296875 0.3984375 0.001953125 0.0029296875
1 0.865234375 0.3974609375 0.0029296875 0.00390625
1 0.8974609375 0.396484375 0.0029296875 0.00390625
1 0.8955078125 0.3974609375 0.00390625 0.00390625
1 0.8681640625 0.400390625 0.00390625 0.005859375
1 0.83203125 0.4013671875 0.0029296875 0.00390625
1 0.9228515625 0.3994140625 0.00390625 0.005859375
1 0.9970703125 0.3974609375 0.0048828125 0.005859375
2 0.9453125 0.4052734375 0.0068359375 0.009765625