2 0.701171875 0.5224609375 0.0341796875 0.041015625
2 0.5498046875 0.48828125 0.0185546875 0.0234375
2 0.4873046875 0.47265625 0.0126953125 0.0166015625
2 0.498046875 0.4658203125 0.0087890625 0.0126953125
2 0.5771484375 0.4609375 0.0078125 0.0107421875
2 0.0029296875 0.4619140625 0.0048828125 0.009765625
2 0.0908203125 0.4609375 0.005859375 0.0087890625
2 0.1669921875 0.4609375 0.005859375 0.0087890625
2 0.2392578125 0.4619140625 0.005859375 0.0078125
2 0.322265625 0.4609375 0.005859375 0.0078125
2 0.4091796875 0.4580078125 0.005859375 0.0078125
2 0.48828125 0.455078125 0.005859375 0.0078125
2 0.5595703125 0.4521484375 0.0048828125 0.0068359375
2 0.6220703125 0.451171875 0.0048828125 0.0068359375
2 0.6767578125 0.453125 0.005859375 0.0078125
2 0.7001953125 0.4560546875 0.005859375 0.0087890625
2 0.640625 0.4580078125 0.0078125 0.009765625
1 0.599609375 0.4541015625 0.005859375 0.0078125
1 0.544921875 0.45703125 0.0068359375 0.0087890625
1 0.4658203125 0.4609375 0.0078125 0.009765625
1 0.3916015625 0.46484375 0.0087890625 0.0126953125
1 0.3486328125 0.4697265625 0.0107421875 0.013671875
1 0.3037109375 0.4775390625 0.013671875 0.0166015625
1 0.2763671875 0.4892578125 0.01953125 0.0244140625
1 0.26171875 0.529296875 0.0380859375 0.04296875
1 0.2109375 0.462890625 0.005859375 0.0078125
1 0.5810546875 0.453125 0.0048828125 0.0068359375
1 0.53125 0.455078125 0.0048828125 0.0068359375
1 0.2958984375 0.4619140625 0.005859375 0.0078125