2 0.3515625 0.447265625 0.005859375 0.0068359375
2 0.318359375 0.451171875 0.0068359375 0.0087890625
2 0.2705078125 0.45703125 0.0078125 0.009765625
2 0.2109375 0.4638671875 0.0087890625 0.01171875
2 0.103515625 0.4755859375 0.0107421875 0.0146484375
2 0.9619140625 0.4365234375 0.0166015625 0.01953125
2 0.9775390625 0.4287109375 0.013671875 0.015625
2 0.3974609375 0.4423828125 0.00390625 0.005859375
2 0.4482421875 0.439453125 0.00390625 0.005859375
2 0.5087890625 0.4345703125 0.00390625 0.005859375
2 0.568359375 0.4326171875 0.00390625 0.005859375
2 0.6259765625 0.431640625 0.0048828125 0.0068359375
2 0.6865234375 0.4306640625 0.0048828125 0.0068359375
2 0.7666015625 0.427734375 0.005859375 0.0078125
2 0.86328125 0.4228515625 0.0068359375 0.0087890625
2 0.9677734375 0.416015625 0.0068359375 0.0078125
1 0.935546875 0.423828125 0.009765625 0.01171875
1 0.8427734375 0.4306640625 0.009765625 0.01171875
1 0.796875 0.4365234375 0.0107421875 0.013671875
1 0.755859375 0.443359375 0.0126953125 0.015625
1 0.734375 0.4541015625 0.017578125 0.0224609375
1 0.7353515625 0.4833984375 0.02734375 0.0341796875
1 0.48046875 0.5927734375 0.0546875 0.0595703125
1 0.1220703125 0.4814453125 0.0146484375 0.0166015625
1 0.2470703125 0.466796875 0.0107421875 0.013671875
1 0.3232421875 0.45703125 0.0078125 0.0107421875
1 0.365234375 0.451171875 0.0078125 0.0087890625
1 0.396484375 0.447265625 0.005859375 0.0078125
1 0.4208984375 0.4443359375 0.005859375 0.0078125
1 0.4423828125 0.44140625 0.0048828125 0.0068359375
1 0.478515625 0.4384765625 0.0048828125 0.005859375
1 0.5380859375 0.4345703125 0.0048828125 0.005859375
1 0.587890625 0.43359375 0.0048828125 0.0068359375
1 0.6630859375 0.4326171875 0.0048828125 0.0068359375
1 0.8408203125 0.4248046875 0.005859375 0.0078125
1 0.7392578125 0.4296875 0.005859375 0.0078125