1 0.91015625 0.501953125 0.0478515625 0.0498046875
1 0.015625 0.47265625 0.0244140625 0.0234375
2 0.5947265625 0.4404296875 0.0126953125 0.015625
1 0.7265625 0.44921875 0.017578125 0.0205078125
1 0.8984375 0.44921875 0.021484375 0.0234375
1 0.5263671875 0.458984375 0.0166015625 0.0205078125
1 0.302734375 0.4658203125 0.0205078125 0.0224609375
2 0.958984375 0.435546875 0.0166015625 0.0185546875
1 0.4267578125 0.5927734375 0.056640625 0.060546875
2 0.7724609375 0.4345703125 0.013671875 0.017578125
2 0.3994140625 0.44921875 0.0126953125 0.0166015625
2 0.1796875 0.4560546875 0.015625 0.0185546875