1 0.28125 0.49609375 0.0224609375 0.029296875
2 0.5810546875 0.4912109375 0.0205078125 0.02734375
1 0.2626953125 0.4755859375 0.015625 0.0185546875
2 0.4814453125 0.47265625 0.0146484375 0.0185546875
1 0.1318359375 0.580078125 0.060546875 0.0654296875
1 0.3056640625 0.462890625 0.009765625 0.01171875
2 0.4384765625 0.4580078125 0.0087890625 0.01171875
2 0.4296875 0.4638671875 0.009765625 0.0146484375
2 0.5078125 0.4541015625 0.0068359375 0.009765625
1 0.341796875 0.458984375 0.0078125 0.009765625
2 0.3525390625 0.453125 0.0048828125 0.0068359375
2 0.427734375 0.4501953125 0.0048828125 0.0068359375
1 0.48046875 0.451171875 0.005859375 0.0078125
1 0.2734375 0.4677734375 0.0107421875 0.013671875
1 0.5302734375 0.44921875 0.005859375 0.0078125
2 0.1865234375 0.45703125 0.005859375 0.0078125
2 0.5654296875 0.4521484375 0.0068359375 0.0087890625
2 0.5517578125 0.4462890625 0.0048828125 0.0068359375
2 0.0341796875 0.4560546875 0.005859375 0.0078125
1 0.5126953125 0.4482421875 0.0048828125 0.0068359375
2 0.11328125 0.4560546875 0.005859375 0.0087890625
1 0.162109375 0.4580078125 0.005859375 0.0078125
1 0.4677734375 0.44921875 0.00390625 0.005859375
2 0.494140625 0.447265625 0.0048828125 0.005859375
2 0.599609375 0.447265625 0.0048828125 0.0068359375
2 0.26953125 0.455078125 0.005859375 0.0078125
1 0.2451171875 0.45703125 0.0068359375 0.0078125
1 0.3359375 0.4541015625 0.0048828125 0.0078125
2 0.771484375 0.5498046875 0.0478515625 0.0537109375
1 0.40625 0.4521484375 0.0048828125 0.0068359375
2 0.6181640625 0.451171875 0.0048828125 0.0078125
2 0.62109375 0.44921875 0.0048828125 0.0068359375