2 0.9931640625 0.48046875 0.01171875 0.0439453125
2 0.7734375 0.455078125 0.021484375 0.02734375
2 0.6552734375 0.4443359375 0.0146484375 0.01953125
2 0.6689453125 0.423828125 0.0078125 0.0107421875
2 0.69140625 0.41796875 0.0078125 0.0087890625
2 0.7236328125 0.4150390625 0.005859375 0.0078125
2 0.7880859375 0.4111328125 0.005859375 0.0078125
2 0.8798828125 0.408203125 0.0078125 0.009765625
2 0.9580078125 0.4072265625 0.0078125 0.009765625
2 0.94921875 0.4111328125 0.0087890625 0.01171875
2 0.8828125 0.41796875 0.0107421875 0.0126953125
2 0.8193359375 0.4267578125 0.013671875 0.015625
2 0.890625 0.435546875 0.0185546875 0.0205078125
1 0.546875 0.5615234375 0.056640625 0.068359375
1 0.46484375 0.490234375 0.029296875 0.0361328125
1 0.421875 0.46484375 0.01953125 0.0234375
1 0.4345703125 0.4482421875 0.0126953125 0.0166015625
1 0.4921875 0.435546875 0.0107421875 0.0126953125
1 0.5341796875 0.427734375 0.0078125 0.0107421875
1 0.5849609375 0.421875 0.005859375 0.0087890625
1 0.6220703125 0.4169921875 0.005859375 0.0068359375
1 0.6806640625 0.4140625 0.0048828125 0.0068359375
1 0.7724609375 0.4091796875 0.0048828125 0.0068359375
2 0.6689453125 0.431640625 0.01171875 0.0107421875