1 0.265625 0.4931640625 0.021484375 0.025390625
1 0.23828125 0.5400390625 0.04296875 0.0498046875
2 0.556640625 0.490234375 0.0205078125 0.025390625
2 0.4892578125 0.4736328125 0.0126953125 0.0185546875
2 0.7265625 0.53125 0.0390625 0.0458984375
1 0.2978515625 0.4794921875 0.0146484375 0.017578125
1 0.345703125 0.470703125 0.01171875 0.0146484375
1 0.548828125 0.45703125 0.0068359375 0.0087890625
2 0.5009765625 0.4658203125 0.0107421875 0.0126953125
1 0.390625 0.4658203125 0.009765625 0.0126953125
2 0.58203125 0.4609375 0.0087890625 0.0107421875
2 0.0869140625 0.4609375 0.005859375 0.0087890625
1 0.294921875 0.462890625 0.0068359375 0.0078125
2 0.322265625 0.4609375 0.005859375 0.0087890625
2 0.6474609375 0.4580078125 0.0078125 0.0107421875
2 0.2373046875 0.4619140625 0.005859375 0.0078125
1 0.4677734375 0.4609375 0.0078125 0.0107421875
2 0.4912109375 0.455078125 0.005859375 0.0078125
2 0.5625 0.4521484375 0.0048828125 0.0078125
1 0.5341796875 0.4541015625 0.0048828125 0.0068359375
2 0.6826171875 0.4521484375 0.005859375 0.0078125
1 0.6044921875 0.4541015625 0.005859375 0.0078125
2 0.1650390625 0.4609375 0.0068359375 0.0087890625
1 0.0400390625 0.4638671875 0.0078125 0.0087890625
1 0.11328125 0.4638671875 0.0068359375 0.0087890625
2 0.41015625 0.4580078125 0.005859375 0.0078125
1 0.208984375 0.4638671875 0.005859375 0.0087890625
2 0.626953125 0.451171875 0.005859375 0.0078125
1 0.5849609375 0.453125 0.0048828125 0.0068359375
2 0.708984375 0.4560546875 0.0078125 0.0107421875
1 0.3916015625 0.4599609375 0.005859375 0.0078125