2 0.72265625 0.5009765625 0.0390625 0.0419921875
2 0.51953125 0.4697265625 0.0263671875 0.025390625
2 0.4052734375 0.45703125 0.013671875 0.0166015625
2 0.30859375 0.4501953125 0.01171875 0.0146484375
2 0.2236328125 0.4482421875 0.0087890625 0.0126953125
2 0.158203125 0.447265625 0.0087890625 0.01171875
2 0.146484375 0.4453125 0.0078125 0.009765625
2 0.19921875 0.439453125 0.005859375 0.0087890625
2 0.0859375 0.4423828125 0.005859375 0.0068359375
2 0.158203125 0.435546875 0.00390625 0.0068359375
2 0.2177734375 0.431640625 0.00390625 0.005859375
2 0.265625 0.4306640625 0.00390625 0.005859375
2 0.2861328125 0.431640625 0.0048828125 0.0078125
2 0.244140625 0.4345703125 0.0048828125 0.0078125
1 0.205078125 0.4345703125 0.00390625 0.0068359375
1 0.1611328125 0.4384765625 0.0048828125 0.0078125
1 0.0947265625 0.4453125 0.0068359375 0.0087890625
1 0.0390625 0.4521484375 0.0087890625 0.0107421875
1 0.0205078125 0.4580078125 0.01171875 0.0146484375
1 0.056640625 0.4609375 0.013671875 0.0146484375
1 0.1396484375 0.4638671875 0.0146484375 0.017578125
1 0.203125 0.4765625 0.0205078125 0.0224609375
1 0.236328125 0.5029296875 0.0322265625 0.0341796875
1 0.23046875 0.587890625 0.0595703125 0.0703125
1 0.1845703125 0.4345703125 0.0048828125 0.0068359375
1 0.1376953125 0.4384765625 0.005859375 0.0068359375
1 0.0703125 0.4453125 0.005859375 0.0078125