2 0.6982421875 0.5048828125 0.0322265625 0.037109375
2 0.427734375 0.4853515625 0.0234375 0.0263671875
2 0.2802734375 0.4755859375 0.01953125 0.0234375
2 0.2763671875 0.4638671875 0.0146484375 0.0185546875
2 0.3828125 0.45703125 0.0107421875 0.013671875
2 0.5009765625 0.4541015625 0.009765625 0.01171875
2 0.6064453125 0.453125 0.0078125 0.0107421875
2 0.701171875 0.4541015625 0.0087890625 0.0107421875
2 0.8251953125 0.458984375 0.0107421875 0.0126953125
2 0.982421875 0.4697265625 0.0166015625 0.017578125
1 0.220703125 0.5625 0.0595703125 0.068359375
1 0.146484375 0.45703125 0.0146484375 0.0146484375
1 0.31640625 0.451171875 0.009765625 0.01171875
1 0.46875 0.44921875 0.0078125 0.0087890625
1 0.6005859375 0.4482421875 0.005859375 0.0087890625
1 0.72265625 0.4501953125 0.0078125 0.0087890625
1 0.85546875 0.4560546875 0.009765625 0.0107421875