2 0.9482421875 0.4912109375 0.025390625 0.029296875
2 0.9462890625 0.4716796875 0.0146484375 0.017578125
2 0.958984375 0.462890625 0.0107421875 0.013671875
2 0.9638671875 0.4580078125 0.0078125 0.0107421875
2 0.87890625 0.453125 0.0078125 0.009765625
2 0.8046875 0.447265625 0.005859375 0.0078125
2 0.76953125 0.4443359375 0.0048828125 0.0068359375
2 0.7587890625 0.4423828125 0.00390625 0.005859375
2 0.7841796875 0.4423828125 0.00390625 0.005859375
2 0.806640625 0.44140625 0.00390625 0.0048828125
2 0.7861328125 0.439453125 0.0029296875 0.00390625
2 0.76171875 0.4384765625 0.0029296875 0.00390625
2 0.7373046875 0.4384765625 0.001953125 0.00390625
2 0.734375 0.435546875 0.0029296875 0.00390625
2 0.7294921875 0.4365234375 0.001953125 0.0029296875
2 0.744140625 0.435546875 0.001953125 0.0029296875
2 0.7685546875 0.4365234375 0.001953125 0.0029296875
2 0.802734375 0.4365234375 0.001953125 0.0029296875
2 0.8251953125 0.4375 0.001953125 0.00390625
2 0.81640625 0.4375 0.001953125 0.0029296875
2 0.79296875 0.4375 0.001953125 0.0029296875
2 0.7734375 0.4375 0.001953125 0.0029296875
2 0.822265625 0.4404296875 0.0029296875 0.00390625
2 0.861328125 0.44140625 0.0029296875 0.00390625
2 0.8955078125 0.4423828125 0.0029296875 0.0048828125
2 0.91015625 0.443359375 0.00390625 0.0048828125
2 0.87109375 0.4453125 0.00390625 0.005859375
2 0.8740234375 0.447265625 0.0048828125 0.005859375
2 0.921875 0.44921875 0.005859375 0.0078125
2 0.982421875 0.5439453125 0.03515625 0.05078125
1 0.6298828125 0.4794921875 0.01953125 0.0244140625
1 0.71484375 0.46484375 0.0126953125 0.0166015625
1 0.783203125 0.4580078125 0.009765625 0.0126953125
1 0.8125 0.455078125 0.0087890625 0.0107421875
1 0.7421875 0.44921875 0.005859375 0.0087890625
1 0.69921875 0.4462890625 0.005859375 0.0078125
1 0.673828125 0.4423828125 0.0048828125 0.0068359375
1 0.6826171875 0.4404296875 0.00390625 0.005859375
1 0.701171875 0.439453125 0.00390625 0.0048828125
1 0.732421875 0.4404296875 0.0029296875 0.00390625
1 0.7451171875 0.439453125 0.0029296875 0.00390625
1 0.7236328125 0.4384765625 0.0029296875 0.00390625
1 0.6845703125 0.4365234375 0.0029296875 0.00390625
1 0.6826171875 0.4365234375 0.0029296875 0.00390625
1 0.6943359375 0.4365234375 0.001953125 0.00390625
1 0.7021484375 0.435546875 0.001953125 0.00390625
1 0.8056640625 0.4375 0.001953125 0.0029296875
1 0.845703125 0.439453125 0.001953125 0.00390625
1 0.8671875 0.4384765625 0.001953125 0.0029296875
1 0.8837890625 0.4404296875 0.001953125 0.00390625
1 0.93359375 0.44140625 0.00390625 0.0048828125
1 0.970703125 0.443359375 0.00390625 0.00390625
1 0.9951171875 0.4453125 0.00390625 0.0048828125
1 0.9814453125 0.4453125 0.0048828125 0.005859375
1 0.9619140625 0.447265625 0.0048828125 0.005859375
1 0.974609375 0.4482421875 0.005859375 0.0068359375
1 0.234375 0.5830078125 0.0615234375 0.0751953125
1 0.4736328125 0.50390625 0.033203125 0.03515625