2 0.8359375 0.48828125 0.0244140625 0.02734375
2 0.904296875 0.470703125 0.017578125 0.0205078125
2 0.9462890625 0.462890625 0.013671875 0.0166015625
2 0.9228515625 0.4560546875 0.0107421875 0.0126953125
2 0.8505859375 0.451171875 0.0087890625 0.0107421875
2 0.78515625 0.447265625 0.0078125 0.009765625
2 0.73046875 0.4453125 0.005859375 0.0087890625
2 0.724609375 0.443359375 0.0048828125 0.0068359375
2 0.7158203125 0.4404296875 0.00390625 0.005859375
2 0.7236328125 0.439453125 0.00390625 0.005859375
2 0.740234375 0.4384765625 0.00390625 0.0048828125
2 0.7822265625 0.4384765625 0.00390625 0.0048828125
2 0.83984375 0.4384765625 0.00390625 0.005859375
2 0.8837890625 0.439453125 0.00390625 0.005859375
2 0.875 0.4404296875 0.00390625 0.005859375
2 0.8359375 0.4423828125 0.00390625 0.005859375
2 0.8017578125 0.443359375 0.005859375 0.0078125
2 0.8310546875 0.4462890625 0.005859375 0.0087890625
2 0.9287109375 0.44921875 0.0078125 0.0107421875
1 0.2294921875 0.54296875 0.05078125 0.0556640625
1 0.5009765625 0.4794921875 0.01953125 0.0234375
1 0.611328125 0.46484375 0.0126953125 0.0166015625
1 0.716796875 0.4580078125 0.0107421875 0.0146484375
1 0.751953125 0.453125 0.009765625 0.01171875
1 0.697265625 0.4501953125 0.0087890625 0.0107421875
1 0.650390625 0.447265625 0.0068359375 0.0087890625
1 0.6240234375 0.4443359375 0.005859375 0.0078125
1 0.6279296875 0.44140625 0.00390625 0.005859375
1 0.6328125 0.4404296875 0.00390625 0.005859375
1 0.6552734375 0.4384765625 0.00390625 0.0048828125
1 0.671875 0.4375 0.0029296875 0.00390625
1 0.708984375 0.4375 0.0029296875 0.0048828125
1 0.7705078125 0.4375 0.0029296875 0.00390625
1 0.9140625 0.4384765625 0.00390625 0.0048828125
1 0.9658203125 0.4404296875 0.00390625 0.005859375
1 0.974609375 0.44140625 0.005859375 0.0068359375
1 0.9423828125 0.443359375 0.005859375 0.0068359375
1 0.8974609375 0.4443359375 0.005859375 0.0068359375
1 0.966796875 0.4462890625 0.0078125 0.0087890625