2 0.2783203125 0.4365234375 0.001953125 0.00390625
2 0.2646484375 0.4375 0.0029296875 0.00390625
2 0.2451171875 0.4384765625 0.00390625 0.0048828125
2 0.2265625 0.439453125 0.00390625 0.005859375
2 0.2587890625 0.4404296875 0.00390625 0.005859375
2 0.3046875 0.44140625 0.00390625 0.005859375
2 0.3447265625 0.4443359375 0.005859375 0.0078125
2 0.3759765625 0.4462890625 0.0068359375 0.0087890625
2 0.3515625 0.4501953125 0.0078125 0.0107421875
2 0.3154296875 0.455078125 0.009765625 0.0126953125
2 0.4111328125 0.4716796875 0.0166015625 0.0205078125
2 0.576171875 0.4794921875 0.01953125 0.0244140625
2 0.826171875 0.4931640625 0.02734375 0.029296875
2 0.5703125 0.517578125 0.0380859375 0.0439453125
2 0.232421875 0.4931640625 0.029296875 0.0322265625
2 0.0302734375 0.4833984375 0.0244140625 0.0263671875
2 0.0244140625 0.4599609375 0.013671875 0.015625
2 0.2109375 0.447265625 0.0078125 0.009765625
2 0.228515625 0.4453125 0.005859375 0.0078125
2 0.2021484375 0.4423828125 0.005859375 0.0078125
2 0.158203125 0.4423828125 0.0048828125 0.0068359375
2 0.1318359375 0.4404296875 0.00390625 0.005859375
2 0.1201171875 0.439453125 0.00390625 0.005859375
2 0.1279296875 0.4384765625 0.00390625 0.0048828125
2 0.158203125 0.4365234375 0.00390625 0.0048828125
2 0.166015625 0.4365234375 0.0029296875 0.00390625
2 0.134765625 0.435546875 0.00390625 0.00390625
2 0.109375 0.435546875 0.00390625 0.0048828125
2 0.1435546875 0.4345703125 0.0029296875 0.00390625
2 0.1875 0.4345703125 0.001953125 0.0029296875
2 0.228515625 0.4345703125 0.001953125 0.00390625
2 0.2578125 0.43359375 0.001953125 0.0029296875
2 0.28515625 0.435546875 0.001953125 0.00390625
1 0.328125 0.4365234375 0.001953125 0.00390625
1 0.32421875 0.4375 0.0029296875 0.00390625
1 0.3095703125 0.4384765625 0.0029296875 0.00390625
1 0.298828125 0.4384765625 0.00390625 0.0048828125
1 0.3408203125 0.439453125 0.00390625 0.0048828125
1 0.3837890625 0.4404296875 0.0048828125 0.005859375
1 0.44140625 0.4423828125 0.005859375 0.0078125
1 0.4794921875 0.4453125 0.0068359375 0.0087890625
1 0.5009765625 0.4482421875 0.0078125 0.009765625
1 0.4853515625 0.453125 0.0087890625 0.01171875
1 0.5009765625 0.4599609375 0.0107421875 0.013671875
1 0.6201171875 0.4638671875 0.013671875 0.0166015625
1 0.78515625 0.4697265625 0.0166015625 0.0185546875
1 0.078125 0.4482421875 0.0087890625 0.009765625
1 0.1103515625 0.4453125 0.0078125 0.0087890625
1 0.080078125 0.443359375 0.0068359375 0.0078125
1 0.0498046875 0.4423828125 0.005859375 0.0078125
1 0.021484375 0.4404296875 0.005859375 0.0068359375
1 0.02734375 0.439453125 0.005859375 0.0068359375
1 0.048828125 0.4384765625 0.00390625 0.005859375
1 0.0703125 0.4375 0.00390625 0.0048828125
1 0.0986328125 0.4365234375 0.00390625 0.0048828125
1 0.060546875 0.4365234375 0.0029296875 0.00390625
1 0.0419921875 0.435546875 0.00390625 0.00390625
1 0.072265625 0.4345703125 0.0029296875 0.00390625
1 0.126953125 0.43359375 0.001953125 0.0029296875
1 0.2431640625 0.43359375 0.001953125 0.0029296875
1 0.3095703125 0.4345703125 0.001953125 0.0029296875
1 0.3330078125 0.435546875 0.001953125 0.00390625
2 0.138671875 0.453125 0.0107421875 0.0126953125