1 0.654296875 0.5146484375 0.0390625 0.0478515625
1 0.7783203125 0.4736328125 0.025390625 0.0283203125
1 0.8828125 0.455078125 0.01953125 0.021484375
1 0.97265625 0.4453125 0.0185546875 0.0185546875
1 0.4033203125 0.451171875 0.0078125 0.0087890625
1 0.3447265625 0.45703125 0.0087890625 0.0107421875
1 0.59375 0.4365234375 0.005859375 0.0078125
2 0.8818359375 0.431640625 0.0087890625 0.0107421875
2 0.3740234375 0.44921875 0.005859375 0.0078125
1 0.10546875 0.482421875 0.0146484375 0.0166015625
1 0.2626953125 0.4658203125 0.0107421875 0.013671875
1 0.4453125 0.4462890625 0.005859375 0.0078125
1 0.8388671875 0.4345703125 0.0087890625 0.0107421875
1 0.478515625 0.4423828125 0.005859375 0.0078125
2 0.4990234375 0.439453125 0.0048828125 0.0068359375
2 0.775390625 0.43359375 0.0068359375 0.0087890625
2 0.5703125 0.4345703125 0.0048828125 0.0068359375
1 0.650390625 0.4365234375 0.005859375 0.0078125
1 0.5244140625 0.439453125 0.005859375 0.0068359375
2 0.244140625 0.4619140625 0.0087890625 0.0107421875
2 0.3203125 0.4541015625 0.0068359375 0.009765625
2 0.435546875 0.443359375 0.005859375 0.0078125
2 0.63671875 0.43359375 0.0048828125 0.0068359375
1 0.7392578125 0.4365234375 0.0068359375 0.0087890625
1 0.9873046875 0.4306640625 0.009765625 0.0107421875
2 0.140625 0.4716796875 0.0107421875 0.0126953125
2 0.7021484375 0.43359375 0.005859375 0.0087890625