1 0.126953125 0.4638671875 0.02734375 0.029296875
2 0.5478515625 0.46875 0.0166015625 0.0205078125
2 0.5126953125 0.4873046875 0.025390625 0.03125
2 0.5322265625 0.4501953125 0.0107421875 0.013671875
1 0.0693359375 0.43359375 0.0146484375 0.0166015625
1 0.3837890625 0.443359375 0.0126953125 0.015625
2 0.5830078125 0.4609375 0.0126953125 0.015625
1 0.322265625 0.4365234375 0.0107421875 0.013671875
2 0.484375 0.5712890625 0.056640625 0.0693359375
1 0.306640625 0.44921875 0.017578125 0.01953125
2 0.1103515625 0.42578125 0.0107421875 0.0126953125
1 0.2216796875 0.4326171875 0.01171875 0.0146484375
2 0.46484375 0.44140625 0.0087890625 0.0126953125
2 0.3642578125 0.4326171875 0.0087890625 0.0107421875
2 0.251953125 0.427734375 0.0087890625 0.0126953125