1 0.2578125 0.552734375 0.0517578125 0.056640625
2 0.8544921875 0.560546875 0.0498046875 0.0595703125
2 0.6796875 0.498046875 0.0244140625 0.0283203125
1 0.4775390625 0.46484375 0.0107421875 0.013671875
2 0.634765625 0.4765625 0.013671875 0.017578125
1 0.447265625 0.4755859375 0.013671875 0.0185546875
2 0.62109375 0.4677734375 0.0087890625 0.0126953125
1 0.5 0.4599609375 0.0087890625 0.0107421875
1 0.390625 0.4970703125 0.0234375 0.0283203125
2 0.208984375 0.45703125 0.0068359375 0.0087890625
1 0.51953125 0.4560546875 0.0068359375 0.0087890625
1 0.2822265625 0.45703125 0.0068359375 0.0087890625
2 0.294921875 0.455078125 0.005859375 0.0078125
1 0.4921875 0.451171875 0.0048828125 0.0078125
2 0.6162109375 0.4619140625 0.0068359375 0.0107421875
2 0.501953125 0.4501953125 0.0048828125 0.0068359375
1 0.1796875 0.458984375 0.0087890625 0.0107421875
2 0.6083984375 0.4521484375 0.0048828125 0.0068359375
2 0.5634765625 0.4501953125 0.00390625 0.0068359375
1 0.359375 0.455078125 0.005859375 0.0078125
1 0.5322265625 0.453125 0.005859375 0.0078125
2 0.615234375 0.453125 0.00390625 0.0068359375
1 0.4267578125 0.453125 0.005859375 0.0078125
1 0.0673828125 0.4619140625 0.0126953125 0.013671875
2 0.103515625 0.458984375 0.0078125 0.0107421875