2 0.69140625 0.5146484375 0.033203125 0.0390625
2 0.7158203125 0.4765625 0.0166015625 0.0205078125
2 0.7158203125 0.4619140625 0.01171875 0.015625
2 0.7451171875 0.4541015625 0.009765625 0.0126953125
2 0.7861328125 0.451171875 0.0078125 0.009765625
2 0.8720703125 0.451171875 0.0087890625 0.0107421875
2 0.9775390625 0.4853515625 0.025390625 0.0263671875
1 0.1005859375 0.5546875 0.0556640625 0.0654296875
1 0.2998046875 0.4912109375 0.02734375 0.0302734375
1 0.4482421875 0.4677734375 0.015625 0.0185546875
1 0.529296875 0.45703125 0.0107421875 0.013671875
1 0.603515625 0.451171875 0.0087890625 0.0107421875
1 0.6533203125 0.447265625 0.0078125 0.0087890625
1 0.728515625 0.447265625 0.0068359375 0.0087890625
1 0.845703125 0.447265625 0.0068359375 0.0078125
1 0.990234375 0.44921875 0.0087890625 0.009765625