1 0.029296875 0.4541015625 0.0234375 0.0234375
1 0.1923828125 0.4404296875 0.0146484375 0.0166015625
2 0.2724609375 0.462890625 0.0234375 0.0263671875
2 0.39453125 0.447265625 0.013671875 0.0185546875
1 0.3203125 0.4345703125 0.0107421875 0.013671875
2 0.4716796875 0.4423828125 0.01171875 0.0146484375
2 0.08984375 0.427734375 0.0087890625 0.0107421875
1 0.0517578125 0.431640625 0.0126953125 0.0126953125
1 0.392578125 0.431640625 0.0078125 0.01171875
2 0.5341796875 0.439453125 0.0087890625 0.0126953125
2 0.40625 0.42578125 0.0068359375 0.0087890625
2 0.4794921875 0.4306640625 0.0068359375 0.009765625
2 0.28125 0.5048828125 0.041015625 0.0478515625
2 0.220703125 0.42578125 0.0078125 0.009765625
1 0.2880859375 0.4287109375 0.0078125 0.0107421875
1 0.359375 0.4287109375 0.0078125 0.009765625
2 0.322265625 0.4248046875 0.0068359375 0.009765625
1 0.1845703125 0.4306640625 0.0087890625 0.0107421875
2 0.51953125 0.4345703125 0.0078125 0.0107421875