2 0.970703125 0.5869140625 0.0576171875 0.072265625
2 0.75 0.4921875 0.0234375 0.029296875
2 0.7431640625 0.46875 0.0126953125 0.0166015625
2 0.822265625 0.4619140625 0.0107421875 0.0146484375
2 0.8740234375 0.4580078125 0.009765625 0.013671875
2 0.828125 0.451171875 0.005859375 0.0087890625
2 0.7783203125 0.44921875 0.005859375 0.0078125
2 0.736328125 0.4462890625 0.0048828125 0.0078125
2 0.732421875 0.443359375 0.00390625 0.005859375
2 0.7421875 0.4423828125 0.00390625 0.005859375
2 0.7607421875 0.44140625 0.00390625 0.00390625
2 0.7998046875 0.44140625 0.0029296875 0.0048828125
2 0.853515625 0.4423828125 0.0029296875 0.00390625
2 0.8916015625 0.443359375 0.00390625 0.005859375
2 0.87890625 0.4443359375 0.00390625 0.005859375
2 0.8388671875 0.4453125 0.00390625 0.005859375
2 0.8046875 0.4462890625 0.0048828125 0.0068359375
2 0.82421875 0.447265625 0.0048828125 0.0078125
2 0.900390625 0.4501953125 0.0068359375 0.0087890625
2 0.98828125 0.453125 0.0078125 0.009765625
1 0.1669921875 0.5498046875 0.0556640625 0.0556640625
1 0.4052734375 0.48046875 0.01953125 0.0234375
1 0.5341796875 0.4638671875 0.0126953125 0.0146484375
1 0.6162109375 0.4580078125 0.009765625 0.0126953125
1 0.7021484375 0.455078125 0.0087890625 0.009765625
1 0.7392578125 0.4521484375 0.0068359375 0.009765625
1 0.7001953125 0.44921875 0.005859375 0.0078125
1 0.6650390625 0.447265625 0.005859375 0.0078125
1 0.6455078125 0.4453125 0.0048828125 0.005859375
1 0.6513671875 0.4443359375 0.00390625 0.005859375
1 0.6591796875 0.4423828125 0.0029296875 0.0048828125
1 0.6806640625 0.4423828125 0.0029296875 0.00390625
1 0.6982421875 0.44140625 0.0029296875 0.0048828125
1 0.7919921875 0.44140625 0.001953125 0.00390625
1 0.8583984375 0.44140625 0.0029296875 0.00390625
1 0.923828125 0.4423828125 0.00390625 0.00390625
1 0.9697265625 0.4453125 0.0048828125 0.0068359375
1 0.9345703125 0.4462890625 0.00390625 0.005859375
1 0.8896484375 0.447265625 0.0048828125 0.005859375
1 0.943359375 0.4482421875 0.005859375 0.0078125