1 0.484375 0.5126953125 0.03125 0.03515625
1 0.6572265625 0.4892578125 0.01953125 0.0224609375
1 0.3193359375 0.4658203125 0.0107421875 0.0146484375
1 0.2900390625 0.576171875 0.05859375 0.068359375
2 0.9677734375 0.576171875 0.0595703125 0.060546875
2 0.373046875 0.462890625 0.0087890625 0.0126953125
1 0.8974609375 0.4775390625 0.0146484375 0.0166015625
2 0.2451171875 0.458984375 0.009765625 0.01171875
1 0.80859375 0.4814453125 0.015625 0.01953125
2 0.146484375 0.4521484375 0.009765625 0.0126953125
2 0.7568359375 0.462890625 0.0087890625 0.01171875
1 0.482421875 0.4677734375 0.0107421875 0.0146484375
1 0.18359375 0.4619140625 0.0107421875 0.0126953125
2 0.875 0.466796875 0.009765625 0.0126953125
2 0.638671875 0.462890625 0.0087890625 0.01171875
1 0.8271484375 0.4697265625 0.0107421875 0.013671875
1 0.728515625 0.4677734375 0.0107421875 0.013671875
1 0.6123046875 0.46875 0.009765625 0.0126953125
2 0.51171875 0.462890625 0.0087890625 0.01171875
1 0.044921875 0.4541015625 0.01171875 0.0146484375