1 0.7080078125 0.5 0.0361328125 0.0419921875
1 0.724609375 0.4609375 0.0185546875 0.0234375
1 0.802734375 0.439453125 0.01171875 0.013671875
1 0.7548828125 0.4482421875 0.013671875 0.0166015625
2 0.982421875 0.44140625 0.017578125 0.021484375
1 0.35546875 0.453125 0.0078125 0.0087890625
1 0.3916015625 0.4482421875 0.0068359375 0.0078125
1 0.8544921875 0.43359375 0.0107421875 0.0126953125
1 0.9541015625 0.42578125 0.0107421875 0.013671875
1 0.7470703125 0.431640625 0.0068359375 0.0078125
2 0.9892578125 0.41796875 0.0078125 0.0087890625
2 0.2578125 0.4580078125 0.0078125 0.009765625
1 0.3076171875 0.4580078125 0.0087890625 0.01171875
2 0.7763671875 0.4296875 0.005859375 0.0078125
2 0.87890625 0.4248046875 0.0068359375 0.0087890625
1 0.21875 0.4697265625 0.01171875 0.0146484375
1 0.4423828125 0.4423828125 0.0048828125 0.0068359375
2 0.5126953125 0.435546875 0.00390625 0.005859375
2 0.3974609375 0.4443359375 0.0048828125 0.0068359375
2 0.693359375 0.431640625 0.005859375 0.0078125
2 0.99609375 0.43359375 0.0068359375 0.0166015625
2 0.5732421875 0.43359375 0.0048828125 0.0068359375
1 0.541015625 0.435546875 0.0048828125 0.0068359375
1 0.4794921875 0.439453125 0.0048828125 0.005859375
1 0.41796875 0.4443359375 0.005859375 0.0078125
1 0.591796875 0.4345703125 0.0048828125 0.0068359375
2 0.3115234375 0.4521484375 0.005859375 0.0087890625
2 0.1904296875 0.4658203125 0.0087890625 0.01171875
2 0.3486328125 0.4482421875 0.005859375 0.0078125
2 0.6318359375 0.4326171875 0.0048828125 0.0068359375
2 0.4501953125 0.439453125 0.00390625 0.005859375
1 0.66796875 0.43359375 0.0048828125 0.0078125
1 0.853515625 0.4267578125 0.0068359375 0.0087890625
1 0.0703125 0.484375 0.015625 0.021484375