2 0.6796875 0.5107421875 0.0302734375 0.037109375
2 0.6044921875 0.4736328125 0.0166015625 0.021484375
2 0.6162109375 0.458984375 0.0107421875 0.0146484375
2 0.6845703125 0.4541015625 0.0087890625 0.01171875
2 0.73046875 0.451171875 0.0078125 0.009765625
2 0.736328125 0.4482421875 0.005859375 0.0078125
2 0.701171875 0.447265625 0.0048828125 0.0068359375
2 0.6630859375 0.4443359375 0.0048828125 0.0068359375
2 0.62890625 0.4404296875 0.00390625 0.005859375
2 0.6376953125 0.439453125 0.00390625 0.0048828125
2 0.654296875 0.4384765625 0.0029296875 0.00390625
2 0.689453125 0.4384765625 0.0029296875 0.00390625
2 0.734375 0.4384765625 0.00390625 0.00390625
2 0.7646484375 0.439453125 0.00390625 0.0048828125
2 0.7529296875 0.4404296875 0.00390625 0.0048828125
2 0.71875 0.44140625 0.00390625 0.0048828125
2 0.6875 0.4423828125 0.00390625 0.005859375
2 0.703125 0.443359375 0.0048828125 0.0068359375
2 0.7626953125 0.4453125 0.005859375 0.0078125
2 0.828125 0.447265625 0.005859375 0.0078125
2 0.8935546875 0.44921875 0.0078125 0.009765625
2 0.93359375 0.453125 0.0087890625 0.0107421875
2 0.8818359375 0.4638671875 0.013671875 0.0166015625
2 0.9169921875 0.4775390625 0.01953125 0.021484375
1 0.205078125 0.50390625 0.03125 0.0361328125
1 0.3408203125 0.46875 0.015625 0.0185546875
1 0.4453125 0.45703125 0.009765625 0.0126953125
1 0.517578125 0.4521484375 0.0087890625 0.0107421875
1 0.5927734375 0.4501953125 0.0068359375 0.0087890625
1 0.6259765625 0.447265625 0.005859375 0.0078125
1 0.5947265625 0.4453125 0.005859375 0.0078125
1 0.564453125 0.4443359375 0.0048828125 0.0068359375
1 0.548828125 0.4423828125 0.00390625 0.005859375
1 0.5546875 0.44140625 0.00390625 0.005859375
1 0.5625 0.439453125 0.0029296875 0.0048828125
1 0.5830078125 0.439453125 0.0029296875 0.00390625
1 0.599609375 0.4384765625 0.0029296875 0.00390625
1 0.630859375 0.4384765625 0.0029296875 0.0048828125
1 0.6826171875 0.4375 0.0029296875 0.00390625
1 0.740234375 0.4384765625 0.0029296875 0.00390625
1 0.79296875 0.439453125 0.001953125 0.00390625
1 0.826171875 0.44140625 0.00390625 0.0048828125
1 0.796875 0.4423828125 0.0029296875 0.0048828125
1 0.7578125 0.4423828125 0.00390625 0.0048828125
1 0.7998046875 0.4443359375 0.00390625 0.005859375
1 0.8623046875 0.4453125 0.005859375 0.0078125
1 0.9521484375 0.447265625 0.0068359375 0.0078125
2 0.9072265625 0.45703125 0.0107421875 0.0126953125