2 0.1728515625 0.4150390625 0.005859375 0.0087890625
2 0.251953125 0.419921875 0.0068359375 0.0087890625
2 0.3046875 0.4228515625 0.0078125 0.009765625
2 0.359375 0.4287109375 0.0087890625 0.01171875
2 0.4013671875 0.4375 0.0107421875 0.013671875
2 0.4619140625 0.447265625 0.0126953125 0.017578125
2 0.525390625 0.466796875 0.0205078125 0.025390625
2 0.5078125 0.49609375 0.0322265625 0.0400390625
2 0.626953125 0.59765625 0.0546875 0.05078125
2 0.0966796875 0.412109375 0.0078125 0.009765625
1 0.1640625 0.41796875 0.0078125 0.0107421875
1 0.2216796875 0.423828125 0.0107421875 0.0107421875
1 0.263671875 0.431640625 0.0126953125 0.0146484375
1 0.3095703125 0.443359375 0.0146484375 0.0185546875
1 0.248046875 0.4609375 0.0234375 0.02734375
1 0.0634765625 0.4150390625 0.0107421875 0.01171875