2 0.8857421875 0.5517578125 0.0576171875 0.060546875
2 0.49609375 0.498046875 0.0283203125 0.0341796875
2 0.306640625 0.470703125 0.0166015625 0.0205078125
2 0.255859375 0.4580078125 0.01171875 0.0146484375
2 0.26171875 0.44921875 0.0078125 0.0107421875
2 0.318359375 0.4453125 0.0078125 0.009765625
2 0.35546875 0.443359375 0.005859375 0.0087890625
2 0.361328125 0.44140625 0.0048828125 0.0078125
2 0.3349609375 0.4404296875 0.00390625 0.005859375
2 0.3017578125 0.4384765625 0.00390625 0.005859375
2 0.2705078125 0.4384765625 0.00390625 0.005859375
2 0.26953125 0.4345703125 0.0029296875 0.00390625
2 0.2783203125 0.4345703125 0.0029296875 0.00390625
2 0.2939453125 0.4345703125 0.0029296875 0.00390625
2 0.326171875 0.43359375 0.001953125 0.0029296875
2 0.3671875 0.43359375 0.0029296875 0.00390625
2 0.3916015625 0.4345703125 0.0029296875 0.00390625
2 0.380859375 0.435546875 0.0029296875 0.00390625
2 0.3515625 0.435546875 0.00390625 0.0048828125
2 0.32421875 0.4375 0.0029296875 0.0048828125
2 0.3369140625 0.4384765625 0.00390625 0.0048828125
2 0.384765625 0.4384765625 0.00390625 0.005859375
2 0.4326171875 0.439453125 0.00390625 0.005859375
2 0.474609375 0.4404296875 0.0048828125 0.0068359375
2 0.4951171875 0.4423828125 0.005859375 0.0078125
2 0.4501953125 0.44921875 0.0087890625 0.0107421875
2 0.4580078125 0.4560546875 0.0107421875 0.0126953125
2 0.55078125 0.4638671875 0.0126953125 0.017578125
2 0.75 0.4755859375 0.017578125 0.021484375
1 0.130859375 0.5947265625 0.052734375 0.0546875
1 0.0107421875 0.4599609375 0.0166015625 0.0166015625
1 0.09765625 0.4501953125 0.0107421875 0.0126953125
1 0.1650390625 0.4453125 0.0078125 0.009765625
1 0.2373046875 0.443359375 0.005859375 0.0087890625
1 0.267578125 0.44140625 0.0048828125 0.0078125
1 0.2373046875 0.4384765625 0.00390625 0.005859375
1 0.2060546875 0.4384765625 0.0048828125 0.0068359375
1 0.1884765625 0.4375 0.00390625 0.005859375
1 0.1943359375 0.4365234375 0.00390625 0.0048828125
1 0.201171875 0.435546875 0.0029296875 0.00390625
1 0.2216796875 0.435546875 0.0029296875 0.0029296875
1 0.23828125 0.4345703125 0.0029296875 0.00390625
1 0.3203125 0.43359375 0.001953125 0.0029296875
1 0.37109375 0.43359375 0.001953125 0.00390625
1 0.4140625 0.4345703125 0.0029296875 0.00390625
1 0.4404296875 0.4345703125 0.0029296875 0.00390625
1 0.4384765625 0.435546875 0.00390625 0.00390625
1 0.4140625 0.4375 0.00390625 0.005859375
1 0.458984375 0.4384765625 0.00390625 0.005859375
1 0.5146484375 0.439453125 0.0048828125 0.005859375
1 0.5576171875 0.4404296875 0.0048828125 0.005859375
1 0.5908203125 0.4423828125 0.005859375 0.0078125
1 0.5859375 0.4453125 0.0068359375 0.0087890625
1 0.5751953125 0.44921875 0.0078125 0.0107421875
1 0.6064453125 0.4541015625 0.0087890625 0.01171875
1 0.728515625 0.4599609375 0.01171875 0.0146484375
1 0.92578125 0.46875 0.0166015625 0.017578125
2 0.474609375 0.4453125 0.0068359375 0.0087890625