2 0.58203125 0.5390625 0.0439453125 0.0458984375
2 0.4345703125 0.4892578125 0.0234375 0.02734375
2 0.337890625 0.4697265625 0.0146484375 0.01953125
2 0.2568359375 0.4619140625 0.01171875 0.015625
2 0.20703125 0.4521484375 0.0078125 0.0107421875
2 0.2734375 0.4482421875 0.0068359375 0.0087890625
2 0.099609375 0.4501953125 0.005859375 0.0078125
2 0.1845703125 0.4462890625 0.0048828125 0.0068359375
2 0.255859375 0.4423828125 0.00390625 0.0068359375
2 0.314453125 0.44140625 0.00390625 0.005859375
2 0.359375 0.4423828125 0.00390625 0.005859375
2 0.37890625 0.443359375 0.0029296875 0.0048828125
2 0.375 0.4443359375 0.00390625 0.0068359375
2 0.3271484375 0.4462890625 0.005859375 0.0078125
1 0.29296875 0.443359375 0.0048828125 0.0068359375
1 0.244140625 0.4462890625 0.005859375 0.0078125
1 0.1708984375 0.4501953125 0.0068359375 0.0078125
1 0.1025390625 0.4541015625 0.0087890625 0.0107421875
1 0.068359375 0.4580078125 0.009765625 0.01171875
1 0.044921875 0.4619140625 0.0107421875 0.0146484375
1 0.052734375 0.466796875 0.0146484375 0.0166015625
1 0.1025390625 0.4775390625 0.01953125 0.0224609375
1 0.0859375 0.5087890625 0.033203125 0.03515625
1 0.2763671875 0.443359375 0.00390625 0.005859375
1 0.2294921875 0.4453125 0.0048828125 0.005859375
1 0.1630859375 0.4482421875 0.0048828125 0.0068359375
1 0.083984375 0.451171875 0.0068359375 0.0087890625