2 0.9892578125 0.4775390625 0.0205078125 0.04296875
2 0.7626953125 0.443359375 0.0166015625 0.0205078125
2 0.7138671875 0.4306640625 0.01171875 0.0146484375
2 0.720703125 0.4208984375 0.0078125 0.0107421875
2 0.779296875 0.4150390625 0.0078125 0.009765625
2 0.8212890625 0.4111328125 0.005859375 0.0087890625
2 0.8291015625 0.4091796875 0.005859375 0.0078125
2 0.7978515625 0.4091796875 0.00390625 0.0068359375
2 0.7626953125 0.408203125 0.0048828125 0.005859375
2 0.73046875 0.4091796875 0.00390625 0.005859375
2 0.7392578125 0.4052734375 0.0029296875 0.0048828125
2 0.755859375 0.404296875 0.0029296875 0.0048828125
2 0.7900390625 0.40234375 0.0029296875 0.00390625
2 0.8359375 0.400390625 0.0029296875 0.00390625
2 0.8662109375 0.400390625 0.00390625 0.0048828125
2 0.853515625 0.4013671875 0.0029296875 0.00390625
2 0.818359375 0.4033203125 0.00390625 0.0048828125
2 0.787109375 0.4052734375 0.00390625 0.0048828125
2 0.80078125 0.40625 0.00390625 0.005859375
2 0.857421875 0.4052734375 0.0048828125 0.0068359375
2 0.919921875 0.4033203125 0.0048828125 0.0078125
2 0.9794921875 0.4033203125 0.0068359375 0.0087890625
2 0.94140625 0.4150390625 0.0107421875 0.0126953125
2 0.9521484375 0.421875 0.0126953125 0.015625
1 0.591796875 0.572265625 0.0615234375 0.07421875
1 0.5009765625 0.4775390625 0.0263671875 0.0302734375
1 0.4921875 0.4501953125 0.0146484375 0.01953125
1 0.5234375 0.4345703125 0.009765625 0.0126953125
1 0.583984375 0.4248046875 0.0078125 0.009765625
1 0.6357421875 0.419921875 0.0068359375 0.0087890625
1 0.7275390625 0.412109375 0.0048828125 0.0068359375
1 0.69921875 0.412109375 0.00390625 0.005859375
1 0.671875 0.412109375 0.00390625 0.005859375
1 0.65625 0.4111328125 0.0029296875 0.0048828125
1 0.6611328125 0.41015625 0.0029296875 0.0048828125
1 0.6669921875 0.4091796875 0.0029296875 0.00390625
1 0.685546875 0.4072265625 0.0029296875 0.00390625
1 0.701171875 0.40625 0.0029296875 0.00390625
1 0.732421875 0.404296875 0.0029296875 0.00390625
1 0.7841796875 0.40234375 0.001953125 0.00390625
1 0.841796875 0.400390625 0.0029296875 0.00390625
1 0.896484375 0.3984375 0.0029296875 0.0048828125
1 0.9306640625 0.3974609375 0.0029296875 0.0029296875
1 0.927734375 0.3984375 0.00390625 0.0048828125
1 0.8955078125 0.40234375 0.00390625 0.005859375
1 0.9560546875 0.400390625 0.0048828125 0.005859375
2 0.9775390625 0.408203125 0.0087890625 0.01171875