2 0.9345703125 0.423828125 0.0078125 0.0107421875
2 0.79296875 0.4296875 0.0068359375 0.009765625
2 0.6845703125 0.4365234375 0.0078125 0.0107421875
2 0.5703125 0.44140625 0.0087890625 0.01171875
2 0.4423828125 0.447265625 0.0087890625 0.0126953125
2 0.291015625 0.455078125 0.009765625 0.013671875
2 0.119140625 0.4638671875 0.0107421875 0.015625
1 0.1123046875 0.470703125 0.0185546875 0.0205078125
1 0.333984375 0.45703125 0.013671875 0.015625
1 0.5146484375 0.447265625 0.01171875 0.013671875
1 0.650390625 0.4404296875 0.009765625 0.0126953125
1 0.7763671875 0.4345703125 0.009765625 0.0126953125
1 0.9091796875 0.4287109375 0.0107421875 0.0126953125
1 0.99609375 0.4306640625 0.005859375 0.0166015625
1 0.96875 0.4482421875 0.0205078125 0.0224609375
1 0.8955078125 0.46875 0.02734375 0.03125
1 0.7587890625 0.5234375 0.0478515625 0.0556640625