1 0.9345703125 0.4853515625 0.0361328125 0.0361328125
2 0.958984375 0.43359375 0.0107421875 0.0126953125
1 0.703125 0.5380859375 0.0546875 0.0517578125
1 0.1611328125 0.4716796875 0.013671875 0.015625
1 0.3740234375 0.4501953125 0.0087890625 0.0107421875
1 0.9013671875 0.4375 0.0107421875 0.013671875
2 0.59375 0.431640625 0.005859375 0.0078125
1 0.4794921875 0.4404296875 0.005859375 0.0087890625
2 0.1845703125 0.4619140625 0.0107421875 0.0126953125
2 0.033203125 0.4755859375 0.0146484375 0.015625
1 0.77734375 0.4375 0.0087890625 0.0107421875
1 0.53515625 0.4365234375 0.005859375 0.0078125
1 0.6123046875 0.4345703125 0.0068359375 0.0078125
2 0.7392578125 0.431640625 0.0068359375 0.009765625
2 0.8251953125 0.43359375 0.0078125 0.0107421875
1 0.2880859375 0.4599609375 0.009765625 0.0126953125
2 0.3623046875 0.4462890625 0.0068359375 0.0087890625
2 0.513671875 0.435546875 0.005859375 0.0078125
1 0.673828125 0.435546875 0.0068359375 0.0087890625
1 0.435546875 0.4443359375 0.0068359375 0.0087890625
2 0.666015625 0.4306640625 0.005859375 0.0078125
2 0.4384765625 0.4404296875 0.005859375 0.0078125
2 0.291015625 0.453125 0.0068359375 0.009765625