2 0.5712890625 0.5107421875 0.0361328125 0.041015625
2 0.361328125 0.47265625 0.017578125 0.0224609375
2 0.314453125 0.45703125 0.0126953125 0.015625
2 0.32421875 0.4482421875 0.0078125 0.0107421875
2 0.3818359375 0.4443359375 0.0078125 0.009765625
2 0.419921875 0.4423828125 0.005859375 0.0078125
2 0.42578125 0.439453125 0.005859375 0.0078125
2 0.3994140625 0.4384765625 0.0048828125 0.0068359375
2 0.3671875 0.4375 0.0048828125 0.005859375
2 0.3369140625 0.4345703125 0.00390625 0.005859375
2 0.345703125 0.4326171875 0.0029296875 0.00390625
2 0.361328125 0.431640625 0.0029296875 0.00390625
2 0.392578125 0.431640625 0.001953125 0.00390625
2 0.431640625 0.4326171875 0.001953125 0.00390625
2 0.45703125 0.4326171875 0.0029296875 0.00390625
2 0.4462890625 0.43359375 0.0029296875 0.00390625
2 0.41796875 0.4345703125 0.00390625 0.0048828125
2 0.390625 0.435546875 0.00390625 0.0048828125
2 0.40234375 0.435546875 0.00390625 0.005859375
2 0.4501953125 0.4375 0.00390625 0.005859375
2 0.4990234375 0.4384765625 0.00390625 0.005859375
2 0.541015625 0.439453125 0.0048828125 0.0068359375
2 0.5634765625 0.4423828125 0.005859375 0.0078125
2 0.515625 0.44921875 0.0078125 0.0107421875
2 0.5244140625 0.4560546875 0.0107421875 0.013671875
2 0.626953125 0.4658203125 0.0146484375 0.0185546875
2 0.8671875 0.482421875 0.0224609375 0.025390625
1 0.005859375 0.5263671875 0.009765625 0.037109375
1 0.0087890625 0.4794921875 0.017578125 0.02734375
1 0.0712890625 0.4580078125 0.015625 0.0166015625
1 0.1640625 0.4482421875 0.0107421875 0.0126953125
1 0.2314453125 0.443359375 0.0087890625 0.009765625
1 0.302734375 0.44140625 0.005859375 0.0087890625
1 0.3330078125 0.439453125 0.005859375 0.0078125
1 0.2744140625 0.4365234375 0.00390625 0.005859375
1 0.2578125 0.435546875 0.00390625 0.005859375
1 0.263671875 0.4345703125 0.00390625 0.0048828125
1 0.271484375 0.43359375 0.0029296875 0.00390625
1 0.2919921875 0.4326171875 0.0029296875 0.00390625
1 0.3076171875 0.431640625 0.001953125 0.00390625
1 0.3388671875 0.431640625 0.001953125 0.00390625
1 0.38671875 0.431640625 0.001953125 0.0029296875
1 0.4365234375 0.431640625 0.001953125 0.0029296875
1 0.48046875 0.4326171875 0.001953125 0.00390625
1 0.505859375 0.4326171875 0.0029296875 0.00390625
1 0.50390625 0.43359375 0.0029296875 0.00390625
1 0.4794921875 0.435546875 0.00390625 0.005859375
1 0.44921875 0.43359375 0.001953125 0.00390625
1 0.5244140625 0.4365234375 0.00390625 0.005859375
1 0.5830078125 0.4375 0.0048828125 0.005859375
1 0.6279296875 0.439453125 0.005859375 0.0068359375
1 0.6650390625 0.4423828125 0.005859375 0.0078125
1 0.66015625 0.4453125 0.0068359375 0.0087890625
1 0.650390625 0.44921875 0.0087890625 0.0107421875
1 0.685546875 0.455078125 0.0107421875 0.013671875
1 0.8271484375 0.462890625 0.0146484375 0.0166015625
2 0.541015625 0.4443359375 0.0068359375 0.0087890625