2 0.412109375 0.439453125 0.005859375 0.0078125
2 0.4111328125 0.443359375 0.005859375 0.0078125
2 0.3994140625 0.447265625 0.0078125 0.0107421875
2 0.3876953125 0.4521484375 0.009765625 0.0126953125
2 0.4833984375 0.45703125 0.01171875 0.0146484375
2 0.666015625 0.466796875 0.0146484375 0.0185546875
2 0.966796875 0.4892578125 0.02734375 0.02734375
2 0.6904296875 0.5146484375 0.037109375 0.0400390625
2 0.44140625 0.4794921875 0.01953125 0.0244140625
2 0.2734375 0.466796875 0.0166015625 0.01953125
2 0.193359375 0.458984375 0.013671875 0.0166015625
2 0.162109375 0.4521484375 0.0107421875 0.013671875
2 0.1748046875 0.447265625 0.0087890625 0.0107421875
2 0.2265625 0.4423828125 0.0068359375 0.0087890625
2 0.234375 0.439453125 0.005859375 0.0078125
2 0.1796875 0.4384765625 0.0048828125 0.0078125
2 0.1376953125 0.4375 0.005859375 0.0078125
2 0.1904296875 0.435546875 0.00390625 0.005859375
2 0.2548828125 0.435546875 0.00390625 0.0048828125
2 0.3115234375 0.435546875 0.00390625 0.0048828125
2 0.3544921875 0.435546875 0.00390625 0.0048828125
2 0.3935546875 0.4365234375 0.00390625 0.0048828125
1 0.490234375 0.4404296875 0.0048828125 0.0068359375
1 0.5068359375 0.4423828125 0.005859375 0.0078125
1 0.5107421875 0.4462890625 0.0068359375 0.0087890625
1 0.521484375 0.4501953125 0.0087890625 0.0107421875
1 0.6455078125 0.4541015625 0.0107421875 0.013671875
1 0.8046875 0.4609375 0.013671875 0.0146484375
1 0.1435546875 0.544921875 0.0537109375 0.05859375
1 0.0205078125 0.49609375 0.0361328125 0.03515625
1 0.015625 0.447265625 0.0107421875 0.01171875
1 0.064453125 0.4443359375 0.0087890625 0.009765625
1 0.119140625 0.44140625 0.0078125 0.0087890625
1 0.0537109375 0.439453125 0.0068359375 0.0078125
1 0.0283203125 0.4375 0.0068359375 0.0078125
1 0.08203125 0.435546875 0.0048828125 0.005859375
1 0.1640625 0.4345703125 0.00390625 0.0048828125
1 0.2509765625 0.4345703125 0.0029296875 0.00390625
1 0.328125 0.4345703125 0.00390625 0.00390625
1 0.3916015625 0.4345703125 0.0029296875 0.00390625
1 0.4306640625 0.435546875 0.0029296875 0.0048828125
1 0.4619140625 0.4375 0.00390625 0.005859375
1 0.4833984375 0.4384765625 0.00390625 0.005859375