2 0.564453125 0.486328125 0.0185546875 0.0234375
1 0.2333984375 0.5224609375 0.0322265625 0.0390625
2 0.6767578125 0.5224609375 0.0361328125 0.041015625
1 0.38671875 0.478515625 0.013671875 0.0166015625
1 0.443359375 0.470703125 0.0107421875 0.013671875
2 0.5751953125 0.4736328125 0.0126953125 0.0166015625
2 0.7490234375 0.462890625 0.009765625 0.0126953125
1 0.3154296875 0.4921875 0.01953125 0.0234375
2 0.671875 0.4658203125 0.0107421875 0.013671875
2 0.0498046875 0.462890625 0.0068359375 0.0078125
1 0.626953125 0.4599609375 0.0078125 0.009765625
1 0.6083984375 0.45703125 0.005859375 0.0078125
2 0.5595703125 0.4560546875 0.005859375 0.0078125
1 0.0859375 0.4638671875 0.0078125 0.0087890625
2 0.3759765625 0.462890625 0.005859375 0.0078125
1 0.5341796875 0.46484375 0.0087890625 0.0107421875
1 0.3447265625 0.46484375 0.0078125 0.0087890625
2 0.1376953125 0.4609375 0.005859375 0.0087890625
1 0.158203125 0.4638671875 0.0068359375 0.0087890625
2 0.470703125 0.4599609375 0.005859375 0.0078125
2 0.6396484375 0.4541015625 0.005859375 0.0078125
2 0.78125 0.455078125 0.0068359375 0.0087890625
2 0.712890625 0.453125 0.005859375 0.0087890625
2 0.2138671875 0.4619140625 0.005859375 0.0087890625
1 0.666015625 0.455078125 0.005859375 0.0078125
2 0.287109375 0.462890625 0.0068359375 0.0087890625
2 0.8203125 0.4609375 0.0087890625 0.01171875
1 0.44921875 0.4619140625 0.0068359375 0.0087890625
1 0.2548828125 0.46484375 0.0068359375 0.0087890625
1 0.69140625 0.45703125 0.0078125 0.009765625
1 0.533203125 0.458984375 0.005859375 0.0087890625
2 0.8154296875 0.4580078125 0.0087890625 0.0107421875