2 0.9951171875 0.576171875 0.0087890625 0.0458984375
2 0.90625 0.5 0.0302734375 0.03125
2 0.9580078125 0.4765625 0.01953125 0.021484375
2 0.9267578125 0.46484375 0.013671875 0.015625
2 0.806640625 0.4580078125 0.0107421875 0.0126953125
2 0.7353515625 0.453125 0.0087890625 0.01171875
2 0.7314453125 0.4501953125 0.0078125 0.009765625
2 0.7998046875 0.44921875 0.0068359375 0.0087890625
2 0.896484375 0.4501953125 0.0078125 0.0087890625
2 0.998046875 0.451171875 0.0029296875 0.009765625
1 0.365234375 0.5166015625 0.0400390625 0.0439453125
1 0.5556640625 0.48046875 0.0205078125 0.0234375
1 0.6416015625 0.4697265625 0.0146484375 0.0185546875
1 0.7236328125 0.4638671875 0.0126953125 0.015625
1 0.626953125 0.4560546875 0.0107421875 0.0126953125
1 0.5986328125 0.4501953125 0.0078125 0.0107421875
1 0.658203125 0.4462890625 0.0068359375 0.0078125
1 0.755859375 0.4462890625 0.005859375 0.0078125
1 0.87890625 0.4443359375 0.00390625 0.0048828125