2 0.4296875 0.4404296875 0.00390625 0.0068359375
2 0.423828125 0.4443359375 0.005859375 0.0078125
2 0.4189453125 0.447265625 0.0078125 0.009765625
2 0.494140625 0.451171875 0.0087890625 0.01171875
2 0.6259765625 0.45703125 0.009765625 0.0126953125
2 0.80078125 0.466796875 0.0146484375 0.0166015625
2 0.7685546875 0.5029296875 0.0302734375 0.03515625
2 0.6142578125 0.474609375 0.017578125 0.021484375
2 0.4716796875 0.4619140625 0.01171875 0.015625
2 0.3505859375 0.4560546875 0.0107421875 0.013671875
2 0.2822265625 0.451171875 0.009765625 0.0126953125
2 0.248046875 0.4482421875 0.0078125 0.009765625
2 0.2783203125 0.4404296875 0.005859375 0.0078125
2 0.23046875 0.4375 0.0048828125 0.0068359375
2 0.1923828125 0.4375 0.0048828125 0.0068359375
2 0.189453125 0.4365234375 0.00390625 0.005859375
2 0.28515625 0.435546875 0.0029296875 0.0048828125
2 0.3349609375 0.435546875 0.0029296875 0.0048828125
2 0.3740234375 0.435546875 0.0029296875 0.00390625
2 0.4091796875 0.4365234375 0.0029296875 0.0048828125
2 0.42578125 0.4375 0.00390625 0.005859375
1 0.49609375 0.439453125 0.00390625 0.005859375
1 0.5107421875 0.44140625 0.0048828125 0.005859375
1 0.513671875 0.4443359375 0.005859375 0.0078125
1 0.5234375 0.447265625 0.0068359375 0.0087890625
1 0.619140625 0.44921875 0.0078125 0.0087890625
1 0.734375 0.453125 0.009765625 0.0107421875
1 0.94921875 0.462890625 0.0126953125 0.013671875
1 0.3603515625 0.5107421875 0.03515625 0.041015625
1 0.3544921875 0.48046875 0.0185546875 0.0244140625
1 0.23828125 0.466796875 0.0166015625 0.01953125
1 0.1513671875 0.458984375 0.013671875 0.015625
1 0.087890625 0.4521484375 0.01171875 0.013671875
1 0.09375 0.4482421875 0.0087890625 0.0107421875
1 0.123046875 0.4443359375 0.0068359375 0.0087890625
1 0.1513671875 0.44140625 0.0078125 0.0078125
1 0.1875 0.439453125 0.005859375 0.0078125
1 0.1298828125 0.4384765625 0.0048828125 0.0068359375
1 0.1015625 0.4365234375 0.005859375 0.0068359375
1 0.1376953125 0.435546875 0.00390625 0.005859375
1 0.2041015625 0.4345703125 0.00390625 0.0048828125
1 0.279296875 0.435546875 0.00390625 0.0048828125
1 0.34765625 0.4345703125 0.0029296875 0.00390625
1 0.4052734375 0.435546875 0.0029296875 0.00390625
1 0.44140625 0.4365234375 0.0029296875 0.00390625
1 0.470703125 0.4375 0.00390625 0.0048828125
1 0.4892578125 0.4384765625 0.00390625 0.005859375