2 0.798828125 0.51953125 0.0390625 0.044921875
2 0.6826171875 0.48046875 0.0224609375 0.025390625
2 0.5068359375 0.466796875 0.0146484375 0.01953125
2 0.3759765625 0.4560546875 0.0107421875 0.0146484375
2 0.32421875 0.44921875 0.0078125 0.0107421875
2 0.3154296875 0.4443359375 0.005859375 0.0087890625
2 0.353515625 0.44140625 0.005859375 0.0078125
2 0.3818359375 0.4404296875 0.0048828125 0.0068359375
2 0.3583984375 0.4365234375 0.00390625 0.005859375
2 0.3291015625 0.4365234375 0.00390625 0.0048828125
2 0.2998046875 0.4365234375 0.00390625 0.0048828125
2 0.2939453125 0.4345703125 0.0029296875 0.00390625
2 0.30078125 0.43359375 0.0029296875 0.00390625
2 0.314453125 0.43359375 0.001953125 0.0029296875
2 0.3427734375 0.4326171875 0.001953125 0.00390625
2 0.37890625 0.4326171875 0.001953125 0.00390625
2 0.4033203125 0.4326171875 0.0029296875 0.00390625
2 0.39453125 0.43359375 0.0029296875 0.00390625
2 0.369140625 0.4345703125 0.0029296875 0.00390625
2 0.345703125 0.435546875 0.0029296875 0.0048828125
2 0.4013671875 0.4365234375 0.00390625 0.005859375
2 0.4443359375 0.4375 0.00390625 0.0048828125
2 0.4990234375 0.439453125 0.0048828125 0.005859375
2 0.4638671875 0.4443359375 0.0068359375 0.0087890625
2 0.47265625 0.4482421875 0.0068359375 0.009765625
2 0.5419921875 0.453125 0.0087890625 0.0126953125
2 0.6748046875 0.458984375 0.01171875 0.0146484375
2 0.8173828125 0.4658203125 0.013671875 0.0166015625
1 0.26953125 0.5478515625 0.0498046875 0.05859375
1 0.3876953125 0.4892578125 0.0224609375 0.0283203125
1 0.2392578125 0.470703125 0.017578125 0.0205078125
1 0.1708984375 0.458984375 0.0146484375 0.0166015625
1 0.15234375 0.4501953125 0.0107421875 0.0126953125
1 0.1904296875 0.4443359375 0.0078125 0.009765625
1 0.23046875 0.4423828125 0.005859375 0.0078125
1 0.2841796875 0.4404296875 0.0048828125 0.0068359375
1 0.3046875 0.4384765625 0.00390625 0.005859375
1 0.2763671875 0.4375 0.00390625 0.005859375
1 0.248046875 0.4375 0.00390625 0.005859375
1 0.2294921875 0.4365234375 0.00390625 0.0048828125
1 0.232421875 0.4345703125 0.00390625 0.00390625
1 0.25 0.43359375 0.0029296875 0.0029296875
1 0.2626953125 0.4326171875 0.001953125 0.0029296875
1 0.291015625 0.4326171875 0.001953125 0.0029296875
1 0.3359375 0.431640625 0.001953125 0.0029296875
1 0.3828125 0.4326171875 0.001953125 0.00390625
1 0.423828125 0.43359375 0.001953125 0.00390625
1 0.447265625 0.43359375 0.0029296875 0.00390625
1 0.4267578125 0.435546875 0.0029296875 0.0048828125
1 0.4658203125 0.4365234375 0.00390625 0.0048828125
1 0.515625 0.4375 0.00390625 0.005859375
1 0.552734375 0.4384765625 0.0048828125 0.005859375
1 0.5810546875 0.439453125 0.0048828125 0.005859375
1 0.5751953125 0.44140625 0.0048828125 0.0068359375
1 0.5654296875 0.4443359375 0.0068359375 0.0078125
1 0.5869140625 0.447265625 0.0078125 0.0087890625
1 0.6767578125 0.4501953125 0.0078125 0.009765625
1 0.806640625 0.4560546875 0.009765625 0.01171875
1 0.990234375 0.4619140625 0.0146484375 0.0146484375
2 0.482421875 0.44140625 0.0048828125 0.0078125