2 0.2314453125 0.4541015625 0.0205078125 0.0244140625
2 0.2236328125 0.484375 0.0361328125 0.0400390625
1 0.009765625 0.447265625 0.0185546875 0.021484375
1 0.291015625 0.4306640625 0.0107421875 0.0126953125
1 0.1650390625 0.435546875 0.013671875 0.0146484375
2 0.3544921875 0.44140625 0.0126953125 0.0166015625
2 0.4326171875 0.4365234375 0.0107421875 0.0146484375
2 0.49609375 0.4345703125 0.0087890625 0.01171875
1 0.03125 0.427734375 0.0107421875 0.0126953125
2 0.4501953125 0.4267578125 0.0068359375 0.0087890625
2 0.2978515625 0.4208984375 0.0078125 0.0087890625
1 0.263671875 0.4248046875 0.0078125 0.009765625
1 0.33203125 0.4248046875 0.0078125 0.009765625
1 0.162109375 0.4267578125 0.0087890625 0.0107421875
2 0.068359375 0.4248046875 0.0087890625 0.0107421875
2 0.498046875 0.58984375 0.0615234375 0.06640625
2 0.197265625 0.421875 0.0078125 0.009765625
2 0.486328125 0.4306640625 0.0078125 0.0107421875
2 0.380859375 0.4228515625 0.005859375 0.0087890625
1 0.3623046875 0.427734375 0.0078125 0.0107421875