1 0.6064453125 0.5419921875 0.05078125 0.0595703125
1 0.78515625 0.482421875 0.0302734375 0.033203125
1 0.9130859375 0.458984375 0.0224609375 0.0234375
1 0.34375 0.45703125 0.0087890625 0.0107421875
1 0.2529296875 0.4677734375 0.0107421875 0.0126953125
2 0.326171875 0.453125 0.0068359375 0.009765625
1 0.5400390625 0.4375 0.005859375 0.0078125
1 0.8701171875 0.43359375 0.0087890625 0.0107421875
1 0.4091796875 0.4501953125 0.0078125 0.0087890625
1 0.6689453125 0.4345703125 0.005859375 0.0078125
2 0.3837890625 0.447265625 0.005859375 0.0087890625
2 0.9169921875 0.4296875 0.0087890625 0.0107421875
1 0.611328125 0.4345703125 0.005859375 0.0068359375
2 0.2431640625 0.4619140625 0.0087890625 0.0107421875
2 0.5888671875 0.43359375 0.005859375 0.0068359375
2 0.4482421875 0.4423828125 0.005859375 0.0078125
1 0.4912109375 0.44140625 0.005859375 0.0078125
2 0.515625 0.4375 0.0048828125 0.0068359375
2 0.65625 0.431640625 0.005859375 0.0078125
2 0.7255859375 0.431640625 0.0068359375 0.0087890625
1 0.455078125 0.4453125 0.005859375 0.0078125
1 0.076171875 0.4853515625 0.0166015625 0.0185546875
1 0.7626953125 0.4345703125 0.0078125 0.0087890625
2 0.802734375 0.431640625 0.0078125 0.009765625
2 0.130859375 0.47265625 0.0107421875 0.013671875