2 0.990234375 0.59375 0.0185546875 0.05859375
2 0.7158203125 0.501953125 0.0322265625 0.03515625
2 0.474609375 0.4775390625 0.01953125 0.025390625
2 0.3173828125 0.4609375 0.0126953125 0.0166015625
2 0.2626953125 0.4521484375 0.009765625 0.0126953125
2 0.2587890625 0.4453125 0.0068359375 0.0087890625
2 0.306640625 0.4423828125 0.0068359375 0.0087890625
2 0.3388671875 0.4404296875 0.005859375 0.0078125
2 0.3427734375 0.4384765625 0.0048828125 0.0068359375
2 0.31640625 0.435546875 0.00390625 0.005859375
2 0.2841796875 0.4365234375 0.0048828125 0.005859375
2 0.2529296875 0.435546875 0.00390625 0.005859375
2 0.2490234375 0.43359375 0.0029296875 0.00390625
2 0.2568359375 0.4326171875 0.0029296875 0.00390625
2 0.2724609375 0.431640625 0.0029296875 0.00390625
2 0.3037109375 0.431640625 0.001953125 0.00390625
2 0.3427734375 0.431640625 0.0029296875 0.00390625
2 0.3671875 0.4326171875 0.0029296875 0.00390625
2 0.357421875 0.43359375 0.0029296875 0.00390625
2 0.330078125 0.43359375 0.0029296875 0.0048828125
2 0.3046875 0.4345703125 0.00390625 0.0048828125
2 0.36328125 0.4365234375 0.00390625 0.005859375
2 0.4091796875 0.4375 0.00390625 0.005859375
2 0.44921875 0.4384765625 0.00390625 0.005859375
2 0.46875 0.4404296875 0.0048828125 0.0068359375
2 0.4287109375 0.4453125 0.0078125 0.009765625
2 0.4375 0.4501953125 0.0087890625 0.01171875
2 0.517578125 0.4560546875 0.0107421875 0.0146484375
2 0.6748046875 0.46484375 0.013671875 0.0166015625
2 0.8525390625 0.474609375 0.017578125 0.0205078125
1 0.29296875 0.521484375 0.037109375 0.044921875
1 0.11328125 0.484375 0.025390625 0.0283203125
1 0.0498046875 0.4638671875 0.017578125 0.021484375
1 0.05078125 0.453125 0.0126953125 0.015625
1 0.111328125 0.4453125 0.009765625 0.0107421875
1 0.1650390625 0.4423828125 0.0078125 0.0087890625
1 0.228515625 0.4404296875 0.005859375 0.0078125
1 0.2548828125 0.439453125 0.00390625 0.0068359375
1 0.224609375 0.4375 0.0048828125 0.0068359375
1 0.193359375 0.4365234375 0.00390625 0.005859375
1 0.173828125 0.435546875 0.00390625 0.0048828125
1 0.1767578125 0.4345703125 0.00390625 0.0048828125
1 0.1826171875 0.43359375 0.0029296875 0.00390625
1 0.201171875 0.4326171875 0.0029296875 0.00390625
1 0.216796875 0.431640625 0.001953125 0.00390625
1 0.296875 0.431640625 0.001953125 0.00390625
1 0.345703125 0.431640625 0.001953125 0.00390625
1 0.3896484375 0.4326171875 0.0029296875 0.00390625
1 0.4130859375 0.43359375 0.0029296875 0.00390625
1 0.390625 0.435546875 0.00390625 0.005859375
1 0.359375 0.4345703125 0.0029296875 0.0048828125
1 0.4326171875 0.4365234375 0.00390625 0.0048828125
1 0.4853515625 0.4375 0.0048828125 0.005859375
1 0.525390625 0.4384765625 0.0048828125 0.005859375
1 0.5556640625 0.4404296875 0.0048828125 0.005859375
1 0.55078125 0.443359375 0.005859375 0.0078125
1 0.541015625 0.4453125 0.0078125 0.0087890625
1 0.56640625 0.4501953125 0.0078125 0.0107421875
1 0.66796875 0.4541015625 0.0087890625 0.01171875
1 0.8203125 0.4609375 0.01171875 0.013671875
2 0.44921875 0.4423828125 0.005859375 0.0078125