2 0.1025390625 0.431640625 0.0029296875 0.0048828125
2 0.087890625 0.4326171875 0.0029296875 0.0048828125
2 0.06640625 0.43359375 0.00390625 0.005859375
2 0.046875 0.435546875 0.0048828125 0.005859375
2 0.0859375 0.4365234375 0.0048828125 0.0068359375
2 0.1416015625 0.4375 0.0048828125 0.0068359375
2 0.1875 0.4384765625 0.005859375 0.0078125
2 0.224609375 0.44140625 0.0068359375 0.0087890625
2 0.2021484375 0.4453125 0.0078125 0.0107421875
2 0.169921875 0.44921875 0.009765625 0.0126953125
2 0.177734375 0.4560546875 0.0126953125 0.0146484375
2 0.2763671875 0.4609375 0.0146484375 0.017578125
2 0.4189453125 0.4658203125 0.015625 0.01953125
2 0.59765625 0.470703125 0.0166015625 0.021484375
2 0.9365234375 0.498046875 0.03125 0.033203125
2 0.7236328125 0.5205078125 0.041015625 0.0458984375
2 0.4130859375 0.486328125 0.025390625 0.029296875
2 0.1328125 0.4775390625 0.0244140625 0.025390625
2 0.044921875 0.443359375 0.0087890625 0.0107421875
2 0.0595703125 0.4404296875 0.0068359375 0.0087890625
2 0.0244140625 0.4384765625 0.0068359375 0.0078125
2 0.0390625 0.4296875 0.0029296875 0.00390625
2 0.07421875 0.4296875 0.0029296875 0.00390625
2 0.109375 0.431640625 0.0029296875 0.00390625
1 0.1611328125 0.431640625 0.0029296875 0.00390625
1 0.1572265625 0.431640625 0.0029296875 0.00390625
1 0.1298828125 0.4345703125 0.00390625 0.005859375
1 0.1796875 0.4345703125 0.00390625 0.0048828125
1 0.2275390625 0.435546875 0.0048828125 0.005859375
1 0.2880859375 0.4384765625 0.005859375 0.0078125
1 0.328125 0.4404296875 0.005859375 0.0078125
1 0.349609375 0.443359375 0.0068359375 0.0087890625
1 0.3359375 0.447265625 0.0087890625 0.0107421875
1 0.3525390625 0.4521484375 0.0107421875 0.0126953125
1 0.4560546875 0.4541015625 0.01171875 0.013671875
1 0.583984375 0.45703125 0.01171875 0.0146484375
1 0.75390625 0.462890625 0.0126953125 0.0166015625
1 0.2109375 0.5888671875 0.0634765625 0.06640625
1 0.056640625 0.4296875 0.0029296875 0.0029296875
1 0.111328125 0.4287109375 0.001953125 0.00390625
1 0.1376953125 0.4306640625 0.001953125 0.0029296875
1 0.1650390625 0.431640625 0.001953125 0.0029296875