2 0.787109375 0.5322265625 0.0390625 0.046875
2 0.6572265625 0.4814453125 0.0205078125 0.0234375
2 0.6162109375 0.466796875 0.0126953125 0.0166015625
2 0.49609375 0.458984375 0.0107421875 0.0146484375
2 0.3935546875 0.4521484375 0.0078125 0.0107421875
2 0.345703125 0.447265625 0.0068359375 0.0087890625
2 0.3330078125 0.4443359375 0.0048828125 0.0078125
2 0.36328125 0.4423828125 0.0048828125 0.0068359375
2 0.38671875 0.4404296875 0.0048828125 0.0068359375
2 0.3642578125 0.4384765625 0.0029296875 0.0048828125
2 0.3359375 0.4384765625 0.0029296875 0.0048828125
2 0.30859375 0.4375 0.0029296875 0.00390625
2 0.3056640625 0.435546875 0.0029296875 0.00390625
2 0.30078125 0.435546875 0.0029296875 0.00390625
2 0.3173828125 0.4345703125 0.001953125 0.00390625
2 0.34375 0.4345703125 0.001953125 0.0029296875
2 0.37890625 0.4345703125 0.001953125 0.0029296875
2 0.400390625 0.4345703125 0.001953125 0.00390625
2 0.392578125 0.435546875 0.0029296875 0.00390625
2 0.3701171875 0.4365234375 0.0029296875 0.00390625
2 0.3486328125 0.4365234375 0.0029296875 0.00390625
2 0.361328125 0.4375 0.0029296875 0.0048828125
2 0.4013671875 0.4384765625 0.00390625 0.0048828125
2 0.4404296875 0.439453125 0.0029296875 0.0048828125
2 0.4736328125 0.439453125 0.00390625 0.005859375
2 0.4912109375 0.44140625 0.00390625 0.005859375
2 0.4599609375 0.4443359375 0.005859375 0.0068359375
2 0.4677734375 0.447265625 0.005859375 0.0087890625
2 0.525390625 0.451171875 0.0078125 0.009765625
2 0.6279296875 0.455078125 0.0087890625 0.01171875
2 0.73046875 0.4599609375 0.009765625 0.0126953125
2 0.859375 0.4658203125 0.0126953125 0.015625
1 0.150390625 0.56640625 0.0625 0.064453125
1 0.376953125 0.48828125 0.021484375 0.02734375
1 0.4169921875 0.4697265625 0.0146484375 0.0185546875
1 0.3037109375 0.4599609375 0.0126953125 0.0146484375
1 0.23828125 0.453125 0.0087890625 0.01171875
1 0.2060546875 0.447265625 0.0078125 0.009765625
1 0.2265625 0.443359375 0.005859375 0.0078125
1 0.2568359375 0.44140625 0.0048828125 0.0068359375
1 0.2998046875 0.4404296875 0.00390625 0.005859375
1 0.31640625 0.439453125 0.00390625 0.0048828125
1 0.2900390625 0.4384765625 0.00390625 0.0048828125
1 0.2626953125 0.4375 0.0029296875 0.0048828125
1 0.2431640625 0.4365234375 0.00390625 0.0048828125
1 0.2578125 0.435546875 0.001953125 0.00390625
1 0.2685546875 0.4345703125 0.001953125 0.00390625
1 0.294921875 0.43359375 0.001953125 0.0029296875
1 0.3369140625 0.43359375 0.001953125 0.0029296875
1 0.3798828125 0.4345703125 0.001953125 0.0029296875
1 0.4189453125 0.4345703125 0.001953125 0.00390625
1 0.44140625 0.435546875 0.001953125 0.00390625
1 0.4228515625 0.4375 0.0029296875 0.0048828125
1 0.3974609375 0.4365234375 0.0029296875 0.00390625
1 0.4599609375 0.4384765625 0.0029296875 0.00390625
1 0.505859375 0.4384765625 0.00390625 0.005859375
1 0.5390625 0.4404296875 0.00390625 0.0048828125
1 0.5634765625 0.44140625 0.00390625 0.005859375
1 0.5576171875 0.443359375 0.00390625 0.005859375
1 0.546875 0.4453125 0.0048828125 0.0068359375
1 0.5654296875 0.447265625 0.0068359375 0.0078125
1 0.63671875 0.4501953125 0.0068359375 0.0087890625
1 0.7373046875 0.4541015625 0.0068359375 0.0087890625
1 0.869140625 0.4580078125 0.0087890625 0.0107421875