2 0.8115234375 0.525390625 0.0400390625 0.0478515625
2 0.67578125 0.482421875 0.0224609375 0.025390625
2 0.4912109375 0.4677734375 0.0166015625 0.0205078125
2 0.3544921875 0.4560546875 0.0107421875 0.0146484375
2 0.2998046875 0.44921875 0.0087890625 0.0107421875
2 0.291015625 0.443359375 0.0068359375 0.0087890625
2 0.3310546875 0.4404296875 0.005859375 0.0078125
2 0.3603515625 0.439453125 0.005859375 0.0068359375
2 0.3623046875 0.4375 0.00390625 0.005859375
2 0.3359375 0.435546875 0.00390625 0.005859375
2 0.3056640625 0.435546875 0.00390625 0.005859375
2 0.275390625 0.435546875 0.00390625 0.0048828125
2 0.26953125 0.43359375 0.0029296875 0.00390625
2 0.2763671875 0.431640625 0.0029296875 0.00390625
2 0.2900390625 0.431640625 0.0029296875 0.00390625
2 0.3193359375 0.431640625 0.001953125 0.00390625
2 0.3564453125 0.431640625 0.001953125 0.00390625
2 0.380859375 0.431640625 0.0029296875 0.00390625
2 0.3720703125 0.4326171875 0.0029296875 0.00390625
2 0.345703125 0.43359375 0.0029296875 0.00390625
2 0.322265625 0.43359375 0.00390625 0.0048828125
2 0.3798828125 0.435546875 0.0029296875 0.005859375
2 0.4228515625 0.4365234375 0.00390625 0.005859375
2 0.4609375 0.4375 0.00390625 0.005859375
2 0.4794921875 0.439453125 0.0048828125 0.0068359375
2 0.4443359375 0.443359375 0.005859375 0.0087890625
2 0.453125 0.447265625 0.0078125 0.0107421875
2 0.525390625 0.453125 0.009765625 0.0126953125
2 0.66015625 0.4599609375 0.01171875 0.0146484375
2 0.8076171875 0.4658203125 0.0146484375 0.017578125
1 0.236328125 0.5615234375 0.0595703125 0.0625
1 0.3671875 0.4921875 0.0244140625 0.03125
1 0.2099609375 0.4716796875 0.0185546875 0.021484375
1 0.1376953125 0.458984375 0.0146484375 0.017578125
1 0.119140625 0.44921875 0.0107421875 0.0126953125
1 0.16015625 0.4443359375 0.0078125 0.009765625
1 0.203125 0.4404296875 0.005859375 0.0087890625
1 0.2578125 0.439453125 0.0048828125 0.0068359375
1 0.2802734375 0.4375 0.00390625 0.005859375
1 0.2509765625 0.4365234375 0.00390625 0.005859375
1 0.2216796875 0.435546875 0.00390625 0.005859375
1 0.2021484375 0.4345703125 0.00390625 0.005859375
1 0.20703125 0.4326171875 0.0029296875 0.00390625
1 0.2236328125 0.431640625 0.0029296875 0.00390625
1 0.2373046875 0.431640625 0.001953125 0.0029296875
1 0.2666015625 0.4306640625 0.001953125 0.0029296875
1 0.3125 0.431640625 0.001953125 0.0029296875
1 0.3603515625 0.431640625 0.001953125 0.0029296875
1 0.40234375 0.4326171875 0.0029296875 0.00390625
1 0.42578125 0.4326171875 0.0029296875 0.00390625
1 0.4052734375 0.4345703125 0.0029296875 0.0048828125
1 0.375 0.4345703125 0.001953125 0.0048828125
1 0.4453125 0.435546875 0.00390625 0.0048828125
1 0.4951171875 0.4365234375 0.00390625 0.005859375
1 0.533203125 0.4375 0.00390625 0.005859375
1 0.5615234375 0.439453125 0.00390625 0.005859375
1 0.5556640625 0.44140625 0.0048828125 0.0068359375
1 0.546875 0.4443359375 0.005859375 0.0078125
1 0.5703125 0.447265625 0.0078125 0.0087890625
1 0.66015625 0.4501953125 0.0068359375 0.0078125
1 0.79296875 0.4560546875 0.0107421875 0.0126953125
1 0.9765625 0.462890625 0.013671875 0.0146484375
2 0.4619140625 0.4404296875 0.0048828125 0.0078125