2 0.759765625 0.513671875 0.033203125 0.037109375
2 0.6572265625 0.482421875 0.0185546875 0.0224609375
2 0.64453125 0.46875 0.01171875 0.015625
2 0.6962890625 0.4619140625 0.0087890625 0.0126953125
2 0.7177734375 0.455078125 0.0078125 0.009765625
2 0.703125 0.451171875 0.005859375 0.0078125
2 0.6533203125 0.4501953125 0.0048828125 0.0068359375
2 0.658203125 0.4482421875 0.00390625 0.005859375
2 0.6923828125 0.4462890625 0.00390625 0.005859375
2 0.6953125 0.4453125 0.00390625 0.005859375
2 0.6826171875 0.4453125 0.00390625 0.0048828125
2 0.6474609375 0.4443359375 0.0029296875 0.00390625
2 0.611328125 0.4453125 0.0029296875 0.00390625
2 0.599609375 0.4443359375 0.0029296875 0.00390625
2 0.62109375 0.4443359375 0.0029296875 0.00390625
2 0.6552734375 0.443359375 0.0029296875 0.00390625
2 0.69921875 0.44140625 0.0029296875 0.00390625
2 0.7509765625 0.44140625 0.0029296875 0.00390625
2 0.7939453125 0.4404296875 0.0029296875 0.00390625
2 0.8408203125 0.4404296875 0.00390625 0.0048828125
2 0.8740234375 0.4404296875 0.00390625 0.005859375
1 0.818359375 0.439453125 0.0029296875 0.00390625
1 0.70703125 0.44140625 0.0029296875 0.00390625
1 0.65234375 0.44140625 0.001953125 0.00390625
1 0.5546875 0.4453125 0.0029296875 0.00390625
1 0.5419921875 0.4462890625 0.0029296875 0.00390625
1 0.5615234375 0.4462890625 0.0029296875 0.0048828125
1 0.5986328125 0.4462890625 0.0029296875 0.0048828125
1 0.6240234375 0.4462890625 0.00390625 0.0048828125
1 0.6015625 0.4482421875 0.00390625 0.005859375
1 0.560546875 0.4501953125 0.00390625 0.005859375
1 0.5546875 0.453125 0.005859375 0.0078125
1 0.6123046875 0.453125 0.005859375 0.0078125
1 0.6171875 0.45703125 0.0078125 0.009765625
1 0.552734375 0.4619140625 0.0087890625 0.0107421875
1 0.462890625 0.46875 0.0107421875 0.013671875
1 0.3916015625 0.4794921875 0.013671875 0.017578125
1 0.314453125 0.5048828125 0.0234375 0.029296875
1 0.048828125 0.6044921875 0.05078125 0.0390625
0 0.912109375 0.4384765625 0.0068359375 0.0107421875
0 0.9169921875 0.439453125 0.0078125 0.01171875
0 0.98828125 0.4375 0.0048828125 0.01171875
0 0.994140625 0.4365234375 0.0078125 0.01171875