2 0.7158203125 0.453125 0.0068359375 0.0087890625
1 0.8154296875 0.451171875 0.005859375 0.0078125
1 0.9384765625 0.453125 0.0068359375 0.0087890625
1 0.2734375 0.5087890625 0.0322265625 0.037109375
1 0.3671875 0.478515625 0.017578125 0.0224609375
1 0.404296875 0.462890625 0.01171875 0.015625
1 0.4296875 0.4580078125 0.009765625 0.0126953125
1 0.490234375 0.4541015625 0.0078125 0.0107421875
1 0.5498046875 0.451171875 0.0078125 0.0087890625
1 0.6162109375 0.4501953125 0.0068359375 0.0087890625
2 0.82421875 0.4541015625 0.0068359375 0.009765625
2 0.9345703125 0.45703125 0.0087890625 0.0107421875
2 0.7109375 0.505859375 0.0302734375 0.03515625
2 0.6328125 0.478515625 0.0166015625 0.0224609375
2 0.59765625 0.46484375 0.0107421875 0.0146484375
2 0.583984375 0.4580078125 0.0087890625 0.0126953125
2 0.634765625 0.455078125 0.0078125 0.0107421875