2 0.8125 0.4423828125 0.005859375 0.0078125
2 0.8642578125 0.443359375 0.005859375 0.0078125
2 0.9052734375 0.4453125 0.0078125 0.0087890625
2 0.919921875 0.4521484375 0.009765625 0.0146484375
2 0.9052734375 0.458984375 0.0126953125 0.015625
2 0.927734375 0.470703125 0.017578125 0.0205078125
2 0.71875 0.5029296875 0.03125 0.0361328125
2 0.63671875 0.47265625 0.0166015625 0.0205078125
2 0.6044921875 0.4609375 0.0107421875 0.015625
2 0.5830078125 0.4541015625 0.0078125 0.01171875
2 0.5712890625 0.4501953125 0.0068359375 0.009765625
2 0.6015625 0.4443359375 0.0048828125 0.005859375
2 0.6630859375 0.443359375 0.00390625 0.005859375
2 0.7373046875 0.4423828125 0.00390625 0.005859375
1 0.740234375 0.44140625 0.0029296875 0.0048828125
1 0.80859375 0.44140625 0.00390625 0.005859375
1 0.8916015625 0.44140625 0.005859375 0.0068359375
1 0.978515625 0.4423828125 0.0078125 0.0078125
1 0.3515625 0.5078125 0.0302734375 0.03515625
1 0.412109375 0.4755859375 0.0166015625 0.0205078125
1 0.443359375 0.4609375 0.0107421875 0.013671875
1 0.4501953125 0.455078125 0.0078125 0.0107421875
1 0.4599609375 0.4501953125 0.0068359375 0.0087890625
1 0.4716796875 0.4482421875 0.005859375 0.0078125
1 0.494140625 0.4453125 0.005859375 0.0068359375
1 0.5419921875 0.443359375 0.0048828125 0.005859375
1 0.60546875 0.4423828125 0.00390625 0.005859375