1 0.1259765625 0.3994140625 0.001953125 0.00390625
1 0.1767578125 0.4013671875 0.001953125 0.00390625
1 0.2216796875 0.404296875 0.001953125 0.00390625
1 0.248046875 0.4052734375 0.0029296875 0.00390625
1 0.26171875 0.408203125 0.00390625 0.005859375
1 0.267578125 0.4072265625 0.0029296875 0.00390625
1 0.2978515625 0.4111328125 0.00390625 0.005859375
1 0.341796875 0.4140625 0.00390625 0.0068359375
1 0.40625 0.41796875 0.0048828125 0.005859375
1 0.4267578125 0.4208984375 0.005859375 0.0078125
1 0.4384765625 0.423828125 0.0068359375 0.0078125
1 0.458984375 0.427734375 0.0068359375 0.009765625
1 0.5498046875 0.4345703125 0.0087890625 0.0107421875
1 0.662109375 0.44140625 0.0087890625 0.0107421875
1 0.828125 0.4541015625 0.01171875 0.013671875
1 0.9716796875 0.4677734375 0.015625 0.0166015625
1 0.0224609375 0.3955078125 0.00390625 0.0048828125
1 0.0654296875 0.3955078125 0.0029296875 0.00390625
2 0.1650390625 0.4013671875 0.00390625 0.00390625
2 0.2001953125 0.404296875 0.001953125 0.00390625
2 0.216796875 0.404296875 0.0029296875 0.00390625
2 0.2099609375 0.4052734375 0.0029296875 0.00390625
2 0.203125 0.4072265625 0.00390625 0.0048828125
2 0.2060546875 0.4072265625 0.00390625 0.0048828125
2 0.25 0.41015625 0.0048828125 0.005859375
2 0.291015625 0.4130859375 0.0048828125 0.0068359375
2 0.3349609375 0.416015625 0.005859375 0.0078125
2 0.34375 0.4189453125 0.005859375 0.0078125
2 0.353515625 0.421875 0.0078125 0.009765625
2 0.3759765625 0.4267578125 0.0087890625 0.0107421875
2 0.451171875 0.43359375 0.009765625 0.0126953125
2 0.5654296875 0.4404296875 0.0107421875 0.0146484375
2 0.7431640625 0.455078125 0.0126953125 0.015625
2 0.9052734375 0.4755859375 0.01953125 0.021484375
2 0.4560546875 0.5576171875 0.060546875 0.06640625
2 0.2138671875 0.4658203125 0.029296875 0.0322265625
2 0.1474609375 0.44140625 0.0185546875 0.0224609375
2 0.11328125 0.427734375 0.0146484375 0.0166015625
2 0.08984375 0.4189453125 0.01171875 0.013671875
2 0.072265625 0.4130859375 0.0087890625 0.0107421875
2 0.0595703125 0.408203125 0.0078125 0.009765625
2 0.0537109375 0.4052734375 0.005859375 0.0078125
2 0.044921875 0.40234375 0.005859375 0.0078125
2 0.0390625 0.400390625 0.0048828125 0.0068359375
2 0.0341796875 0.3984375 0.00390625 0.005859375
2 0.0673828125 0.3984375 0.00390625 0.0048828125
2 0.115234375 0.3994140625 0.00390625 0.0048828125