2 0.3857421875 0.4677734375 0.0205078125 0.0263671875
2 0.9150390625 0.4638671875 0.013671875 0.0166015625
2 0.4521484375 0.5078125 0.0380859375 0.0439453125
2 0.361328125 0.4501953125 0.0166015625 0.01953125
1 0.0732421875 0.4462890625 0.01953125 0.0224609375
2 0.162109375 0.4306640625 0.0126953125 0.0146484375
2 0.048828125 0.4228515625 0.0126953125 0.013671875
2 0.2724609375 0.4384765625 0.013671875 0.0166015625
2 0.5615234375 0.4423828125 0.009765625 0.0126953125
2 0.2861328125 0.4267578125 0.0087890625 0.0107421875
1 0.466796875 0.431640625 0.0078125 0.0087890625
2 0.40234375 0.43359375 0.0087890625 0.0107421875
1 0.9033203125 0.455078125 0.009765625 0.01171875
2 0.12109375 0.4169921875 0.0078125 0.009765625
2 0.73828125 0.4521484375 0.0107421875 0.0126953125
1 0.2060546875 0.41796875 0.005859375 0.0078125
2 0.046875 0.4130859375 0.0078125 0.0087890625
1 0.0810546875 0.4111328125 0.005859375 0.0078125
1 0.6005859375 0.439453125 0.0078125 0.009765625
1 0.1396484375 0.4140625 0.005859375 0.0078125
2 0.1923828125 0.4208984375 0.005859375 0.0087890625
1 0.7421875 0.4423828125 0.00390625 0.005859375
0 0.2001953125 0.4189453125 0.01171875 0.0166015625
0 0.18359375 0.41796875 0.0107421875 0.0185546875