1 0.390625 0.4814453125 0.009765625 0.01953125
1 0.416015625 0.4677734375 0.01171875 0.015625
1 0.43359375 0.458984375 0.0087890625 0.01171875
1 0.4453125 0.4541015625 0.005859375 0.0087890625
1 0.4560546875 0.4501953125 0.005859375 0.0078125
1 0.4697265625 0.4482421875 0.0048828125 0.0068359375
1 0.509765625 0.4462890625 0.00390625 0.005859375
1 0.53515625 0.4443359375 0.00390625 0.005859375
1 0.5107421875 0.443359375 0.0029296875 0.00390625
1 0.48046875 0.4443359375 0.00390625 0.0048828125
1 0.470703125 0.443359375 0.00390625 0.0048828125
1 0.474609375 0.44140625 0.0029296875 0.00390625
1 0.484375 0.4404296875 0.001953125 0.00390625
1 0.505859375 0.4404296875 0.001953125 0.0029296875
1 0.55078125 0.439453125 0.0029296875 0.0029296875
1 0.5732421875 0.439453125 0.0029296875 0.00390625
1 0.60546875 0.4384765625 0.0029296875 0.00390625
1 0.6845703125 0.4375 0.0029296875 0.00390625
1 0.71875 0.4375 0.001953125 0.0029296875
1 0.75390625 0.4384765625 0.001953125 0.00390625
1 0.78125 0.4384765625 0.001953125 0.0029296875
1 0.8037109375 0.439453125 0.0029296875 0.00390625
1 0.8427734375 0.439453125 0.0029296875 0.00390625
1 0.876953125 0.4404296875 0.00390625 0.0048828125
1 0.9345703125 0.44140625 0.0048828125 0.005859375
1 0.984375 0.443359375 0.0048828125 0.005859375
1 0.9970703125 0.4443359375 0.0048828125 0.0078125
1 0.982421875 0.447265625 0.005859375 0.0078125
1 0.9521484375 0.4501953125 0.0078125 0.0087890625
1 0.921875 0.453125 0.0107421875 0.0107421875
1 0.982421875 0.45703125 0.0126953125 0.0146484375
1 0.3232421875 0.5087890625 0.03125 0.03515625
1 0.0634765625 0.6015625 0.0546875 0.04296875
2 0.71875 0.5009765625 0.0302734375 0.033203125
2 0.64453125 0.4765625 0.009765625 0.017578125
2 0.6015625 0.46484375 0.0126953125 0.015625
2 0.576171875 0.4580078125 0.0087890625 0.01171875
2 0.5595703125 0.453125 0.0068359375 0.009765625
2 0.55078125 0.44921875 0.005859375 0.0078125
2 0.5576171875 0.447265625 0.0048828125 0.0078125
2 0.6015625 0.4443359375 0.005859375 0.0078125
2 0.5703125 0.4423828125 0.00390625 0.005859375
2 0.529296875 0.443359375 0.0029296875 0.0048828125
2 0.5234375 0.44140625 0.0029296875 0.00390625
2 0.5205078125 0.44140625 0.0029296875 0.00390625
2 0.5380859375 0.4404296875 0.0029296875 0.00390625
2 0.638671875 0.4384765625 0.00390625 0.0048828125
2 0.6767578125 0.4384765625 0.0029296875 0.00390625
2 0.9453125 0.46875 0.0185546875 0.01953125
2 0.8251953125 0.4609375 0.0126953125 0.0146484375
2 0.771484375 0.455078125 0.009765625 0.013671875
2 0.8154296875 0.44921875 0.0068359375 0.0087890625
2 0.8505859375 0.447265625 0.005859375 0.0078125
2 0.8779296875 0.4453125 0.0048828125 0.0078125
2 0.8662109375 0.4423828125 0.005859375 0.0068359375
2 0.833984375 0.4423828125 0.00390625 0.005859375
2 0.8017578125 0.44140625 0.00390625 0.0048828125
2 0.7724609375 0.4404296875 0.00390625 0.0048828125
2 0.7470703125 0.439453125 0.0029296875 0.00390625
2 0.7294921875 0.439453125 0.0029296875 0.0048828125
2 0.705078125 0.4384765625 0.0029296875 0.00390625
1 0.1552734375 0.4775390625 0.0185546875 0.0234375
1 0.2744140625 0.4619140625 0.0126953125 0.015625
0 0.3798828125 0.4755859375 0.0185546875 0.037109375
0 0.3916015625 0.47265625 0.0185546875 0.0341796875
0 0.6435546875 0.4697265625 0.0185546875 0.0341796875
0 0.654296875 0.4716796875 0.01953125 0.037109375