2 0.8623046875 0.4052734375 0.0029296875 0.0048828125
2 0.8818359375 0.4052734375 0.00390625 0.0048828125
2 0.8583984375 0.4072265625 0.0029296875 0.0048828125
2 0.8310546875 0.4091796875 0.0029296875 0.00390625
2 0.7958984375 0.4111328125 0.00390625 0.005859375
2 0.7626953125 0.4140625 0.00390625 0.005859375
2 0.74609375 0.416015625 0.00390625 0.005859375
2 0.7529296875 0.41796875 0.0048828125 0.0068359375
2 0.791015625 0.4189453125 0.005859375 0.0078125
2 0.8603515625 0.41796875 0.0068359375 0.0087890625
2 0.9638671875 0.4169921875 0.0087890625 0.0107421875
2 0.83203125 0.4580078125 0.0234375 0.0263671875
2 0.6943359375 0.4443359375 0.0146484375 0.0185546875
2 0.625 0.4384765625 0.0107421875 0.0126953125
2 0.599609375 0.4326171875 0.0078125 0.0107421875
2 0.6123046875 0.4287109375 0.005859375 0.0087890625
2 0.6357421875 0.4248046875 0.005859375 0.0078125
2 0.654296875 0.421875 0.0048828125 0.0068359375
2 0.669921875 0.4189453125 0.00390625 0.005859375
2 0.6806640625 0.4169921875 0.00390625 0.005859375
2 0.6904296875 0.4150390625 0.00390625 0.0048828125
2 0.6982421875 0.4140625 0.0029296875 0.00390625
2 0.705078125 0.4130859375 0.0029296875 0.00390625
2 0.7158203125 0.412109375 0.001953125 0.00390625
2 0.740234375 0.41015625 0.0029296875 0.00390625
2 0.78125 0.4072265625 0.0029296875 0.0048828125
2 0.82421875 0.40625 0.001953125 0.0029296875
1 0.83984375 0.4052734375 0.001953125 0.0029296875
1 0.94921875 0.40234375 0.00390625 0.00390625
1 0.92578125 0.4052734375 0.00390625 0.00390625
1 0.896484375 0.4072265625 0.00390625 0.00390625
1 0.8623046875 0.4091796875 0.00390625 0.0048828125
1 0.833984375 0.412109375 0.00390625 0.005859375
1 0.8369140625 0.4140625 0.00390625 0.005859375
1 0.869140625 0.4150390625 0.005859375 0.0078125
1 0.970703125 0.412109375 0.0068359375 0.0087890625
1 0.6025390625 0.5234375 0.0419921875 0.05078125
1 0.57421875 0.4716796875 0.0224609375 0.0263671875
1 0.501953125 0.4541015625 0.013671875 0.0185546875
1 0.4638671875 0.4453125 0.0107421875 0.0126953125
1 0.478515625 0.4375 0.0078125 0.009765625
1 0.5205078125 0.4326171875 0.005859375 0.0078125
1 0.5576171875 0.427734375 0.005859375 0.0078125
1 0.5830078125 0.423828125 0.00390625 0.005859375
1 0.60546875 0.4208984375 0.00390625 0.005859375
1 0.62109375 0.4189453125 0.0029296875 0.0048828125
1 0.6376953125 0.4169921875 0.0029296875 0.0048828125
1 0.6455078125 0.416015625 0.0029296875 0.00390625
1 0.6552734375 0.4150390625 0.0029296875 0.00390625
1 0.6650390625 0.4140625 0.001953125 0.00390625
1 0.6826171875 0.412109375 0.001953125 0.0029296875
1 0.712890625 0.41015625 0.001953125 0.0029296875
1 0.75390625 0.4091796875 0.001953125 0.00390625
1 0.79296875 0.4072265625 0.001953125 0.00390625