2 0.990234375 0.4580078125 0.0107421875 0.0126953125
1 0.8662109375 0.5244140625 0.0390625 0.0439453125
1 0.8857421875 0.4521484375 0.0078125 0.0087890625
1 0.845703125 0.4541015625 0.0087890625 0.009765625
1 0.830078125 0.4677734375 0.0107421875 0.013671875
1 0.826171875 0.458984375 0.0087890625 0.01171875
1 0.9462890625 0.4501953125 0.005859375 0.0087890625
1 0.9345703125 0.443359375 0.00390625 0.0048828125
1 0.9814453125 0.443359375 0.00390625 0.005859375
1 0.8408203125 0.4423828125 0.00390625 0.0048828125
1 0.8154296875 0.4423828125 0.0029296875 0.0048828125
2 0.859375 0.44140625 0.0029296875 0.00390625
2 0.8662109375 0.4423828125 0.001953125 0.00390625
2 0.8984375 0.4423828125 0.0029296875 0.00390625
2 0.94921875 0.4423828125 0.00390625 0.00390625
2 0.880859375 0.44140625 0.00390625 0.00390625