2 0.9296875 0.5849609375 0.0703125 0.07421875
2 0.740234375 0.498046875 0.029296875 0.0322265625
2 0.6455078125 0.4736328125 0.0166015625 0.0205078125
2 0.564453125 0.4638671875 0.0126953125 0.015625
2 0.45703125 0.4580078125 0.0087890625 0.0126953125
2 0.359375 0.4560546875 0.0078125 0.0107421875
2 0.26953125 0.453125 0.005859375 0.0087890625
2 0.18359375 0.4541015625 0.0068359375 0.009765625
2 0.1484375 0.4521484375 0.005859375 0.0087890625
2 0.142578125 0.44921875 0.0048828125 0.0078125
2 0.1435546875 0.443359375 0.00390625 0.005859375
2 0.1513671875 0.44140625 0.0029296875 0.00390625
2 0.169921875 0.4404296875 0.0029296875 0.00390625
2 0.205078125 0.4404296875 0.0029296875 0.00390625
2 0.240234375 0.439453125 0.001953125 0.0029296875
2 0.2724609375 0.439453125 0.001953125 0.0029296875
2 0.279296875 0.4404296875 0.0029296875 0.00390625
2 0.2412109375 0.4423828125 0.001953125 0.00390625
2 0.2197265625 0.44140625 0.0029296875 0.00390625
2 0.2060546875 0.4443359375 0.00390625 0.005859375
2 0.21875 0.4453125 0.00390625 0.005859375
2 0.2568359375 0.4453125 0.00390625 0.005859375
2 0.3076171875 0.4453125 0.00390625 0.005859375
2 0.3603515625 0.4462890625 0.0048828125 0.0068359375
2 0.4169921875 0.4462890625 0.005859375 0.0078125
2 0.4619140625 0.4482421875 0.005859375 0.0078125
2 0.51171875 0.4501953125 0.0078125 0.009765625
2 0.5830078125 0.453125 0.0078125 0.0107421875
2 0.677734375 0.45703125 0.0107421875 0.013671875
2 0.83203125 0.4638671875 0.0146484375 0.017578125
1 0.373046875 0.5087890625 0.0322265625 0.03515625
1 0.4013671875 0.4765625 0.017578125 0.0205078125
1 0.33984375 0.4658203125 0.0126953125 0.0146484375
1 0.26953125 0.4609375 0.0087890625 0.0126953125
1 0.14453125 0.458984375 0.009765625 0.01171875
1 0.0615234375 0.4580078125 0.0087890625 0.0107421875
1 0.021484375 0.45703125 0.0078125 0.009765625
1 0.02734375 0.453125 0.0068359375 0.0078125
1 0.0400390625 0.451171875 0.005859375 0.0078125
1 0.052734375 0.44921875 0.0048828125 0.0068359375
1 0.0615234375 0.447265625 0.00390625 0.005859375
1 0.0693359375 0.4462890625 0.00390625 0.00390625
1 0.0751953125 0.4453125 0.0029296875 0.00390625
1 0.080078125 0.4443359375 0.0029296875 0.00390625
1 0.0859375 0.443359375 0.0029296875 0.00390625
1 0.1162109375 0.44140625 0.001953125 0.0029296875
1 0.1943359375 0.4404296875 0.001953125 0.00390625
1 0.2841796875 0.4384765625 0.001953125 0.0029296875
1 0.3076171875 0.439453125 0.001953125 0.0029296875
1 0.3212890625 0.439453125 0.001953125 0.0029296875
1 0.3310546875 0.439453125 0.001953125 0.00390625
1 0.3154296875 0.4404296875 0.0029296875 0.00390625
1 0.2958984375 0.44140625 0.0029296875 0.00390625
1 0.2724609375 0.443359375 0.0029296875 0.0048828125
1 0.2666015625 0.4423828125 0.0029296875 0.0048828125
1 0.3037109375 0.4443359375 0.0029296875 0.0048828125
1 0.357421875 0.4443359375 0.00390625 0.005859375
1 0.419921875 0.443359375 0.00390625 0.005859375
1 0.48046875 0.4443359375 0.0048828125 0.0068359375
1 0.525390625 0.4453125 0.005859375 0.0068359375
1 0.5859375 0.447265625 0.005859375 0.0078125
1 0.658203125 0.4501953125 0.0078125 0.0087890625
1 0.76953125 0.453125 0.009765625 0.01171875
1 0.935546875 0.4580078125 0.0126953125 0.0146484375