1 0.974609375 0.484375 0.0126953125 0.013671875
1 0.904296875 0.474609375 0.009765625 0.01171875
1 0.8310546875 0.466796875 0.005859375 0.0087890625
1 0.7734375 0.4609375 0.005859375 0.0078125
1 0.732421875 0.4560546875 0.0048828125 0.0068359375
1 0.6796875 0.451171875 0.00390625 0.0068359375
1 0.6259765625 0.447265625 0.0048828125 0.0068359375
1 0.5654296875 0.443359375 0.00390625 0.005859375
1 0.51171875 0.4423828125 0.00390625 0.005859375
1 0.466796875 0.4423828125 0.00390625 0.005859375
1 0.4326171875 0.4423828125 0.0048828125 0.0068359375
1 0.39453125 0.4423828125 0.0048828125 0.0068359375
1 0.330078125 0.439453125 0.0048828125 0.0068359375
1 0.2646484375 0.4365234375 0.005859375 0.0068359375
1 0.208984375 0.4326171875 0.005859375 0.0068359375
1 0.14453125 0.427734375 0.00390625 0.005859375
2 0.0673828125 0.4267578125 0.0068359375 0.0087890625
2 0.142578125 0.4306640625 0.005859375 0.0078125
2 0.19921875 0.43359375 0.005859375 0.0087890625
2 0.267578125 0.4384765625 0.0068359375 0.0087890625
2 0.3359375 0.4423828125 0.005859375 0.0078125
2 0.419921875 0.4453125 0.005859375 0.0087890625
2 0.4716796875 0.4453125 0.005859375 0.0078125
2 0.5009765625 0.4453125 0.0048828125 0.0078125
2 0.529296875 0.4443359375 0.005859375 0.0068359375
2 0.5791015625 0.4462890625 0.005859375 0.0068359375
2 0.630859375 0.4482421875 0.005859375 0.0078125
2 0.6884765625 0.455078125 0.005859375 0.0087890625
2 0.7265625 0.4599609375 0.0078125 0.009765625
2 0.7900390625 0.466796875 0.0078125 0.0107421875
2 0.8193359375 0.47265625 0.009765625 0.0126953125
2 0.8310546875 0.478515625 0.013671875 0.0166015625
2 0.94140625 0.4951171875 0.01953125 0.0205078125
2 0.068359375 0.4443359375 0.0126953125 0.015625
2 0.1328125 0.4560546875 0.0166015625 0.0185546875
2 0.20703125 0.4765625 0.0234375 0.0263671875
2 0.359375 0.521484375 0.041015625 0.0458984375
0 0.029296875 0.43359375 0.01171875 0.0205078125
0 0.0361328125 0.4345703125 0.0126953125 0.0205078125