2 0.3564453125 0.4365234375 0.009765625 0.0126953125
2 0.23046875 0.4658203125 0.025390625 0.02734375
2 0.7890625 0.46875 0.015625 0.0185546875
2 0.5732421875 0.4560546875 0.0126953125 0.0166015625
2 0.3779296875 0.51953125 0.0390625 0.048828125
2 0.1396484375 0.4345703125 0.0126953125 0.0166015625
2 0.3173828125 0.431640625 0.0078125 0.0107421875
2 0.4326171875 0.4453125 0.0107421875 0.0146484375
2 0.1162109375 0.427734375 0.009765625 0.0126953125
1 0.4697265625 0.4375 0.0078125 0.009765625
1 0.6962890625 0.453125 0.0107421875 0.013671875
2 0.1181640625 0.4111328125 0.0048828125 0.005859375
2 0.0986328125 0.4208984375 0.0078125 0.0107421875
1 0.5615234375 0.4453125 0.0087890625 0.01171875
2 0.099609375 0.4150390625 0.005859375 0.0087890625
2 0.087890625 0.4169921875 0.0068359375 0.0087890625
2 0.361328125 0.427734375 0.005859375 0.0078125
2 0.322265625 0.4287109375 0.005859375 0.0087890625
1 0.8505859375 0.4619140625 0.01171875 0.0146484375
1 0.0341796875 0.4111328125 0.005859375 0.0078125
2 0.4150390625 0.42578125 0.00390625 0.005859375
2 0.3916015625 0.4267578125 0.0048828125 0.0068359375
2 0.078125 0.40625 0.00390625 0.00390625
1 0.482421875 0.4296875 0.0048828125 0.0068359375
1 0.435546875 0.4326171875 0.0068359375 0.0087890625
1 0.494140625 0.4287109375 0.00390625 0.005859375
1 0.4599609375 0.431640625 0.0048828125 0.0078125
2 0.15234375 0.4150390625 0.0048828125 0.0068359375
1 0.037109375 0.4091796875 0.00390625 0.005859375
2 0.16015625 0.4091796875 0.0029296875 0.00390625
1 0.48828125 0.427734375 0.0029296875 0.0048828125
2 0.1572265625 0.4140625 0.0048828125 0.005859375
2 0.3125 0.416015625 0.0029296875 0.00390625
2 0.359375 0.419921875 0.0029296875 0.00390625
2 0.3837890625 0.421875 0.0029296875 0.0048828125
2 0.408203125 0.423828125 0.00390625 0.005859375
2 0.24609375 0.412109375 0.0029296875 0.00390625
2 0.296875 0.4150390625 0.0029296875 0.00390625
2 0.0556640625 0.4072265625 0.0029296875 0.0048828125
2 0.203125 0.41015625 0.0029296875 0.0048828125
2 0.0634765625 0.408203125 0.00390625 0.005859375
2 0.2734375 0.4140625 0.0029296875 0.00390625
1 0.41796875 0.421875 0.001953125 0.00390625
2 0.3349609375 0.41796875 0.0029296875 0.00390625
1 0.0947265625 0.40625 0.00390625 0.00390625
1 0.2529296875 0.412109375 0.0029296875 0.00390625
1 0.1640625 0.408203125 0.0029296875 0.00390625
1 0.0322265625 0.404296875 0.00390625 0.00390625
1 0.3623046875 0.41796875 0.001953125 0.00390625
1 0.0712890625 0.4111328125 0.0048828125 0.0068359375
1 0.125 0.4072265625 0.0029296875 0.00390625
2 0.052734375 0.40625 0.0029296875 0.00390625
2 0.12109375 0.408203125 0.00390625 0.00390625
1 0.45703125 0.4248046875 0.0029296875 0.00390625
1 0.068359375 0.4111328125 0.0048828125 0.0068359375
1 0.392578125 0.419921875 0.001953125 0.0029296875
1 0.287109375 0.4140625 0.001953125 0.0029296875
1 0.0009765625 0.4033203125 0.001953125 0.0048828125
2 0.1767578125 0.4443359375 0.0087890625 0.0185546875
0 0.1767578125 0.4404296875 0.0166015625 0.033203125
0 0.1875 0.4423828125 0.01953125 0.03515625