1 0.01171875 0.568359375 0.0234375 0.056640625
1 0.052734375 0.482421875 0.017578125 0.0185546875
1 0.119140625 0.470703125 0.013671875 0.0146484375
1 0.15625 0.46484375 0.0107421875 0.0126953125
1 0.20703125 0.4609375 0.0087890625 0.0107421875
1 0.279296875 0.45703125 0.0078125 0.0087890625
1 0.3408203125 0.4541015625 0.0068359375 0.0087890625
1 0.39453125 0.453125 0.0068359375 0.0078125
1 0.5888671875 0.447265625 0.005859375 0.0078125
1 0.689453125 0.4462890625 0.005859375 0.0078125
1 0.7783203125 0.4462890625 0.005859375 0.0078125
1 0.88671875 0.4462890625 0.0068359375 0.0078125
2 0.5517578125 0.5107421875 0.033203125 0.037109375
2 0.291015625 0.4912109375 0.0205078125 0.025390625
2 0.294921875 0.4716796875 0.0126953125 0.017578125
2 0.3046875 0.4619140625 0.0087890625 0.01171875
2 0.36328125 0.45703125 0.0078125 0.0107421875
2 0.4462890625 0.4541015625 0.0068359375 0.0087890625
2 0.5205078125 0.4521484375 0.0068359375 0.0087890625
2 0.6064453125 0.4501953125 0.0078125 0.0087890625
2 0.7041015625 0.44921875 0.0068359375 0.0087890625
2 0.8994140625 0.451171875 0.0087890625 0.01171875
2 0.7890625 0.44921875 0.0078125 0.009765625