1 0.9091796875 0.443359375 0.0048828125 0.005859375
1 0.966796875 0.4453125 0.005859375 0.0068359375
1 0.2802734375 0.5341796875 0.04296875 0.0478515625
1 0.3876953125 0.4833984375 0.0185546875 0.021484375
1 0.44921875 0.46875 0.01171875 0.0146484375
1 0.5087890625 0.462890625 0.009765625 0.0126953125
1 0.5830078125 0.458984375 0.0087890625 0.01171875
1 0.6572265625 0.455078125 0.0068359375 0.009765625
1 0.708984375 0.4521484375 0.0068359375 0.0087890625
1 0.697265625 0.44921875 0.0048828125 0.0078125
1 0.6630859375 0.447265625 0.00390625 0.0068359375
1 0.6181640625 0.447265625 0.00390625 0.005859375
1 0.8681640625 0.4423828125 0.0048828125 0.0068359375
1 0.8330078125 0.4423828125 0.0029296875 0.00390625
1 0.802734375 0.44140625 0.001953125 0.00390625
1 0.7529296875 0.44140625 0.001953125 0.00390625
1 0.6650390625 0.44140625 0.001953125 0.0029296875
1 0.6220703125 0.44140625 0.001953125 0.00390625
1 0.5556640625 0.4423828125 0.0029296875 0.00390625
1 0.5185546875 0.443359375 0.001953125 0.00390625
1 0.486328125 0.443359375 0.0029296875 0.00390625
1 0.4638671875 0.4453125 0.00390625 0.0048828125
1 0.4580078125 0.4453125 0.0029296875 0.0048828125
1 0.48828125 0.4462890625 0.00390625 0.0048828125
1 0.52734375 0.4462890625 0.0029296875 0.0048828125
1 0.5751953125 0.4462890625 0.00390625 0.005859375
2 0.7265625 0.4423828125 0.0029296875 0.00390625
2 0.748046875 0.4423828125 0.0029296875 0.00390625
2 0.7724609375 0.443359375 0.00390625 0.0048828125
2 0.8037109375 0.4443359375 0.00390625 0.005859375
2 0.8369140625 0.4453125 0.00390625 0.005859375
2 0.8837890625 0.4462890625 0.0048828125 0.0068359375
2 0.94921875 0.447265625 0.005859375 0.0087890625
2 0.6962890625 0.44140625 0.00390625 0.005859375
2 0.65234375 0.4423828125 0.001953125 0.00390625
2 0.611328125 0.4423828125 0.0029296875 0.00390625
2 0.5673828125 0.443359375 0.0029296875 0.00390625
2 0.529296875 0.4443359375 0.0029296875 0.00390625
2 0.5087890625 0.4443359375 0.0029296875 0.0048828125
2 0.513671875 0.4453125 0.0029296875 0.0048828125
2 0.54296875 0.4453125 0.00390625 0.0048828125
2 0.5888671875 0.4453125 0.00390625 0.0048828125
2 0.6416015625 0.4453125 0.00390625 0.005859375
2 0.6962890625 0.4453125 0.00390625 0.0078125
2 0.7421875 0.4462890625 0.0048828125 0.0068359375
2 0.78125 0.4482421875 0.005859375 0.0078125
2 0.8173828125 0.4501953125 0.005859375 0.0078125
2 0.826171875 0.453125 0.0068359375 0.009765625
2 0.7841796875 0.4560546875 0.0078125 0.0107421875
2 0.7333984375 0.458984375 0.0087890625 0.0126953125
2 0.6630859375 0.4658203125 0.0107421875 0.0146484375
2 0.6337890625 0.4755859375 0.015625 0.0205078125
2 0.6904296875 0.4921875 0.0234375 0.02734375
2 0.880859375 0.5439453125 0.0498046875 0.0546875