1 0.96875 0.4677734375 0.005859375 0.0087890625
1 0.880859375 0.46484375 0.0068359375 0.0087890625
1 0.8212890625 0.46484375 0.0078125 0.009765625
1 0.7939453125 0.466796875 0.0087890625 0.0107421875
1 0.76171875 0.46875 0.0087890625 0.01171875
1 0.6787109375 0.466796875 0.009765625 0.0126953125
1 0.5634765625 0.4599609375 0.009765625 0.01171875
1 0.4697265625 0.453125 0.0087890625 0.0107421875
1 0.3720703125 0.4462890625 0.0078125 0.0107421875
1 0.267578125 0.4404296875 0.0078125 0.009765625
1 0.15234375 0.4384765625 0.0087890625 0.0107421875
1 0.0224609375 0.4375 0.0126953125 0.0126953125
2 0.158203125 0.4609375 0.0166015625 0.021484375
2 0.1376953125 0.44921875 0.013671875 0.0166015625
2 0.169921875 0.4443359375 0.0107421875 0.0146484375
2 0.2802734375 0.4462890625 0.0087890625 0.0126953125
2 0.390625 0.4521484375 0.009765625 0.013671875
2 0.4892578125 0.458984375 0.0107421875 0.0146484375
2 0.62109375 0.4697265625 0.0126953125 0.0166015625
2 0.751953125 0.478515625 0.0126953125 0.0166015625
2 0.8798828125 0.48046875 0.0126953125 0.0146484375
2 0.935546875 0.478515625 0.0107421875 0.0126953125
2 0.947265625 0.474609375 0.009765625 0.01171875
2 0.96484375 0.47265625 0.0078125 0.0107421875
2 0.546875 0.591796875 0.0625 0.064453125
0 0.2783203125 0.4853515625 0.03515625 0.0576171875
0 0.2998046875 0.4912109375 0.0400390625 0.0595703125
2 0.2880859375 0.498046875 0.0205078125 0.0341796875