1 0.33984375 0.517578125 0.033203125 0.0380859375
2 0.7490234375 0.5 0.02734375 0.0322265625
2 0.759765625 0.4775390625 0.0166015625 0.0205078125
1 0.458984375 0.4814453125 0.0166015625 0.0205078125
2 0.8408203125 0.4658203125 0.0126953125 0.015625
2 0.8974609375 0.4599609375 0.0107421875 0.013671875
2 0.9423828125 0.4560546875 0.009765625 0.0126953125
1 0.6357421875 0.46484375 0.01171875 0.0146484375
2 0.91796875 0.4521484375 0.0078125 0.009765625
1 0.541015625 0.470703125 0.0126953125 0.0166015625
1 0.7255859375 0.458984375 0.009765625 0.01171875
2 0.9541015625 0.5615234375 0.0634765625 0.060546875
1 0.763671875 0.451171875 0.0078125 0.0087890625
2 0.87890625 0.4443359375 0.0048828125 0.0068359375
1 0.7177734375 0.44921875 0.005859375 0.0078125
2 0.865234375 0.44921875 0.0068359375 0.0087890625
2 0.8125 0.447265625 0.005859375 0.0078125
2 0.98828125 0.447265625 0.0068359375 0.0087890625
2 0.7548828125 0.4462890625 0.0048828125 0.0068359375
1 0.7841796875 0.4541015625 0.0078125 0.009765625
2 0.744140625 0.44140625 0.0029296875 0.00390625
2 0.6279296875 0.4453125 0.00390625 0.005859375
1 0.5146484375 0.4462890625 0.00390625 0.005859375
1 0.9560546875 0.4423828125 0.005859375 0.0068359375
2 0.6884765625 0.4453125 0.00390625 0.005859375
1 0.61328125 0.447265625 0.00390625 0.005859375
2 0.837890625 0.443359375 0.00390625 0.005859375
1 0.48828125 0.4462890625 0.00390625 0.005859375
1 0.55859375 0.447265625 0.00390625 0.005859375
1 0.6640625 0.447265625 0.0048828125 0.0068359375
1 0.482421875 0.4453125 0.00390625 0.0048828125
1 0.5126953125 0.443359375 0.0029296875 0.0048828125
2 0.576171875 0.4453125 0.00390625 0.005859375
2 0.6494140625 0.4423828125 0.0029296875 0.00390625
2 0.5380859375 0.4443359375 0.0029296875 0.00390625
2 0.8076171875 0.4423828125 0.00390625 0.0048828125
2 0.6953125 0.44140625 0.0029296875 0.00390625
2 0.5439453125 0.4453125 0.0029296875 0.0048828125
2 0.560546875 0.443359375 0.0029296875 0.0048828125
2 0.78125 0.44140625 0.0029296875 0.0048828125
2 0.9228515625 0.4443359375 0.0048828125 0.0068359375
2 0.6015625 0.443359375 0.0029296875 0.00390625
1 0.908203125 0.4423828125 0.00390625 0.0048828125
1 0.5888671875 0.4423828125 0.0029296875 0.00390625
1 0.5478515625 0.443359375 0.0029296875 0.00390625
1 0.8701171875 0.44140625 0.00390625 0.0048828125
1 0.6611328125 0.44140625 0.001953125 0.00390625
1 0.625 0.44140625 0.001953125 0.00390625
1 0.708984375 0.44140625 0.001953125 0.0029296875
1 0.7705078125 0.4404296875 0.001953125 0.00390625
0 0.916015625 0.4423828125 0.005859375 0.0126953125
0 0.9267578125 0.4423828125 0.0068359375 0.013671875