2 0.029296875 0.4189453125 0.013671875 0.0146484375
2 0.1806640625 0.4296875 0.013671875 0.015625
2 0.353515625 0.44140625 0.0146484375 0.017578125
2 0.5927734375 0.45703125 0.0166015625 0.01953125
2 0.923828125 0.4794921875 0.021484375 0.0234375
2 0.33984375 0.5126953125 0.0419921875 0.0478515625
2 0.1669921875 0.4599609375 0.02734375 0.029296875
2 0.0693359375 0.439453125 0.0205078125 0.0224609375
1 0.08984375 0.4140625 0.009765625 0.0107421875
1 0.189453125 0.419921875 0.0087890625 0.01171875
1 0.302734375 0.4267578125 0.009765625 0.0126953125
1 0.4462890625 0.435546875 0.0107421875 0.013671875
1 0.6328125 0.4462890625 0.0126953125 0.0146484375
1 0.8720703125 0.4619140625 0.0146484375 0.015625