1 0.3046875 0.544921875 0.0439453125 0.0537109375
1 0.494140625 0.4990234375 0.025390625 0.0302734375
1 0.640625 0.48046875 0.01953125 0.0234375
1 0.7529296875 0.466796875 0.0146484375 0.0166015625
1 0.8125 0.4599609375 0.0107421875 0.0126953125
1 0.7705078125 0.4541015625 0.009765625 0.01171875
1 0.703125 0.4501953125 0.0078125 0.009765625
1 0.6328125 0.4482421875 0.0068359375 0.0087890625
1 0.95703125 0.4423828125 0.005859375 0.0078125
1 0.896484375 0.44140625 0.0048828125 0.005859375
1 0.8505859375 0.4404296875 0.00390625 0.0048828125
1 0.775390625 0.439453125 0.0029296875 0.0048828125
1 0.7333984375 0.4384765625 0.0029296875 0.0048828125
1 0.666015625 0.439453125 0.001953125 0.00390625
1 0.615234375 0.439453125 0.0029296875 0.0048828125
1 0.576171875 0.4404296875 0.0029296875 0.0048828125
1 0.5361328125 0.44140625 0.0029296875 0.0048828125
1 0.4912109375 0.4423828125 0.0029296875 0.0048828125
1 0.451171875 0.4423828125 0.00390625 0.0048828125
1 0.421875 0.4453125 0.0048828125 0.0068359375
1 0.416015625 0.4443359375 0.00390625 0.005859375
1 0.453125 0.447265625 0.0048828125 0.005859375
1 0.505859375 0.447265625 0.0048828125 0.005859375
1 0.5712890625 0.447265625 0.005859375 0.0078125
2 0.75 0.4404296875 0.00390625 0.0048828125
2 0.7822265625 0.44140625 0.0048828125 0.005859375
2 0.8212890625 0.4423828125 0.0048828125 0.005859375
2 0.875 0.4443359375 0.005859375 0.0078125
2 0.93359375 0.4453125 0.005859375 0.0078125
2 0.7080078125 0.4404296875 0.00390625 0.0048828125
2 0.654296875 0.4404296875 0.00390625 0.00390625
2 0.603515625 0.44140625 0.00390625 0.0048828125
2 0.55078125 0.44140625 0.0029296875 0.0048828125
2 0.505859375 0.4423828125 0.00390625 0.0048828125
2 0.48046875 0.443359375 0.00390625 0.005859375
2 0.486328125 0.4443359375 0.00390625 0.005859375
2 0.525390625 0.4453125 0.00390625 0.005859375
2 0.5859375 0.4453125 0.0048828125 0.0068359375
2 0.658203125 0.4462890625 0.0048828125 0.0078125
2 0.73828125 0.447265625 0.005859375 0.0078125
2 0.814453125 0.4482421875 0.0068359375 0.0087890625
2 0.890625 0.451171875 0.0087890625 0.0107421875
2 0.9775390625 0.4560546875 0.01171875 0.013671875
2 0.9892578125 0.4853515625 0.021484375 0.0263671875
2 0.9638671875 0.5234375 0.0419921875 0.0458984375
0 0.92578125 0.4423828125 0.0078125 0.015625
0 0.939453125 0.44140625 0.0087890625 0.015625