2 0.9521484375 0.421875 0.0107421875 0.013671875
2 0.8349609375 0.4208984375 0.0087890625 0.0107421875
2 0.7421875 0.421875 0.0068359375 0.0087890625
2 0.6669921875 0.421875 0.0068359375 0.0078125
2 0.63671875 0.4208984375 0.0048828125 0.0078125
2 0.62890625 0.4189453125 0.00390625 0.005859375
2 0.626953125 0.416015625 0.00390625 0.005859375
2 0.623046875 0.4130859375 0.0029296875 0.00390625
2 0.6279296875 0.412109375 0.001953125 0.00390625
2 0.642578125 0.4111328125 0.001953125 0.00390625
2 0.6708984375 0.4091796875 0.001953125 0.0029296875
2 0.7021484375 0.408203125 0.001953125 0.0029296875
2 0.732421875 0.4072265625 0.001953125 0.0029296875
2 0.740234375 0.4072265625 0.0029296875 0.00390625
2 0.728515625 0.4091796875 0.001953125 0.00390625
2 0.705078125 0.41015625 0.0029296875 0.00390625
2 0.6884765625 0.4140625 0.00390625 0.005859375
2 0.673828125 0.4130859375 0.0029296875 0.00390625
2 0.6767578125 0.4140625 0.0029296875 0.0048828125
2 0.72265625 0.4130859375 0.00390625 0.005859375
2 0.7734375 0.412109375 0.00390625 0.005859375
2 0.830078125 0.4111328125 0.0048828125 0.0068359375
2 0.8984375 0.41015625 0.005859375 0.0087890625
2 0.95703125 0.4111328125 0.0068359375 0.0087890625
1 0.7119140625 0.5224609375 0.044921875 0.0537109375
1 0.873046875 0.46484375 0.0263671875 0.0302734375
1 0.8916015625 0.4404296875 0.0185546875 0.0205078125
1 0.8203125 0.4306640625 0.01171875 0.0146484375
1 0.748046875 0.4267578125 0.0087890625 0.0107421875
1 0.6416015625 0.4267578125 0.0078125 0.009765625
1 0.5810546875 0.42578125 0.005859375 0.0078125
1 0.552734375 0.4248046875 0.005859375 0.0078125
1 0.5576171875 0.421875 0.00390625 0.005859375
1 0.564453125 0.419921875 0.00390625 0.005859375
1 0.5693359375 0.4189453125 0.0029296875 0.0048828125
1 0.572265625 0.4169921875 0.0029296875 0.00390625
1 0.576171875 0.416015625 0.0029296875 0.00390625
1 0.578125 0.4150390625 0.0029296875 0.00390625
1 0.5810546875 0.4150390625 0.001953125 0.0029296875
1 0.5849609375 0.4140625 0.001953125 0.0029296875
1 0.6015625 0.4130859375 0.001953125 0.0029296875
1 0.662109375 0.41015625 0.001953125 0.0029296875
1 0.7451171875 0.4072265625 0.001953125 0.0029296875
1 0.7685546875 0.4072265625 0.001953125 0.0029296875
1 0.783203125 0.40625 0.001953125 0.0029296875
1 0.794921875 0.40625 0.001953125 0.0029296875
1 0.7783203125 0.4072265625 0.0029296875 0.0029296875
1 0.7578125 0.408203125 0.001953125 0.00390625
1 0.7373046875 0.4111328125 0.0029296875 0.0048828125
1 0.7314453125 0.4111328125 0.0029296875 0.00390625
1 0.7685546875 0.41015625 0.0029296875 0.0048828125
1 0.826171875 0.4091796875 0.00390625 0.005859375
1 0.9013671875 0.4072265625 0.0048828125 0.0068359375
1 0.9833984375 0.40625 0.005859375 0.0068359375