1 0.9951171875 0.466796875 0.0078125 0.0087890625
1 0.88671875 0.462890625 0.0068359375 0.0078125
1 0.802734375 0.4609375 0.0048828125 0.0068359375
1 0.732421875 0.458984375 0.00390625 0.005859375
1 0.669921875 0.4560546875 0.00390625 0.005859375
1 0.6142578125 0.4560546875 0.00390625 0.005859375
1 0.5703125 0.45703125 0.00390625 0.005859375
1 0.544921875 0.458984375 0.00390625 0.005859375
1 0.541015625 0.4619140625 0.00390625 0.005859375
1 0.53515625 0.46484375 0.005859375 0.0087890625
1 0.5380859375 0.46875 0.0068359375 0.0087890625
1 0.583984375 0.47265625 0.0087890625 0.0126953125
1 0.54296875 0.4794921875 0.0126953125 0.015625
1 0.46875 0.494140625 0.01953125 0.0234375
1 0.3994140625 0.5263671875 0.033203125 0.0400390625
2 0.837890625 0.529296875 0.0390625 0.0419921875
2 0.703125 0.4931640625 0.017578125 0.0234375
2 0.716796875 0.4814453125 0.0126953125 0.017578125
2 0.7470703125 0.474609375 0.0107421875 0.0146484375
2 0.724609375 0.46875 0.0087890625 0.0126953125
2 0.6630859375 0.4658203125 0.0078125 0.009765625
2 0.63671875 0.462890625 0.005859375 0.0087890625
2 0.619140625 0.4599609375 0.005859375 0.0078125
2 0.650390625 0.45703125 0.0048828125 0.0068359375
2 0.689453125 0.4580078125 0.00390625 0.0068359375
2 0.94140625 0.466796875 0.0078125 0.0107421875
2 0.8251953125 0.462890625 0.005859375 0.0087890625