2 0.6669921875 0.431640625 0.0107421875 0.013671875
2 0.7763671875 0.431640625 0.013671875 0.0146484375
2 0.86328125 0.4365234375 0.017578125 0.0185546875
2 0.990234375 0.451171875 0.0185546875 0.029296875
2 0.220703125 0.4609375 0.013671875 0.017578125
2 0.3447265625 0.4482421875 0.0107421875 0.013671875
2 0.4609375 0.439453125 0.0087890625 0.0126953125
2 0.5771484375 0.43359375 0.009765625 0.0126953125
1 0.6181640625 0.4423828125 0.0126953125 0.0166015625
1 0.6611328125 0.455078125 0.0185546875 0.0224609375
1 0.6474609375 0.4970703125 0.0341796875 0.0419921875
1 0.13671875 0.4853515625 0.0244140625 0.0244140625
1 0.337890625 0.458984375 0.0146484375 0.017578125
1 0.498046875 0.4453125 0.01171875 0.015625