1 0.779296875 0.43359375 0.0029296875 0.00390625
1 0.8046875 0.435546875 0.0029296875 0.0048828125
1 0.837890625 0.4375 0.00390625 0.0048828125
1 0.9306640625 0.4443359375 0.005859375 0.0078125
1 0.984375 0.4453125 0.00390625 0.0048828125
1 0.9970703125 0.4521484375 0.0048828125 0.0087890625
1 0.0478515625 0.4775390625 0.0361328125 0.037109375
1 0.2197265625 0.4521484375 0.01953125 0.0224609375
1 0.3291015625 0.4384765625 0.01171875 0.013671875
1 0.3671875 0.43359375 0.0087890625 0.01171875
1 0.3984375 0.4296875 0.0078125 0.0087890625
1 0.431640625 0.427734375 0.005859375 0.0078125
1 0.46875 0.427734375 0.0048828125 0.0068359375
1 0.515625 0.4287109375 0.0048828125 0.005859375
1 0.568359375 0.4296875 0.00390625 0.005859375
1 0.6103515625 0.4296875 0.00390625 0.005859375
1 0.5966796875 0.4267578125 0.001953125 0.00390625
1 0.5712890625 0.42578125 0.0029296875 0.00390625
1 0.759765625 0.431640625 0.0029296875 0.00390625
1 0.599609375 0.4228515625 0.001953125 0.0029296875
1 0.544921875 0.4208984375 0.001953125 0.0029296875
1 0.513671875 0.4208984375 0.001953125 0.0029296875
1 0.4873046875 0.419921875 0.0029296875 0.0029296875
1 0.46875 0.4189453125 0.0029296875 0.00390625
1 0.46484375 0.419921875 0.00390625 0.0029296875
1 0.4833984375 0.4208984375 0.0029296875 0.00390625
1 0.51171875 0.421875 0.001953125 0.00390625
1 0.5439453125 0.423828125 0.0029296875 0.00390625
2 0.673828125 0.427734375 0.001953125 0.0029296875
2 0.6845703125 0.427734375 0.001953125 0.0029296875
2 0.6962890625 0.4296875 0.001953125 0.0029296875
2 0.7109375 0.4306640625 0.0029296875 0.00390625
2 0.7255859375 0.431640625 0.0029296875 0.00390625
2 0.74609375 0.43359375 0.00390625 0.0048828125
2 0.771484375 0.435546875 0.00390625 0.0048828125
2 0.8076171875 0.4384765625 0.00390625 0.005859375
2 0.849609375 0.44140625 0.0048828125 0.0068359375
2 0.876953125 0.4443359375 0.005859375 0.0078125
2 0.8701171875 0.4482421875 0.0068359375 0.0087890625
2 0.91796875 0.4541015625 0.0087890625 0.0107421875
2 0.654296875 0.42578125 0.001953125 0.0029296875
2 0.62109375 0.4248046875 0.001953125 0.0029296875
2 0.587890625 0.423828125 0.001953125 0.00390625
2 0.5517578125 0.421875 0.001953125 0.00390625
2 0.521484375 0.4208984375 0.001953125 0.00390625
2 0.505859375 0.4208984375 0.001953125 0.00390625
2 0.5263671875 0.421875 0.0029296875 0.00390625
2 0.55859375 0.423828125 0.0029296875 0.00390625
2 0.59375 0.42578125 0.0029296875 0.00390625
2 0.62890625 0.427734375 0.0029296875 0.00390625
2 0.654296875 0.4296875 0.0029296875 0.0048828125
2 0.6708984375 0.431640625 0.0029296875 0.00390625
2 0.681640625 0.4326171875 0.0029296875 0.0048828125
2 0.673828125 0.43359375 0.00390625 0.0048828125
2 0.63671875 0.4326171875 0.00390625 0.005859375
2 0.5947265625 0.4326171875 0.00390625 0.005859375
2 0.541015625 0.431640625 0.005859375 0.0078125
2 0.5068359375 0.4326171875 0.005859375 0.0078125
2 0.501953125 0.4404296875 0.0078125 0.01171875
2 0.5029296875 0.4482421875 0.009765625 0.015625
2 0.498046875 0.4638671875 0.015625 0.0224609375
2 0.5 0.494140625 0.029296875 0.033203125
2 0.7080078125 0.5986328125 0.0634765625 0.048828125
0 0.822265625 0.4306640625 0.0048828125 0.005859375