2 0.9794921875 0.423828125 0.01171875 0.013671875
2 0.8564453125 0.421875 0.0087890625 0.0107421875
2 0.7607421875 0.421875 0.0068359375 0.0087890625
2 0.6826171875 0.421875 0.005859375 0.0078125
2 0.6513671875 0.4208984375 0.005859375 0.0078125
2 0.64453125 0.4189453125 0.00390625 0.005859375
2 0.6416015625 0.416015625 0.00390625 0.0048828125
2 0.640625 0.4130859375 0.00390625 0.0048828125
2 0.6376953125 0.4130859375 0.0029296875 0.00390625
2 0.6572265625 0.4111328125 0.001953125 0.00390625
2 0.6865234375 0.41015625 0.001953125 0.0029296875
2 0.7177734375 0.4091796875 0.001953125 0.0029296875
2 0.755859375 0.408203125 0.001953125 0.00390625
2 0.744140625 0.408203125 0.0029296875 0.00390625
2 0.7216796875 0.4111328125 0.001953125 0.00390625
2 0.703125 0.412109375 0.0029296875 0.00390625
2 0.689453125 0.4140625 0.00390625 0.0048828125
2 0.6923828125 0.4140625 0.00390625 0.0048828125
2 0.7041015625 0.4140625 0.0029296875 0.0048828125
2 0.7392578125 0.4140625 0.00390625 0.005859375
2 0.791015625 0.4130859375 0.00390625 0.005859375
2 0.849609375 0.412109375 0.0048828125 0.0068359375
2 0.9208984375 0.4111328125 0.0068359375 0.0078125
2 0.98046875 0.412109375 0.0078125 0.0087890625
1 0.740234375 0.5302734375 0.046875 0.0546875
1 0.9052734375 0.4677734375 0.02734375 0.03125
1 0.9189453125 0.4423828125 0.0185546875 0.021484375
1 0.8427734375 0.431640625 0.01171875 0.0146484375
1 0.765625 0.427734375 0.0087890625 0.0107421875
1 0.6572265625 0.4267578125 0.0078125 0.009765625
1 0.5947265625 0.4267578125 0.0068359375 0.0087890625
1 0.56640625 0.4248046875 0.005859375 0.0078125
1 0.572265625 0.4208984375 0.00390625 0.005859375
1 0.578125 0.419921875 0.00390625 0.005859375
1 0.5830078125 0.4189453125 0.00390625 0.0048828125
1 0.5869140625 0.4169921875 0.0029296875 0.00390625
1 0.5908203125 0.416015625 0.0029296875 0.00390625
1 0.5947265625 0.4150390625 0.001953125 0.0029296875
1 0.5986328125 0.4140625 0.001953125 0.0029296875
1 0.6162109375 0.4130859375 0.001953125 0.0029296875
1 0.6767578125 0.41015625 0.001953125 0.0029296875
1 0.7607421875 0.4072265625 0.001953125 0.0029296875
1 0.78515625 0.4072265625 0.001953125 0.00390625
1 0.8125 0.4072265625 0.001953125 0.0029296875
1 0.7958984375 0.408203125 0.001953125 0.0029296875
1 0.7744140625 0.4091796875 0.001953125 0.00390625
1 0.75390625 0.412109375 0.0029296875 0.0048828125
1 0.7470703125 0.4111328125 0.0029296875 0.0048828125
1 0.7861328125 0.4111328125 0.00390625 0.0048828125
1 0.8447265625 0.41015625 0.00390625 0.005859375