1 0.67578125 0.443359375 0.0029296875 0.00390625
1 0.6904296875 0.4443359375 0.0029296875 0.00390625
1 0.708984375 0.4453125 0.0029296875 0.00390625
1 0.728515625 0.4462890625 0.00390625 0.00390625
1 0.75390625 0.447265625 0.00390625 0.0048828125
1 0.78515625 0.4482421875 0.0048828125 0.005859375
1 0.82421875 0.44921875 0.0048828125 0.0068359375
1 0.8740234375 0.4521484375 0.0068359375 0.0078125
1 0.939453125 0.455078125 0.0078125 0.0087890625
1 0.033203125 0.5869140625 0.06640625 0.0693359375
1 0.298828125 0.4990234375 0.0283203125 0.0322265625
1 0.3701171875 0.474609375 0.0166015625 0.01953125
1 0.4033203125 0.4638671875 0.01171875 0.0146484375
1 0.421875 0.45703125 0.0078125 0.0107421875
1 0.4345703125 0.453125 0.005859375 0.0087890625
1 0.443359375 0.4501953125 0.005859375 0.0078125
1 0.44921875 0.4482421875 0.00390625 0.005859375
1 0.4541015625 0.447265625 0.0029296875 0.0048828125
1 0.4580078125 0.4453125 0.00390625 0.0048828125
1 0.482421875 0.4404296875 0.001953125 0.0029296875
1 0.5419921875 0.4404296875 0.001953125 0.00390625
1 0.5703125 0.4404296875 0.001953125 0.0029296875
1 0.6416015625 0.44140625 0.001953125 0.0029296875
1 0.662109375 0.4423828125 0.001953125 0.00390625
2 0.6025390625 0.44140625 0.001953125 0.0029296875
2 0.6103515625 0.44140625 0.001953125 0.0029296875
2 0.6171875 0.4423828125 0.001953125 0.00390625
2 0.626953125 0.443359375 0.001953125 0.00390625
2 0.638671875 0.443359375 0.0029296875 0.00390625
2 0.6513671875 0.4443359375 0.0029296875 0.00390625
2 0.666015625 0.4462890625 0.00390625 0.0048828125
2 0.6845703125 0.447265625 0.00390625 0.005859375
2 0.7060546875 0.4482421875 0.00390625 0.005859375
2 0.7333984375 0.44921875 0.0048828125 0.0068359375
2 0.7705078125 0.4521484375 0.005859375 0.0078125
2 0.818359375 0.455078125 0.0068359375 0.0087890625
2 0.888671875 0.4599609375 0.0087890625 0.01171875
2 0.994140625 0.4658203125 0.01171875 0.013671875
2 0.732421875 0.5009765625 0.025390625 0.0322265625
2 0.6435546875 0.4765625 0.0146484375 0.01953125
2 0.6015625 0.46484375 0.0107421875 0.0146484375
2 0.576171875 0.458984375 0.0078125 0.01171875
2 0.560546875 0.4541015625 0.0068359375 0.009765625
2 0.548828125 0.451171875 0.005859375 0.0078125
2 0.541015625 0.44921875 0.0048828125 0.0068359375
2 0.5341796875 0.4482421875 0.00390625 0.005859375
2 0.529296875 0.4462890625 0.00390625 0.0048828125
2 0.5244140625 0.4453125 0.0029296875 0.00390625
2 0.5205078125 0.4443359375 0.001953125 0.00390625
2 0.517578125 0.443359375 0.001953125 0.00390625
2 0.5107421875 0.44140625 0.001953125 0.0029296875
2 0.521484375 0.44140625 0.001953125 0.0029296875
2 0.55078125 0.4404296875 0.001953125 0.0029296875
2 0.5810546875 0.44140625 0.001953125 0.0029296875