1 0.044921875 0.5341796875 0.0400390625 0.0458984375
1 0.130859375 0.50390625 0.0283203125 0.029296875
1 0.2666015625 0.4794921875 0.017578125 0.01953125
1 0.3388671875 0.4677734375 0.01171875 0.0146484375
1 0.376953125 0.4619140625 0.009765625 0.01171875
1 0.42578125 0.45703125 0.0087890625 0.0107421875
1 0.49609375 0.4541015625 0.0078125 0.0087890625
1 0.55859375 0.4521484375 0.0078125 0.0087890625
1 0.6162109375 0.451171875 0.0068359375 0.0087890625
1 0.759765625 0.4482421875 0.005859375 0.0078125
1 0.849609375 0.447265625 0.0078125 0.0087890625
1 0.994140625 0.4462890625 0.0087890625 0.009765625
2 0.92578125 0.5703125 0.064453125 0.0654296875
2 0.494140625 0.5029296875 0.025390625 0.0322265625
2 0.505859375 0.4736328125 0.0146484375 0.01953125
2 0.5185546875 0.4609375 0.009765625 0.0126953125
2 0.58203125 0.4560546875 0.0087890625 0.01171875
2 0.6748046875 0.4521484375 0.0087890625 0.0126953125
2 0.7646484375 0.451171875 0.0087890625 0.0107421875
2 0.8779296875 0.4501953125 0.0087890625 0.0107421875