1 0.53125 0.5 0.03515625 0.041015625
1 0.4697265625 0.4619140625 0.0185546875 0.0234375
1 0.3857421875 0.4501953125 0.013671875 0.017578125
1 0.9375 0.416015625 0.009765625 0.0107421875
1 0.8583984375 0.4150390625 0.0087890625 0.009765625
1 0.751953125 0.4140625 0.0048828125 0.005859375
1 0.6962890625 0.4150390625 0.00390625 0.005859375
1 0.607421875 0.4169921875 0.00390625 0.0048828125
1 0.5380859375 0.4189453125 0.00390625 0.005859375
1 0.4833984375 0.421875 0.00390625 0.005859375
1 0.423828125 0.423828125 0.00390625 0.005859375
1 0.2900390625 0.4296875 0.00390625 0.0068359375
1 0.228515625 0.43359375 0.005859375 0.0068359375
1 0.1923828125 0.4375 0.005859375 0.0078125
1 0.169921875 0.4404296875 0.0078125 0.0087890625
1 0.1826171875 0.443359375 0.0078125 0.0107421875
1 0.2392578125 0.4443359375 0.009765625 0.0126953125
1 0.314453125 0.4462890625 0.0107421875 0.0146484375
2 0.70703125 0.41796875 0.005859375 0.0087890625
2 0.7490234375 0.4189453125 0.0078125 0.0087890625
2 0.8056640625 0.421875 0.0087890625 0.0107421875
2 0.9013671875 0.4248046875 0.01171875 0.0146484375
2 0.654296875 0.41796875 0.0048828125 0.005859375
2 0.5810546875 0.4189453125 0.0048828125 0.0068359375
2 0.509765625 0.421875 0.0048828125 0.0068359375
2 0.4306640625 0.4248046875 0.0048828125 0.0068359375
2 0.3564453125 0.4287109375 0.005859375 0.0078125
2 0.3037109375 0.4326171875 0.005859375 0.0078125
2 0.291015625 0.4345703125 0.0068359375 0.0087890625
2 0.326171875 0.435546875 0.0078125 0.0107421875
2 0.400390625 0.435546875 0.0087890625 0.01171875
2 0.4951171875 0.4375 0.0107421875 0.013671875
2 0.6181640625 0.4404296875 0.0126953125 0.0166015625
2 0.7529296875 0.4482421875 0.01953125 0.0234375
2 0.9580078125 0.470703125 0.037109375 0.0380859375