1 0.037109375 0.44921875 0.0244140625 0.025390625
1 0.189453125 0.44140625 0.0166015625 0.0185546875
1 0.30078125 0.439453125 0.0126953125 0.015625
1 0.384765625 0.439453125 0.0107421875 0.013671875
1 0.4609375 0.439453125 0.0107421875 0.0126953125
1 0.560546875 0.44140625 0.009765625 0.01171875
1 0.6513671875 0.443359375 0.0087890625 0.0107421875
1 0.7900390625 0.4482421875 0.0087890625 0.0107421875
1 0.9267578125 0.455078125 0.0087890625 0.0107421875
2 0.6611328125 0.5947265625 0.05859375 0.056640625
2 0.3349609375 0.4755859375 0.0263671875 0.03125
2 0.396484375 0.4541015625 0.0166015625 0.021484375
2 0.5146484375 0.4501953125 0.013671875 0.0166015625
2 0.615234375 0.4501953125 0.01171875 0.0146484375
2 0.73046875 0.4521484375 0.01171875 0.013671875
2 0.8798828125 0.458984375 0.01171875 0.013671875