2 0.8125 0.416015625 0.0078125 0.009765625
2 0.9091796875 0.4150390625 0.0087890625 0.01171875
2 0.9921875 0.4169921875 0.0107421875 0.0126953125
2 0.16796875 0.470703125 0.0205078125 0.0234375
2 0.333984375 0.451171875 0.0146484375 0.0185546875
2 0.4326171875 0.4404296875 0.01171875 0.0146484375
2 0.5126953125 0.4306640625 0.0087890625 0.01171875
2 0.572265625 0.42578125 0.0078125 0.0107421875
2 0.6455078125 0.4208984375 0.0087890625 0.009765625
2 0.7353515625 0.4169921875 0.0087890625 0.009765625
1 0.8037109375 0.4208984375 0.0087890625 0.0107421875
1 0.8740234375 0.4248046875 0.0126953125 0.0146484375
1 0.9423828125 0.4345703125 0.0185546875 0.0205078125
1 0.9609375 0.5048828125 0.048828125 0.052734375
1 0.3525390625 0.595703125 0.0537109375 0.0537109375
1 0.0048828125 0.5302734375 0.009765625 0.04296875
1 0.3330078125 0.4736328125 0.025390625 0.0263671875
1 0.4833984375 0.4501953125 0.0146484375 0.0185546875
1 0.5595703125 0.4375 0.0126953125 0.015625
1 0.619140625 0.4287109375 0.0087890625 0.01171875
1 0.7041015625 0.4228515625 0.0087890625 0.01171875