2 0.271484375 0.4921875 0.0380859375 0.04296875
2 0.0771484375 0.45703125 0.0263671875 0.0302734375
2 0.275390625 0.44140625 0.0166015625 0.01953125
2 0.5048828125 0.458984375 0.0205078125 0.0234375
2 0.8134765625 0.482421875 0.0234375 0.0283203125
2 0.1103515625 0.4287109375 0.0146484375 0.0166015625
1 0.86328125 0.466796875 0.0166015625 0.01953125
1 0.2275390625 0.42578125 0.01171875 0.0126953125
1 0.005859375 0.41015625 0.009765625 0.01171875
1 0.576171875 0.4482421875 0.013671875 0.0166015625
1 0.1123046875 0.41796875 0.0087890625 0.0107421875
1 0.3828125 0.435546875 0.0126953125 0.0146484375