1 0.5341796875 0.4306640625 0.005859375 0.0078125
1 0.62109375 0.4365234375 0.0068359375 0.0078125
1 0.7392578125 0.443359375 0.0048828125 0.0107421875
1 0.876953125 0.4521484375 0.009765625 0.0107421875
1 0.0947265625 0.466796875 0.029296875 0.03125
1 0.2451171875 0.447265625 0.015625 0.01953125
1 0.3046875 0.4375 0.0107421875 0.013671875
1 0.2607421875 0.4306640625 0.0107421875 0.0126953125
1 0.1845703125 0.423828125 0.0087890625 0.0107421875
1 0.09375 0.4189453125 0.0087890625 0.0107421875
1 0.41796875 0.4228515625 0.0048828125 0.0068359375
1 0.3720703125 0.419921875 0.00390625 0.005859375
1 0.3330078125 0.41796875 0.00390625 0.005859375
1 0.26171875 0.4130859375 0.0029296875 0.0048828125
1 0.21875 0.4111328125 0.00390625 0.0048828125
1 0.1396484375 0.408203125 0.0029296875 0.0048828125
1 0.0712890625 0.40625 0.00390625 0.0048828125
1 0.0126953125 0.404296875 0.0048828125 0.005859375
1 0.001953125 0.4140625 0.00390625 0.009765625
2 0.2373046875 0.4140625 0.0048828125 0.005859375
2 0.2705078125 0.416015625 0.0048828125 0.005859375
2 0.3076171875 0.4189453125 0.0048828125 0.005859375
2 0.35546875 0.421875 0.005859375 0.0078125
2 0.4033203125 0.42578125 0.005859375 0.0078125
2 0.4677734375 0.4296875 0.0068359375 0.0087890625
2 0.5546875 0.435546875 0.0078125 0.009765625
2 0.68359375 0.4443359375 0.0087890625 0.0107421875
2 0.84375 0.455078125 0.0107421875 0.0126953125
2 0.1904296875 0.4111328125 0.00390625 0.005859375
2 0.1240234375 0.4091796875 0.0048828125 0.005859375
2 0.0546875 0.4072265625 0.0048828125 0.005859375
2 0.0244140625 0.4111328125 0.0078125 0.0087890625
2 0.1279296875 0.416015625 0.0068359375 0.0087890625
2 0.2255859375 0.4208984375 0.0078125 0.0087890625
2 0.302734375 0.42578125 0.0078125 0.009765625
2 0.37109375 0.4306640625 0.0087890625 0.0107421875
2 0.4404296875 0.4365234375 0.009765625 0.0126953125
2 0.490234375 0.4443359375 0.0107421875 0.0146484375
2 0.4794921875 0.453125 0.0126953125 0.017578125
2 0.4697265625 0.46875 0.0205078125 0.025390625
2 0.4775390625 0.51953125 0.037109375 0.0478515625
0 0.4677734375 0.41796875 0.0048828125 0.0087890625