2 0.8291015625 0.443359375 0.005859375 0.0078125
2 0.8876953125 0.4443359375 0.0068359375 0.0087890625
2 0.94140625 0.4462890625 0.0087890625 0.009765625
2 0.96875 0.451171875 0.0107421875 0.0126953125
2 0.982421875 0.4560546875 0.01171875 0.0146484375
2 0.990234375 0.46484375 0.017578125 0.0185546875
2 0.890625 0.560546875 0.05859375 0.0625
2 0.6767578125 0.48828125 0.0234375 0.0283203125
2 0.6171875 0.46875 0.0146484375 0.0185546875
2 0.5859375 0.458984375 0.0107421875 0.013671875
2 0.5693359375 0.453125 0.0078125 0.0107421875
2 0.5654296875 0.44921875 0.0068359375 0.0087890625
2 0.59765625 0.4462890625 0.005859375 0.0078125
2 0.6640625 0.4443359375 0.0048828125 0.0068359375
2 0.744140625 0.443359375 0.005859375 0.0068359375
1 0.8203125 0.44140625 0.0048828125 0.005859375
1 0.9130859375 0.4423828125 0.005859375 0.0078125
1 0.220703125 0.578125 0.0615234375 0.072265625
1 0.3701171875 0.4931640625 0.025390625 0.0283203125
1 0.41796875 0.46875 0.013671875 0.017578125
1 0.4296875 0.4609375 0.009765625 0.0126953125
1 0.44140625 0.4541015625 0.0078125 0.0107421875
1 0.4541015625 0.4501953125 0.0068359375 0.0087890625
1 0.48046875 0.447265625 0.005859375 0.0078125
1 0.5322265625 0.4453125 0.005859375 0.0068359375
1 0.6005859375 0.4443359375 0.00390625 0.005859375
1 0.6611328125 0.4423828125 0.00390625 0.0048828125