1 0.3095703125 0.525390625 0.037109375 0.0439453125
2 0.6533203125 0.4638671875 0.013671875 0.017578125
2 0.66796875 0.478515625 0.017578125 0.0234375
2 0.7939453125 0.5185546875 0.041015625 0.0439453125
2 0.6904296875 0.45703125 0.0107421875 0.013671875
2 0.7939453125 0.453125 0.0107421875 0.0126953125
2 0.939453125 0.4521484375 0.01171875 0.0126953125
1 0.4345703125 0.4638671875 0.01171875 0.015625
1 0.51171875 0.4560546875 0.009765625 0.01171875
1 0.4013671875 0.482421875 0.0185546875 0.0224609375
1 0.716796875 0.4482421875 0.0087890625 0.009765625
1 0.86328125 0.447265625 0.0087890625 0.0107421875
1 0.599609375 0.451171875 0.0087890625 0.0107421875