1 0.0986328125 0.4482421875 0.0205078125 0.0224609375
1 0.0732421875 0.44140625 0.0185546875 0.0205078125
1 0.0517578125 0.4111328125 0.0068359375 0.0078125
1 0.232421875 0.416015625 0.0048828125 0.005859375
1 0.3115234375 0.4189453125 0.00390625 0.005859375
1 0.3720703125 0.4208984375 0.00390625 0.0048828125
1 0.43359375 0.423828125 0.00390625 0.0048828125
1 0.4873046875 0.4248046875 0.001953125 0.00390625
1 0.537109375 0.4306640625 0.0048828125 0.005859375
1 0.7197265625 0.443359375 0.005859375 0.0078125
1 0.87109375 0.453125 0.0068359375 0.009765625
2 0.6826171875 0.603515625 0.056640625 0.041015625
2 0.359375 0.5009765625 0.037109375 0.04296875
2 0.373046875 0.4580078125 0.0185546875 0.021484375
2 0.306640625 0.4423828125 0.0126953125 0.0166015625
2 0.17578125 0.4326171875 0.0126953125 0.0146484375
2 0.0244140625 0.4248046875 0.01171875 0.013671875
2 0.0283203125 0.4130859375 0.0078125 0.0087890625
2 0.10546875 0.4140625 0.005859375 0.0078125
2 0.171875 0.416015625 0.005859375 0.0078125
2 0.244140625 0.41796875 0.005859375 0.0078125
2 0.31640625 0.419921875 0.00390625 0.005859375
2 0.8583984375 0.4580078125 0.0107421875 0.0126953125
2 0.73828125 0.4482421875 0.0087890625 0.0107421875
2 0.634765625 0.44140625 0.0078125 0.009765625
2 0.5458984375 0.4345703125 0.0068359375 0.0078125
2 0.470703125 0.4296875 0.0048828125 0.0078125
2 0.4228515625 0.4267578125 0.0048828125 0.005859375
2 0.3681640625 0.4228515625 0.00390625 0.005859375