1 0.3603515625 0.427734375 0.0087890625 0.0107421875
1 0.482421875 0.4326171875 0.0087890625 0.0107421875
1 0.615234375 0.439453125 0.0087890625 0.0107421875
1 0.7314453125 0.447265625 0.009765625 0.01171875
1 0.84765625 0.4560546875 0.0126953125 0.0146484375
1 0.103515625 0.427734375 0.015625 0.0166015625
1 0.2216796875 0.4267578125 0.01171875 0.013671875
2 0.5224609375 0.4404296875 0.0107421875 0.013671875
2 0.65234375 0.447265625 0.01171875 0.0146484375
2 0.7763671875 0.4580078125 0.013671875 0.0166015625
2 0.9189453125 0.4755859375 0.0205078125 0.021484375
2 0.666015625 0.599609375 0.0390625 0.0478515625
2 0.2900390625 0.4853515625 0.033203125 0.0380859375
2 0.20703125 0.453125 0.0224609375 0.025390625
2 0.279296875 0.439453125 0.015625 0.0185546875
2 0.3896484375 0.4365234375 0.01171875 0.0146484375