1 0.7509765625 0.4326171875 0.001953125 0.00390625
1 0.77734375 0.43359375 0.0029296875 0.0048828125
1 0.8095703125 0.4365234375 0.00390625 0.0048828125
1 0.85546875 0.4404296875 0.00390625 0.005859375
1 0.9013671875 0.443359375 0.005859375 0.0068359375
1 0.955078125 0.4482421875 0.005859375 0.0068359375
1 0.970703125 0.451171875 0.0068359375 0.0087890625
1 0.984375 0.4541015625 0.0078125 0.009765625
1 0.0078125 0.486328125 0.0146484375 0.037109375
1 0.1865234375 0.453125 0.021484375 0.0234375
1 0.302734375 0.4375 0.01171875 0.0146484375
1 0.3408203125 0.431640625 0.009765625 0.01171875
1 0.373046875 0.427734375 0.0078125 0.0087890625
1 0.4072265625 0.42578125 0.005859375 0.0078125
1 0.443359375 0.42578125 0.005859375 0.0068359375
1 0.4912109375 0.4267578125 0.00390625 0.005859375
1 0.544921875 0.427734375 0.00390625 0.005859375
1 0.5859375 0.427734375 0.00390625 0.0048828125
1 0.5712890625 0.4267578125 0.0029296875 0.00390625
1 0.544921875 0.423828125 0.0029296875 0.00390625
1 0.732421875 0.4306640625 0.001953125 0.00390625
1 0.5732421875 0.421875 0.001953125 0.0029296875
1 0.5458984375 0.4208984375 0.001953125 0.0029296875
1 0.517578125 0.421875 0.0029296875 0.00390625
1 0.4873046875 0.41796875 0.001953125 0.0029296875
1 0.4609375 0.4169921875 0.0029296875 0.00390625
1 0.439453125 0.41796875 0.0029296875 0.00390625
1 0.4365234375 0.4169921875 0.0029296875 0.00390625
1 0.45703125 0.4189453125 0.0029296875 0.00390625
1 0.484375 0.4208984375 0.0029296875 0.00390625
2 0.669921875 0.427734375 0.0029296875 0.00390625
2 0.6845703125 0.4287109375 0.0029296875 0.00390625
2 0.7197265625 0.431640625 0.00390625 0.0048828125
2 0.7451171875 0.4345703125 0.00390625 0.0048828125
2 0.7822265625 0.4365234375 0.00390625 0.005859375
2 0.82421875 0.4404296875 0.0048828125 0.0068359375
2 0.8525390625 0.4443359375 0.005859375 0.0078125
2 0.84765625 0.447265625 0.0078125 0.0087890625
2 0.896484375 0.453125 0.0087890625 0.0107421875
2 0.626953125 0.4248046875 0.001953125 0.0029296875
2 0.59375 0.4228515625 0.001953125 0.0029296875
2 0.560546875 0.421875 0.001953125 0.00390625
2 0.525390625 0.419921875 0.001953125 0.00390625
2 0.494140625 0.4189453125 0.001953125 0.0029296875
2 0.478515625 0.4189453125 0.0029296875 0.00390625
2 0.5 0.419921875 0.0029296875 0.00390625
2 0.5322265625 0.421875 0.0029296875 0.00390625
2 0.568359375 0.423828125 0.0029296875 0.00390625
2 0.603515625 0.42578125 0.0029296875 0.00390625
2 0.62890625 0.427734375 0.0029296875 0.00390625
2 0.646484375 0.4296875 0.0029296875 0.0048828125
2 0.6572265625 0.431640625 0.00390625 0.0048828125
2 0.6494140625 0.431640625 0.00390625 0.005859375
2 0.61328125 0.431640625 0.00390625 0.005859375
2 0.572265625 0.4306640625 0.0048828125 0.0068359375
2 0.5185546875 0.4306640625 0.005859375 0.0078125
2 0.484375 0.431640625 0.005859375 0.0087890625
2 0.482421875 0.4384765625 0.0068359375 0.0107421875
2 0.486328125 0.447265625 0.0107421875 0.015625
2 0.48828125 0.46484375 0.0185546875 0.0234375
2 0.501953125 0.5009765625 0.0341796875 0.0380859375
0 0.6962890625 0.4287109375 0.00390625 0.0078125
0 0.7001953125 0.4287109375 0.0048828125 0.0087890625
0 0.75 0.4306640625 0.00390625 0.0078125
0 0.75390625 0.4306640625 0.005859375 0.0087890625