1 0.1484375 0.580078125 0.05859375 0.0654296875
1 0.0078125 0.4716796875 0.0126953125 0.0146484375
1 0.04296875 0.466796875 0.01171875 0.0126953125
1 0.095703125 0.4619140625 0.0087890625 0.0107421875
1 0.1708984375 0.4580078125 0.0078125 0.0087890625
1 0.2353515625 0.4560546875 0.0068359375 0.0087890625
1 0.2900390625 0.4541015625 0.0078125 0.0087890625
1 0.48046875 0.4501953125 0.005859375 0.0068359375
1 0.5732421875 0.44921875 0.005859375 0.0078125
1 0.650390625 0.44921875 0.00390625 0.0068359375
1 0.7392578125 0.44921875 0.0048828125 0.005859375
1 0.83203125 0.4501953125 0.005859375 0.0078125
1 0.935546875 0.453125 0.0087890625 0.0107421875
2 0.771484375 0.529296875 0.04296875 0.0478515625
2 0.4296875 0.498046875 0.0263671875 0.029296875
2 0.19921875 0.486328125 0.0185546875 0.0234375
2 0.1953125 0.4716796875 0.0126953125 0.015625
2 0.201171875 0.462890625 0.0087890625 0.01171875
2 0.259765625 0.458984375 0.0078125 0.0107421875
2 0.3427734375 0.455078125 0.0068359375 0.009765625
2 0.4150390625 0.4541015625 0.005859375 0.0087890625
2 0.49609375 0.4521484375 0.005859375 0.0087890625
2 0.583984375 0.4521484375 0.005859375 0.0087890625
2 0.837890625 0.45703125 0.0087890625 0.0107421875
2 0.7431640625 0.4541015625 0.0078125 0.009765625
2 0.65625 0.4521484375 0.005859375 0.0087890625