2 0.748046875 0.453125 0.005859375 0.0078125
2 0.8173828125 0.4560546875 0.005859375 0.0078125
2 0.87109375 0.458984375 0.0078125 0.0087890625
2 0.931640625 0.4638671875 0.0087890625 0.01171875
2 0.9765625 0.470703125 0.0126953125 0.013671875
2 0.9833984375 0.5654296875 0.0322265625 0.056640625
2 0.2060546875 0.4697265625 0.015625 0.0205078125
2 0.3330078125 0.462890625 0.01171875 0.015625
2 0.4140625 0.458984375 0.009765625 0.0126953125
2 0.4697265625 0.4560546875 0.0087890625 0.0107421875
2 0.5205078125 0.453125 0.0068359375 0.0087890625
2 0.5615234375 0.451171875 0.005859375 0.0087890625
2 0.6181640625 0.451171875 0.0068359375 0.0087890625
2 0.6884765625 0.4521484375 0.0068359375 0.0078125
1 0.740234375 0.4560546875 0.005859375 0.0078125
1 0.787109375 0.4599609375 0.0078125 0.009765625
1 0.822265625 0.46484375 0.0107421875 0.0126953125
1 0.859375 0.4736328125 0.0126953125 0.0166015625
1 0.79296875 0.4833984375 0.0185546875 0.021484375
1 0.583984375 0.4931640625 0.0234375 0.02734375
1 0.3671875 0.5166015625 0.0341796875 0.0390625
1 0.142578125 0.4951171875 0.02734375 0.0302734375
1 0.345703125 0.4775390625 0.017578125 0.0205078125
1 0.4580078125 0.4677734375 0.0126953125 0.015625
1 0.5263671875 0.4619140625 0.009765625 0.0126953125
1 0.5673828125 0.4580078125 0.0087890625 0.0107421875
1 0.603515625 0.455078125 0.0068359375 0.0087890625
1 0.666015625 0.4541015625 0.0078125 0.009765625