1 0.37109375 0.4248046875 0.0048828125 0.005859375
1 0.416015625 0.4287109375 0.0048828125 0.0068359375
1 0.4716796875 0.4326171875 0.005859375 0.0078125
1 0.5419921875 0.4384765625 0.0078125 0.0087890625
1 0.634765625 0.447265625 0.0078125 0.0107421875
1 0.7626953125 0.45703125 0.0107421875 0.0126953125
1 0.947265625 0.4716796875 0.013671875 0.0146484375
1 0.0048828125 0.4052734375 0.00390625 0.0048828125
1 0.080078125 0.4072265625 0.00390625 0.0048828125
1 0.138671875 0.41015625 0.00390625 0.0048828125
1 0.1982421875 0.4130859375 0.0029296875 0.00390625
1 0.244140625 0.4150390625 0.0029296875 0.0048828125
1 0.27734375 0.4169921875 0.00390625 0.0048828125
1 0.3037109375 0.4189453125 0.00390625 0.0048828125
1 0.3349609375 0.421875 0.00390625 0.005859375
2 0.212890625 0.4150390625 0.00390625 0.0048828125
2 0.234375 0.416015625 0.00390625 0.005859375
2 0.259765625 0.4189453125 0.0048828125 0.0068359375
2 0.291015625 0.421875 0.005859375 0.0078125
2 0.330078125 0.42578125 0.0068359375 0.0078125
2 0.380859375 0.4306640625 0.0068359375 0.0087890625
2 0.4453125 0.4375 0.0087890625 0.01171875
2 0.5341796875 0.4462890625 0.009765625 0.0126953125
2 0.6640625 0.4580078125 0.01171875 0.015625
2 0.8671875 0.4775390625 0.0166015625 0.0205078125
2 0.341796875 0.5107421875 0.0400390625 0.0458984375
2 0.1884765625 0.4638671875 0.0244140625 0.02734375
2 0.1240234375 0.4423828125 0.0185546875 0.0205078125
2 0.0859375 0.4306640625 0.013671875 0.015625
2 0.0615234375 0.4228515625 0.0107421875 0.01171875
2 0.044921875 0.4169921875 0.0087890625 0.0107421875
2 0.0322265625 0.4140625 0.0078125 0.0087890625
2 0.0224609375 0.4111328125 0.005859375 0.0078125
2 0.015625 0.4091796875 0.0048828125 0.0078125
2 0.0107421875 0.4072265625 0.00390625 0.005859375
2 0.0390625 0.4072265625 0.00390625 0.005859375
2 0.1025390625 0.4091796875 0.00390625 0.005859375
2 0.166015625 0.412109375 0.00390625 0.005859375