2 0.23046875 0.462890625 0.01953125 0.021484375
2 0.4365234375 0.447265625 0.0146484375 0.017578125
2 0.51171875 0.4345703125 0.009765625 0.013671875
2 0.521484375 0.427734375 0.0068359375 0.0107421875
2 0.54296875 0.4208984375 0.0078125 0.009765625
2 0.6240234375 0.41796875 0.0068359375 0.0087890625
2 0.7109375 0.4130859375 0.005859375 0.0078125
2 0.763671875 0.4091796875 0.0048828125 0.0078125
2 0.849609375 0.3955078125 0.0029296875 0.0048828125
2 0.87890625 0.3935546875 0.0029296875 0.00390625
2 0.9736328125 0.390625 0.001953125 0.00390625
2 0.9775390625 0.416015625 0.0126953125 0.0146484375
1 0.0625 0.4970703125 0.03125 0.033203125
1 0.4326171875 0.4736328125 0.025390625 0.0283203125
1 0.6396484375 0.44921875 0.017578125 0.0205078125
1 0.6923828125 0.43359375 0.0126953125 0.015625
1 0.6494140625 0.4267578125 0.009765625 0.01171875
1 0.6650390625 0.4208984375 0.0078125 0.0107421875
1 0.734375 0.416015625 0.0078125 0.0087890625
1 0.83203125 0.4111328125 0.0068359375 0.0087890625
1 0.87109375 0.408203125 0.0068359375 0.0078125
1 0.875 0.404296875 0.00390625 0.0068359375
1 0.8291015625 0.4033203125 0.0048828125 0.005859375
1 0.8203125 0.4013671875 0.00390625 0.005859375
1 0.8544921875 0.400390625 0.0048828125 0.0068359375
1 0.9765625 0.3916015625 0.0029296875 0.00390625
1 0.990234375 0.3916015625 0.0029296875 0.0048828125
1 0.990234375 0.39453125 0.0029296875 0.0048828125
1 0.986328125 0.3974609375 0.00390625 0.005859375
1 0.982421875 0.400390625 0.00390625 0.005859375
1 0.9775390625 0.40234375 0.005859375 0.0068359375
1 0.9736328125 0.404296875 0.0068359375 0.0087890625
1 0.95703125 0.408203125 0.009765625 0.0107421875
1 0.873046875 0.4140625 0.009765625 0.0107421875
1 0.833984375 0.4189453125 0.0087890625 0.0107421875
1 0.826171875 0.4248046875 0.01171875 0.013671875
1 0.8466796875 0.4326171875 0.0126953125 0.0185546875
1 0.857421875 0.44921875 0.0205078125 0.0244140625
1 0.787109375 0.4970703125 0.0400390625 0.0458984375