1 0.1201171875 0.4443359375 0.0185546875 0.01953125
1 0.2421875 0.44140625 0.0146484375 0.0166015625
1 0.3310546875 0.4404296875 0.0126953125 0.0146484375
1 0.408203125 0.439453125 0.0107421875 0.0126953125
1 0.5087890625 0.44140625 0.009765625 0.01171875
1 0.59765625 0.4423828125 0.0078125 0.009765625
1 0.7294921875 0.4462890625 0.0078125 0.009765625
1 0.85546875 0.4521484375 0.0087890625 0.0107421875
2 0.724609375 0.6015625 0.0615234375 0.04296875
2 0.296875 0.48046875 0.029296875 0.033203125
2 0.3515625 0.45703125 0.0185546875 0.0224609375
2 0.46875 0.451171875 0.013671875 0.0166015625
2 0.5673828125 0.4501953125 0.01171875 0.0146484375
2 0.677734375 0.4501953125 0.01171875 0.0126953125
2 0.818359375 0.4560546875 0.01171875 0.0126953125
2 0.966796875 0.4638671875 0.013671875 0.0146484375