1 0.22265625 0.4189453125 0.005859375 0.0078125
1 0.3173828125 0.4248046875 0.0078125 0.0087890625
1 0.43359375 0.4306640625 0.0078125 0.009765625
1 0.57421875 0.4384765625 0.0087890625 0.0107421875
1 0.7197265625 0.4462890625 0.0078125 0.0107421875
1 0.8828125 0.4560546875 0.0107421875 0.0126953125
1 0.005859375 0.4501953125 0.0107421875 0.0263671875
1 0.1455078125 0.4150390625 0.0068359375 0.0087890625
1 0.0693359375 0.4111328125 0.0068359375 0.0078125
1 0.0029296875 0.4072265625 0.005859375 0.0078125
2 0.048828125 0.4140625 0.0087890625 0.009765625
2 0.1318359375 0.4189453125 0.0078125 0.009765625
2 0.23828125 0.42578125 0.0087890625 0.01171875
2 0.3671875 0.4326171875 0.0087890625 0.01171875
2 0.5400390625 0.4423828125 0.009765625 0.0126953125
2 0.7255859375 0.453125 0.01171875 0.013671875
2 0.908203125 0.46484375 0.013671875 0.0166015625
2 0.1005859375 0.4296875 0.0146484375 0.0166015625
2 0.23046875 0.439453125 0.015625 0.017578125
2 0.337890625 0.453125 0.0185546875 0.021484375
2 0.380859375 0.4755859375 0.0234375 0.0302734375
2 0.5029296875 0.5322265625 0.0478515625 0.0556640625
0 0.1220703125 0.4150390625 0.009765625 0.0185546875
0 0.140625 0.416015625 0.0126953125 0.0185546875
0 0.21484375 0.416015625 0.0087890625 0.015625
0 0.23046875 0.416015625 0.0087890625 0.015625