1 0.291015625 0.41796875 0.00390625 0.00390625
1 0.3134765625 0.419921875 0.00390625 0.0048828125
1 0.337890625 0.421875 0.00390625 0.005859375
1 0.3671875 0.4248046875 0.0048828125 0.005859375
1 0.40234375 0.427734375 0.0048828125 0.005859375
1 0.4453125 0.4306640625 0.005859375 0.0068359375
1 0.498046875 0.435546875 0.005859375 0.0078125
1 0.5654296875 0.44140625 0.0068359375 0.0087890625
1 0.6533203125 0.4482421875 0.0078125 0.009765625
1 0.7744140625 0.4580078125 0.0107421875 0.0126953125
1 0.953125 0.4736328125 0.0126953125 0.0146484375
1 0.001953125 0.4033203125 0.0029296875 0.0048828125
1 0.1005859375 0.4072265625 0.0029296875 0.00390625
1 0.1435546875 0.4091796875 0.0029296875 0.00390625
1 0.220703125 0.4130859375 0.001953125 0.00390625
1 0.2421875 0.4150390625 0.001953125 0.00390625
1 0.2568359375 0.4150390625 0.0029296875 0.00390625
1 0.2724609375 0.4169921875 0.0029296875 0.0048828125
2 0.1923828125 0.412109375 0.001953125 0.00390625
2 0.203125 0.4130859375 0.0029296875 0.00390625
2 0.2158203125 0.4140625 0.00390625 0.0048828125
2 0.23046875 0.416015625 0.00390625 0.0048828125
2 0.248046875 0.4169921875 0.00390625 0.005859375
2 0.26953125 0.419921875 0.00390625 0.005859375
2 0.29296875 0.421875 0.0048828125 0.0068359375
2 0.322265625 0.42578125 0.005859375 0.0078125
2 0.3583984375 0.4287109375 0.0068359375 0.0078125
2 0.404296875 0.4326171875 0.0068359375 0.0087890625
2 0.46484375 0.439453125 0.0087890625 0.0107421875
2 0.5478515625 0.447265625 0.0087890625 0.0126953125
2 0.669921875 0.458984375 0.0107421875 0.0146484375
2 0.861328125 0.478515625 0.0166015625 0.01953125
2 0.34765625 0.4970703125 0.033203125 0.0400390625
2 0.2236328125 0.458984375 0.021484375 0.0244140625
2 0.16796875 0.4423828125 0.0166015625 0.0185546875
2 0.134765625 0.4326171875 0.01171875 0.0146484375
2 0.11328125 0.42578125 0.009765625 0.01171875
2 0.09765625 0.421875 0.0078125 0.0107421875
2 0.0859375 0.41796875 0.0068359375 0.0087890625
2 0.0771484375 0.4150390625 0.005859375 0.0078125
2 0.0703125 0.4130859375 0.00390625 0.005859375
2 0.064453125 0.4111328125 0.00390625 0.005859375
2 0.0595703125 0.4091796875 0.0029296875 0.00390625
2 0.0546875 0.408203125 0.0029296875 0.00390625
2 0.0703125 0.4072265625 0.0029296875 0.00390625
2 0.115234375 0.408203125 0.0029296875 0.00390625
2 0.1611328125 0.41015625 0.001953125 0.00390625