1 0.8720703125 0.4931640625 0.041015625 0.0458984375
1 0.4453125 0.58203125 0.0693359375 0.076171875
1 0.1650390625 0.5068359375 0.0439453125 0.04296875
1 0.560546875 0.4560546875 0.0234375 0.0263671875
1 0.716796875 0.4345703125 0.015625 0.0185546875
1 0.8232421875 0.421875 0.0126953125 0.0146484375
1 0.8837890625 0.4140625 0.0107421875 0.0126953125
1 0.9228515625 0.408203125 0.0087890625 0.0107421875
1 0.9677734375 0.4033203125 0.0078125 0.009765625
2 0.080078125 0.478515625 0.0283203125 0.029296875
2 0.4140625 0.447265625 0.0185546875 0.0224609375
2 0.5869140625 0.4306640625 0.013671875 0.017578125
2 0.6982421875 0.4208984375 0.01171875 0.013671875
2 0.7734375 0.4130859375 0.0107421875 0.01171875
2 0.814453125 0.4091796875 0.0087890625 0.0107421875
2 0.859375 0.4052734375 0.0078125 0.009765625
2 0.9345703125 0.4013671875 0.0068359375 0.0087890625
2 0.9853515625 0.3984375 0.005859375 0.0078125
2 0.98046875 0.396484375 0.0048828125 0.005859375
2 0.958984375 0.3955078125 0.0048828125 0.0068359375
2 0.9677734375 0.3935546875 0.0048828125 0.005859375
2 0.9873046875 0.3916015625 0.0048828125 0.005859375