2 0.8232421875 0.4375 0.00390625 0.005859375
2 0.8623046875 0.4375 0.0048828125 0.005859375
2 0.8876953125 0.439453125 0.0048828125 0.0068359375
2 0.884765625 0.44140625 0.005859375 0.0078125
2 0.869140625 0.4443359375 0.0068359375 0.0087890625
2 0.83984375 0.447265625 0.0078125 0.0107421875
2 0.8232421875 0.4521484375 0.009765625 0.0126953125
2 0.849609375 0.4580078125 0.0126953125 0.015625
2 0.8154296875 0.521484375 0.0419921875 0.0458984375
2 0.701171875 0.4775390625 0.01953125 0.0234375
2 0.666015625 0.4619140625 0.0126953125 0.0166015625
2 0.64453125 0.453125 0.0087890625 0.0126953125
2 0.6328125 0.4482421875 0.0078125 0.009765625
2 0.623046875 0.4453125 0.005859375 0.0078125
2 0.6181640625 0.4423828125 0.0048828125 0.0078125
2 0.6455078125 0.439453125 0.00390625 0.005859375
2 0.69921875 0.4384765625 0.0029296875 0.0048828125
2 0.7607421875 0.4375 0.00390625 0.0048828125
1 0.7685546875 0.4365234375 0.0029296875 0.00390625
1 0.8271484375 0.4365234375 0.0029296875 0.0048828125
1 0.8955078125 0.4365234375 0.00390625 0.005859375
1 0.9609375 0.4375 0.005859375 0.0068359375
1 0.994140625 0.4404296875 0.0068359375 0.009765625
1 0.984375 0.447265625 0.009765625 0.01171875
1 0.37109375 0.5244140625 0.0400390625 0.04296875
1 0.45703125 0.4814453125 0.0185546875 0.0224609375
1 0.494140625 0.462890625 0.01171875 0.015625
1 0.5107421875 0.4541015625 0.0087890625 0.0126953125
1 0.5234375 0.4482421875 0.0068359375 0.0087890625
1 0.52734375 0.4462890625 0.0048828125 0.0078125
1 0.5322265625 0.443359375 0.0048828125 0.0068359375
1 0.5390625 0.44140625 0.00390625 0.005859375
1 0.5576171875 0.4404296875 0.00390625 0.005859375
1 0.59765625 0.4384765625 0.00390625 0.0048828125
1 0.6513671875 0.4384765625 0.0029296875 0.00390625