2 0.884765625 0.4365234375 0.0166015625 0.0185546875
2 0.7470703125 0.431640625 0.01171875 0.0146484375
2 0.6455078125 0.4306640625 0.0087890625 0.01171875
2 0.5673828125 0.4296875 0.0078125 0.009765625
2 0.5419921875 0.427734375 0.005859375 0.0087890625
2 0.5439453125 0.423828125 0.00390625 0.0068359375
2 0.55078125 0.421875 0.00390625 0.005859375
2 0.5546875 0.4208984375 0.00390625 0.005859375
2 0.5595703125 0.4189453125 0.0029296875 0.00390625
2 0.5634765625 0.41796875 0.00390625 0.00390625
2 0.568359375 0.4150390625 0.001953125 0.00390625
2 0.576171875 0.4140625 0.001953125 0.0029296875
2 0.5927734375 0.4130859375 0.001953125 0.00390625
2 0.623046875 0.412109375 0.001953125 0.00390625
2 0.6552734375 0.41015625 0.001953125 0.0029296875
2 0.6865234375 0.41015625 0.001953125 0.0029296875
2 0.693359375 0.41015625 0.001953125 0.00390625
2 0.69140625 0.41015625 0.001953125 0.00390625
2 0.677734375 0.4111328125 0.001953125 0.00390625
2 0.6513671875 0.4130859375 0.0029296875 0.00390625
2 0.6298828125 0.4150390625 0.0029296875 0.0048828125
2 0.61328125 0.4169921875 0.00390625 0.005859375
2 0.623046875 0.4169921875 0.00390625 0.005859375
2 0.6572265625 0.4169921875 0.00390625 0.005859375
2 0.708984375 0.4169921875 0.0048828125 0.0068359375
2 0.7685546875 0.416015625 0.005859375 0.0078125
2 0.841796875 0.416015625 0.0068359375 0.009765625
2 0.9052734375 0.4169921875 0.0087890625 0.0107421875
2 0.9892578125 0.4208984375 0.0126953125 0.013671875
1 0.548828125 0.5888671875 0.060546875 0.06640625
1 0.7509765625 0.478515625 0.029296875 0.033203125
1 0.697265625 0.44921875 0.015625 0.0205078125
1 0.6279296875 0.4404296875 0.01171875 0.0146484375
1 0.515625 0.4375 0.009765625 0.01171875
1 0.45703125 0.435546875 0.0078125 0.009765625
1 0.4365234375 0.4326171875 0.0068359375 0.0087890625
1 0.4501953125 0.4296875 0.005859375 0.0078125
1 0.466796875 0.4267578125 0.0048828125 0.0068359375
1 0.4814453125 0.4248046875 0.00390625 0.005859375
1 0.4931640625 0.4228515625 0.00390625 0.0048828125
1 0.5009765625 0.4208984375 0.0029296875 0.00390625
1 0.5087890625 0.419921875 0.0029296875 0.00390625
1 0.515625 0.4189453125 0.0029296875 0.00390625
1 0.521484375 0.41796875 0.001953125 0.00390625
1 0.52734375 0.4169921875 0.001953125 0.0029296875
1 0.53125 0.416015625 0.001953125 0.0029296875
1 0.5498046875 0.4150390625 0.001953125 0.001953125
1 0.615234375 0.412109375 0.001953125 0.0029296875
1 0.6572265625 0.41015625 0.001953125 0.0029296875
1 0.7001953125 0.408203125 0.001953125 0.0029296875
1 0.7236328125 0.408203125 0.001953125 0.0029296875
1 0.73828125 0.408203125 0.001953125 0.0029296875
1 0.748046875 0.408203125 0.001953125 0.0029296875
1 0.73046875 0.41015625 0.001953125 0.00390625
1 0.7080078125 0.4111328125 0.0029296875 0.00390625
1 0.6826171875 0.4130859375 0.0029296875 0.00390625
1 0.673828125 0.4140625 0.0029296875 0.00390625
1 0.677734375 0.4150390625 0.0029296875 0.00390625
1 0.849609375 0.412109375 0.005859375 0.0078125
1 0.939453125 0.4111328125 0.0068359375 0.0087890625