2 0.4658203125 0.5869140625 0.0634765625 0.0732421875
2 0.271484375 0.48046875 0.033203125 0.037109375
2 0.1640625 0.4482421875 0.021484375 0.0234375
2 0.0537109375 0.43359375 0.0185546875 0.0205078125
1 0.005859375 0.4072265625 0.0087890625 0.009765625
1 0.09375 0.4130859375 0.0068359375 0.0087890625
1 0.1865234375 0.41796875 0.0087890625 0.0107421875
1 0.306640625 0.42578125 0.009765625 0.01171875
1 0.44921875 0.43359375 0.0107421875 0.0126953125
1 0.6474609375 0.4453125 0.01171875 0.0146484375
1 0.830078125 0.45703125 0.0107421875 0.015625
2 0.087890625 0.419921875 0.0107421875 0.013671875
2 0.208984375 0.427734375 0.01171875 0.0146484375
2 0.3662109375 0.4384765625 0.013671875 0.0166015625
2 0.556640625 0.451171875 0.015625 0.01953125
2 0.8203125 0.46875 0.0185546875 0.0224609375