1 0.4091796875 0.419921875 0.0029296875 0.0048828125
1 0.4423828125 0.4228515625 0.00390625 0.0048828125
1 0.486328125 0.42578125 0.00390625 0.005859375
1 0.6015625 0.43359375 0.0048828125 0.0068359375
1 0.66796875 0.4384765625 0.005859375 0.0078125
1 0.712890625 0.443359375 0.0078125 0.0087890625
1 0.7578125 0.4482421875 0.0078125 0.009765625
1 0.8193359375 0.4541015625 0.009765625 0.0107421875
1 0.00390625 0.419921875 0.0078125 0.0126953125
1 0.0927734375 0.419921875 0.009765625 0.0107421875
1 0.1787109375 0.419921875 0.0068359375 0.0087890625
1 0.232421875 0.4189453125 0.0048828125 0.0078125
1 0.2265625 0.4169921875 0.0048828125 0.0068359375
1 0.1953125 0.4140625 0.0048828125 0.005859375
1 0.1494140625 0.4111328125 0.00390625 0.005859375
1 0.3828125 0.41796875 0.0029296875 0.0048828125
1 0.3583984375 0.4169921875 0.0029296875 0.0048828125
1 0.3359375 0.4150390625 0.0029296875 0.00390625
1 0.2958984375 0.412109375 0.0029296875 0.00390625
1 0.2666015625 0.4111328125 0.001953125 0.00390625
1 0.2109375 0.408203125 0.001953125 0.0029296875
1 0.1640625 0.40625 0.0029296875 0.00390625
1 0.125 0.4052734375 0.0029296875 0.00390625
1 0.0810546875 0.4033203125 0.0029296875 0.00390625
1 0.0302734375 0.4013671875 0.0029296875 0.00390625
1 0.0390625 0.40625 0.0048828125 0.005859375
1 0.1005859375 0.408203125 0.0048828125 0.005859375
2 0.2705078125 0.412109375 0.0029296875 0.0048828125
2 0.2880859375 0.4130859375 0.0029296875 0.00390625
2 0.3076171875 0.4150390625 0.0029296875 0.0048828125
2 0.33203125 0.4169921875 0.0029296875 0.0048828125
2 0.3544921875 0.41796875 0.00390625 0.005859375
2 0.3857421875 0.4208984375 0.00390625 0.005859375
2 0.4248046875 0.423828125 0.00390625 0.005859375
2 0.478515625 0.427734375 0.0048828125 0.0068359375
2 0.541015625 0.4326171875 0.005859375 0.0078125
2 0.5888671875 0.4365234375 0.0068359375 0.0087890625
2 0.6279296875 0.443359375 0.0087890625 0.0107421875
2 0.732421875 0.4541015625 0.0107421875 0.013671875
2 0.919921875 0.4658203125 0.0126953125 0.015625
2 0.2421875 0.4111328125 0.001953125 0.00390625
2 0.197265625 0.408203125 0.0029296875 0.00390625
2 0.150390625 0.40625 0.00390625 0.0048828125
2 0.0966796875 0.404296875 0.0029296875 0.00390625
2 0.0458984375 0.4033203125 0.00390625 0.0048828125
2 0.0166015625 0.40234375 0.00390625 0.0048828125
2 0.0234375 0.4033203125 0.00390625 0.005859375
2 0.0625 0.4052734375 0.0048828125 0.005859375
2 0.119140625 0.408203125 0.00390625 0.005859375
2 0.177734375 0.4111328125 0.0048828125 0.005859375
2 0.2333984375 0.4140625 0.00390625 0.005859375
2 0.2734375 0.4169921875 0.00390625 0.005859375
2 0.3037109375 0.4189453125 0.0048828125 0.005859375
2 0.3291015625 0.423828125 0.005859375 0.0078125
2 0.2900390625 0.423828125 0.0068359375 0.0087890625
2 0.2412109375 0.4248046875 0.0078125 0.009765625
2 0.166015625 0.427734375 0.0107421875 0.0126953125
2 0.1240234375 0.43359375 0.0146484375 0.0166015625
2 0.1513671875 0.4443359375 0.0185546875 0.0205078125
2 0.216796875 0.4638671875 0.025390625 0.02734375
2 0.3896484375 0.5166015625 0.0439453125 0.0498046875
0 0.3515625 0.416015625 0.00390625 0.009765625
0 0.4072265625 0.41796875 0.00390625 0.0087890625
0 0.412109375 0.41796875 0.0048828125 0.0087890625