2 0.1943359375 0.470703125 0.029296875 0.033203125
2 0.671875 0.4677734375 0.01953125 0.0234375
2 0.2265625 0.4365234375 0.0146484375 0.0185546875
2 0.0419921875 0.4462890625 0.0234375 0.025390625
2 0.4228515625 0.4501953125 0.0166015625 0.0205078125
2 0.0791015625 0.42578125 0.013671875 0.015625
2 0.408203125 0.541015625 0.052734375 0.060546875
1 0.7451171875 0.4580078125 0.0146484375 0.017578125
1 0.97265625 0.4716796875 0.0185546875 0.01953125
1 0.19140625 0.4228515625 0.0107421875 0.0126953125
1 0.3330078125 0.431640625 0.0107421875 0.013671875
1 0.083984375 0.416015625 0.0078125 0.0107421875
1 0.5029296875 0.4423828125 0.01171875 0.0146484375