1 0.779296875 0.4873046875 0.0380859375 0.0390625
1 0.416015625 0.5869140625 0.060546875 0.06640625
1 0.119140625 0.5126953125 0.0380859375 0.0400390625
1 0.521484375 0.4638671875 0.0234375 0.0263671875
1 0.74609375 0.4384765625 0.0166015625 0.01953125
1 0.859375 0.423828125 0.0126953125 0.0146484375
1 0.9501953125 0.4140625 0.01171875 0.0126953125
2 0.0810546875 0.482421875 0.025390625 0.029296875
2 0.40625 0.4541015625 0.0185546875 0.021484375
2 0.6083984375 0.4345703125 0.0146484375 0.0166015625
2 0.7353515625 0.421875 0.01171875 0.0146484375
2 0.8271484375 0.4140625 0.0107421875 0.0126953125
2 0.8955078125 0.4072265625 0.009765625 0.0107421875
2 0.9345703125 0.4033203125 0.0087890625 0.0107421875
2 0.978515625 0.3994140625 0.0078125 0.0087890625