2 0.6982421875 0.4033203125 0.0029296875 0.00390625
2 0.732421875 0.4033203125 0.001953125 0.00390625
2 0.751953125 0.40234375 0.0029296875 0.00390625
2 0.771484375 0.40234375 0.0029296875 0.00390625
2 0.77734375 0.40234375 0.0029296875 0.00390625
2 0.78515625 0.4033203125 0.00390625 0.0048828125
2 0.7783203125 0.404296875 0.00390625 0.005859375
2 0.748046875 0.4091796875 0.005859375 0.0078125
2 0.7275390625 0.4091796875 0.0048828125 0.005859375
2 0.81640625 0.41015625 0.0068359375 0.0087890625
2 0.87890625 0.4111328125 0.009765625 0.0107421875
2 0.83984375 0.41796875 0.0107421875 0.0126953125
2 0.7529296875 0.4267578125 0.01171875 0.0146484375
2 0.6904296875 0.4384765625 0.0166015625 0.0185546875
2 0.7578125 0.4560546875 0.0234375 0.0263671875
2 0.06640625 0.4658203125 0.0166015625 0.01953125
2 0.2216796875 0.4482421875 0.01171875 0.0146484375
2 0.3359375 0.435546875 0.0087890625 0.01171875
2 0.4091796875 0.4287109375 0.0078125 0.009765625
2 0.4609375 0.4228515625 0.005859375 0.0078125
2 0.4931640625 0.4189453125 0.0048828125 0.0068359375
2 0.5224609375 0.416015625 0.00390625 0.0068359375
2 0.5400390625 0.4150390625 0.00390625 0.005859375
2 0.556640625 0.4130859375 0.0029296875 0.0048828125
2 0.5703125 0.412109375 0.0029296875 0.00390625
2 0.5830078125 0.4111328125 0.0029296875 0.00390625
2 0.5947265625 0.4091796875 0.001953125 0.00390625
2 0.609375 0.408203125 0.001953125 0.00390625
2 0.669921875 0.4052734375 0.0029296875 0.00390625
1 0.6953125 0.4052734375 0.0029296875 0.00390625
1 0.7158203125 0.404296875 0.0029296875 0.00390625
1 0.7265625 0.404296875 0.001953125 0.00390625
1 0.7333984375 0.4052734375 0.0029296875 0.0048828125
1 0.7109375 0.4072265625 0.00390625 0.005859375
1 0.6630859375 0.41015625 0.00390625 0.005859375
1 0.6357421875 0.4130859375 0.00390625 0.005859375
1 0.642578125 0.4140625 0.00390625 0.0068359375
1 0.681640625 0.4150390625 0.0068359375 0.0078125
1 0.716796875 0.4169921875 0.0078125 0.009765625
1 0.6689453125 0.423828125 0.0087890625 0.0107421875
1 0.5634765625 0.431640625 0.0107421875 0.0126953125
1 0.4775390625 0.44140625 0.0126953125 0.015625
1 0.4228515625 0.458984375 0.0185546875 0.021484375
1 0.5 0.4892578125 0.03125 0.0361328125
1 0.447265625 0.595703125 0.0517578125 0.0537109375
1 0.14453125 0.48828125 0.029296875 0.0283203125
1 0.2685546875 0.4599609375 0.017578125 0.0205078125
1 0.349609375 0.4453125 0.0126953125 0.0146484375
1 0.4296875 0.43359375 0.0087890625 0.01171875
1 0.48828125 0.42578125 0.0078125 0.0087890625
1 0.53125 0.4208984375 0.005859375 0.0078125
1 0.5576171875 0.4169921875 0.0048828125 0.0068359375
1 0.578125 0.4150390625 0.00390625 0.005859375
1 0.5927734375 0.4130859375 0.00390625 0.0048828125
1 0.6064453125 0.4111328125 0.0029296875 0.00390625
1 0.6171875 0.41015625 0.001953125 0.00390625
1 0.6259765625 0.4091796875 0.0029296875 0.00390625
1 0.634765625 0.4072265625 0.001953125 0.00390625
1 0.6611328125 0.40625 0.001953125 0.00390625