1 0.041015625 0.453125 0.0244140625 0.025390625
1 0.1396484375 0.4423828125 0.0166015625 0.01953125
1 0.1220703125 0.4375 0.0146484375 0.0166015625
1 0.0361328125 0.431640625 0.013671875 0.015625
1 0.0185546875 0.412109375 0.0068359375 0.0078125
1 0.072265625 0.4130859375 0.0048828125 0.0068359375
1 0.119140625 0.4140625 0.005859375 0.0068359375
1 0.2802734375 0.41796875 0.00390625 0.005859375
1 0.353515625 0.4208984375 0.00390625 0.005859375
1 0.408203125 0.423828125 0.00390625 0.0048828125
1 0.4658203125 0.4248046875 0.0029296875 0.00390625
1 0.515625 0.4287109375 0.0029296875 0.0048828125
2 0.5625 0.435546875 0.005859375 0.0078125
1 0.6494140625 0.4375 0.0048828125 0.0068359375
1 0.728515625 0.4423828125 0.005859375 0.0078125
1 0.87109375 0.453125 0.0068359375 0.009765625
2 0.41796875 0.5380859375 0.0458984375 0.05859375
2 0.30859375 0.4765625 0.02734375 0.0322265625
2 0.36328125 0.451171875 0.0146484375 0.0185546875
2 0.3212890625 0.439453125 0.0107421875 0.0146484375
2 0.2138671875 0.431640625 0.0107421875 0.0126953125
2 0.08984375 0.42578125 0.009765625 0.01171875
2 0.0673828125 0.419921875 0.0078125 0.009765625
2 0.0556640625 0.416015625 0.0068359375 0.0078125
2 0.0986328125 0.416015625 0.005859375 0.0078125
2 0.1650390625 0.4169921875 0.005859375 0.0068359375
2 0.224609375 0.41796875 0.0048828125 0.0068359375
2 0.2890625 0.419921875 0.0048828125 0.005859375
2 0.35546875 0.4228515625 0.00390625 0.005859375
2 0.986328125 0.470703125 0.0146484375 0.015625
2 0.84375 0.4560546875 0.009765625 0.0126953125
2 0.734375 0.4482421875 0.0078125 0.0107421875
2 0.6416015625 0.44140625 0.0068359375 0.0087890625
2 0.4951171875 0.4306640625 0.005859375 0.0068359375
2 0.4521484375 0.427734375 0.0048828125 0.005859375
2 0.4033203125 0.4248046875 0.00390625 0.005859375