1 0.0517578125 0.591796875 0.0615234375 0.060546875
1 0.310546875 0.501953125 0.02734375 0.03125
1 0.37890625 0.4775390625 0.015625 0.01953125
1 0.4072265625 0.466796875 0.01171875 0.0146484375
1 0.42578125 0.4599609375 0.0087890625 0.0107421875
1 0.439453125 0.4560546875 0.0068359375 0.0087890625
1 0.48046875 0.4521484375 0.005859375 0.0078125
1 0.5390625 0.451171875 0.0048828125 0.0068359375
1 0.6015625 0.451171875 0.0048828125 0.0068359375
1 0.65625 0.451171875 0.0048828125 0.0068359375
1 0.72265625 0.451171875 0.0048828125 0.0068359375
1 0.791015625 0.453125 0.005859375 0.0068359375
1 0.869140625 0.455078125 0.005859375 0.0078125
1 0.95703125 0.45703125 0.0078125 0.0087890625
2 0.74609375 0.501953125 0.02734375 0.0302734375
2 0.6552734375 0.478515625 0.015625 0.0205078125
2 0.6123046875 0.466796875 0.0107421875 0.0146484375
2 0.5869140625 0.4609375 0.0078125 0.0107421875
2 0.5703125 0.4560546875 0.0078125 0.009765625
2 0.595703125 0.4541015625 0.005859375 0.0078125
2 0.662109375 0.453125 0.005859375 0.0078125
2 0.7490234375 0.4541015625 0.0068359375 0.0087890625
2 0.826171875 0.45703125 0.0078125 0.009765625
2 0.8916015625 0.4609375 0.009765625 0.0107421875
2 0.9970703125 0.4677734375 0.005859375 0.0126953125