1 0.4912109375 0.5400390625 0.0498046875 0.060546875
1 0.49609375 0.470703125 0.0234375 0.029296875
1 0.431640625 0.453125 0.015625 0.01953125
1 0.88671875 0.4091796875 0.0068359375 0.0078125
1 0.8203125 0.41015625 0.005859375 0.0068359375
1 0.716796875 0.4130859375 0.00390625 0.005859375
1 0.640625 0.4150390625 0.0048828125 0.0068359375
1 0.58203125 0.41796875 0.0048828125 0.005859375
1 0.5185546875 0.4208984375 0.0048828125 0.005859375
1 0.3837890625 0.4267578125 0.00390625 0.0068359375
1 0.322265625 0.4306640625 0.005859375 0.0068359375
1 0.28515625 0.43359375 0.005859375 0.0078125
1 0.2578125 0.4375 0.005859375 0.0087890625
1 0.2626953125 0.4404296875 0.0078125 0.0107421875
1 0.30859375 0.4423828125 0.0107421875 0.0126953125
1 0.3720703125 0.4462890625 0.0107421875 0.0146484375
2 0.830078125 0.4140625 0.0078125 0.0087890625
2 0.8798828125 0.416015625 0.0087890625 0.0107421875
2 0.9521484375 0.419921875 0.0107421875 0.013671875
2 0.7685546875 0.4140625 0.005859375 0.0078125
2 0.685546875 0.416015625 0.005859375 0.0078125
2 0.6083984375 0.41796875 0.005859375 0.0078125
2 0.5234375 0.421875 0.005859375 0.0078125
2 0.447265625 0.42578125 0.005859375 0.0078125
2 0.3916015625 0.4296875 0.005859375 0.0078125
2 0.375 0.431640625 0.0078125 0.009765625
2 0.4052734375 0.43359375 0.0078125 0.009765625
2 0.4755859375 0.4345703125 0.009765625 0.0126953125
2 0.568359375 0.4375 0.0126953125 0.015625
2 0.7021484375 0.443359375 0.0166015625 0.0205078125
2 0.865234375 0.4580078125 0.0263671875 0.0302734375