2 0.345703125 0.439453125 0.0029296875 0.00390625
2 0.361328125 0.439453125 0.0029296875 0.00390625
2 0.3447265625 0.44140625 0.00390625 0.0048828125
2 0.3212890625 0.44140625 0.0029296875 0.0048828125
2 0.2900390625 0.443359375 0.00390625 0.0048828125
2 0.26171875 0.4443359375 0.00390625 0.005859375
2 0.24609375 0.4453125 0.0048828125 0.005859375
2 0.25390625 0.447265625 0.005859375 0.0078125
2 0.291015625 0.44921875 0.005859375 0.0078125
2 0.3515625 0.44921875 0.005859375 0.0078125
2 0.42578125 0.4501953125 0.0068359375 0.0087890625
2 0.482421875 0.451171875 0.0078125 0.0107421875
2 0.5419921875 0.4560546875 0.009765625 0.0126953125
2 0.6123046875 0.462890625 0.0126953125 0.015625
2 0.7685546875 0.4765625 0.01953125 0.0224609375
2 0.7119140625 0.51953125 0.0400390625 0.0439453125
2 0.5302734375 0.4931640625 0.025390625 0.029296875
2 0.349609375 0.478515625 0.0166015625 0.0224609375
2 0.2177734375 0.4697265625 0.0146484375 0.017578125
2 0.1328125 0.4658203125 0.0126953125 0.0146484375
2 0.0908203125 0.4609375 0.0107421875 0.0126953125
2 0.1015625 0.45703125 0.0078125 0.009765625
2 0.1279296875 0.453125 0.0068359375 0.0087890625
2 0.1474609375 0.44921875 0.005859375 0.0078125
2 0.1630859375 0.447265625 0.0048828125 0.0068359375
2 0.1748046875 0.4462890625 0.00390625 0.005859375
2 0.1845703125 0.4443359375 0.00390625 0.005859375
2 0.19140625 0.443359375 0.00390625 0.0048828125
2 0.1982421875 0.4423828125 0.0029296875 0.00390625
2 0.208984375 0.44140625 0.0029296875 0.00390625
2 0.234375 0.4404296875 0.0029296875 0.00390625
2 0.2744140625 0.439453125 0.0029296875 0.00390625
2 0.3134765625 0.439453125 0.0029296875 0.00390625
1 0.326171875 0.439453125 0.0029296875 0.0048828125
1 0.357421875 0.4384765625 0.001953125 0.0029296875
1 0.3876953125 0.4384765625 0.001953125 0.00390625
1 0.41015625 0.439453125 0.0029296875 0.0048828125
1 0.3935546875 0.4404296875 0.0029296875 0.00390625
1 0.373046875 0.44140625 0.0029296875 0.0048828125
1 0.34765625 0.4423828125 0.0029296875 0.0048828125
1 0.3251953125 0.4443359375 0.00390625 0.0048828125
1 0.3291015625 0.4453125 0.00390625 0.005859375
1 0.35546875 0.447265625 0.0048828125 0.0068359375
1 0.4951171875 0.447265625 0.005859375 0.0078125
1 0.5546875 0.4482421875 0.0068359375 0.0087890625
1 0.619140625 0.451171875 0.0078125 0.009765625
1 0.6943359375 0.455078125 0.009765625 0.01171875
1 0.814453125 0.4609375 0.013671875 0.015625
1 0.1982421875 0.529296875 0.0380859375 0.04296875
1 0.1103515625 0.494140625 0.0234375 0.02734375
1 0.0205078125 0.4541015625 0.0078125 0.0087890625
1 0.0546875 0.451171875 0.0068359375 0.0078125
1 0.08203125 0.44921875 0.0048828125 0.0068359375
1 0.1015625 0.4462890625 0.0048828125 0.005859375
1 0.1201171875 0.4453125 0.00390625 0.0048828125
1 0.12890625 0.4443359375 0.0029296875 0.0048828125
1 0.140625 0.443359375 0.0029296875 0.00390625
1 0.1513671875 0.4423828125 0.0029296875 0.00390625
1 0.1708984375 0.44140625 0.0029296875 0.00390625
1 0.205078125 0.4404296875 0.001953125 0.00390625
1 0.248046875 0.4404296875 0.0029296875 0.0029296875