1 0.0751953125 0.443359375 0.0205078125 0.021484375
1 0.14453125 0.435546875 0.015625 0.0166015625
1 0.2197265625 0.431640625 0.01171875 0.0146484375
1 0.3134765625 0.431640625 0.009765625 0.01171875
1 0.3896484375 0.4326171875 0.0087890625 0.0107421875
1 0.455078125 0.43359375 0.0078125 0.0107421875
1 0.5185546875 0.435546875 0.0068359375 0.0087890625
1 0.60546875 0.4384765625 0.0078125 0.0087890625
1 0.69140625 0.4423828125 0.0068359375 0.0087890625
1 0.822265625 0.4482421875 0.0078125 0.0087890625
1 0.94921875 0.4560546875 0.0078125 0.0107421875
2 0.3427734375 0.560546875 0.0556640625 0.0693359375
2 0.337890625 0.4677734375 0.021484375 0.02734375
2 0.34765625 0.4443359375 0.0126953125 0.0166015625
2 0.423828125 0.439453125 0.0107421875 0.013671875
2 0.5263671875 0.44140625 0.0087890625 0.01171875
2 0.6181640625 0.4443359375 0.0087890625 0.0107421875
2 0.7275390625 0.447265625 0.0087890625 0.0107421875
2 0.86328125 0.455078125 0.009765625 0.01171875
2 0.99609375 0.4658203125 0.0068359375 0.0126953125