2 0.861328125 0.5 0.0263671875 0.0283203125
2 0.8876953125 0.48046875 0.017578125 0.0205078125
2 0.8564453125 0.470703125 0.0126953125 0.015625
2 0.796875 0.462890625 0.0087890625 0.0126953125
2 0.7236328125 0.458984375 0.0078125 0.0107421875
2 0.650390625 0.4541015625 0.0068359375 0.0087890625
2 0.5966796875 0.4521484375 0.005859375 0.0078125
2 0.541015625 0.4501953125 0.005859375 0.0078125
2 0.5107421875 0.4482421875 0.0048828125 0.0068359375
2 0.494140625 0.447265625 0.00390625 0.005859375
2 0.5166015625 0.4453125 0.00390625 0.005859375
2 0.546875 0.4453125 0.0029296875 0.0048828125
2 0.5498046875 0.4443359375 0.0029296875 0.00390625
2 0.525390625 0.443359375 0.001953125 0.00390625
2 0.5087890625 0.4423828125 0.0029296875 0.00390625
2 0.5107421875 0.4423828125 0.0029296875 0.00390625
2 0.52734375 0.44140625 0.001953125 0.00390625
2 0.5556640625 0.4423828125 0.001953125 0.00390625
2 0.58203125 0.4423828125 0.001953125 0.0029296875
2 0.6083984375 0.443359375 0.0029296875 0.00390625
2 0.6455078125 0.4443359375 0.0029296875 0.00390625
2 0.69921875 0.4453125 0.0029296875 0.00390625
2 0.732421875 0.4462890625 0.0029296875 0.00390625
2 0.7548828125 0.4482421875 0.00390625 0.005859375
2 0.7802734375 0.44921875 0.00390625 0.005859375
2 0.806640625 0.451171875 0.0048828125 0.0068359375
2 0.8447265625 0.453125 0.005859375 0.0068359375
2 0.9208984375 0.4560546875 0.005859375 0.0078125
1 0.3017578125 0.5087890625 0.03125 0.037109375
1 0.9423828125 0.4541015625 0.0048828125 0.005859375
1 0.87890625 0.451171875 0.00390625 0.0048828125
1 0.8515625 0.44921875 0.00390625 0.0048828125
1 0.8154296875 0.4482421875 0.0029296875 0.00390625
1 0.7783203125 0.4462890625 0.0029296875 0.00390625
1 0.736328125 0.4453125 0.001953125 0.00390625
1 0.6904296875 0.4443359375 0.0029296875 0.00390625
1 0.6513671875 0.4443359375 0.0029296875 0.00390625
1 0.6259765625 0.4423828125 0.0029296875 0.00390625
1 0.587890625 0.4423828125 0.001953125 0.0029296875
1 0.498046875 0.44140625 0.001953125 0.00390625
1 0.45703125 0.44140625 0.0029296875 0.00390625
1 0.4619140625 0.443359375 0.0029296875 0.00390625
1 0.4853515625 0.443359375 0.0029296875 0.00390625
1 0.482421875 0.4443359375 0.0029296875 0.0048828125
1 0.4453125 0.4443359375 0.00390625 0.005859375
1 0.4189453125 0.4462890625 0.00390625 0.005859375
1 0.431640625 0.4482421875 0.005859375 0.0068359375
1 0.4609375 0.4501953125 0.005859375 0.0078125
1 0.5322265625 0.453125 0.005859375 0.0087890625
1 0.5810546875 0.45703125 0.0078125 0.0107421875
1 0.630859375 0.462890625 0.0107421875 0.013671875
1 0.611328125 0.4697265625 0.0126953125 0.017578125
1 0.5107421875 0.482421875 0.01953125 0.0234375