2 0.955078125 0.560546875 0.0634765625 0.0625
2 0.865234375 0.486328125 0.0244140625 0.029296875
2 0.8564453125 0.466796875 0.015625 0.01953125
2 0.8466796875 0.455078125 0.0107421875 0.0146484375
2 0.84375 0.4482421875 0.0087890625 0.0107421875
2 0.8388671875 0.4423828125 0.0078125 0.009765625
2 0.8359375 0.4384765625 0.005859375 0.0078125
2 0.8466796875 0.4365234375 0.00390625 0.005859375
2 0.875 0.435546875 0.00390625 0.0048828125
2 0.93359375 0.4345703125 0.00390625 0.005859375
2 0.98046875 0.4462890625 0.009765625 0.01171875
2 0.9970703125 0.4501953125 0.0048828125 0.013671875
1 0.0458984375 0.5966796875 0.048828125 0.0537109375
1 0.4560546875 0.5009765625 0.0283203125 0.03125
1 0.5810546875 0.474609375 0.015625 0.0205078125
1 0.6474609375 0.4609375 0.0126953125 0.015625
1 0.6845703125 0.4541015625 0.009765625 0.0126953125
1 0.7080078125 0.44921875 0.0078125 0.0107421875
1 0.7255859375 0.4453125 0.0068359375 0.0087890625
1 0.73828125 0.4423828125 0.005859375 0.0078125
1 0.75 0.4404296875 0.00390625 0.005859375
1 0.7587890625 0.4384765625 0.00390625 0.005859375
1 0.765625 0.4365234375 0.00390625 0.0048828125
1 0.7978515625 0.435546875 0.0029296875 0.0048828125
1 0.84375 0.4345703125 0.0029296875 0.00390625
1 0.912109375 0.43359375 0.00390625 0.0048828125
1 0.9970703125 0.4326171875 0.00390625 0.005859375