1 0.498046875 0.4267578125 0.00390625 0.005859375
1 0.5615234375 0.431640625 0.005859375 0.0068359375
1 0.6474609375 0.4365234375 0.005859375 0.0078125
1 0.7646484375 0.4453125 0.0068359375 0.0087890625
1 0.90234375 0.4541015625 0.0087890625 0.0107421875
1 0.1376953125 0.4599609375 0.025390625 0.02734375
1 0.275390625 0.4443359375 0.015625 0.0185546875
1 0.333984375 0.4365234375 0.0107421875 0.013671875
1 0.2958984375 0.4296875 0.0087890625 0.01171875
1 0.2255859375 0.4228515625 0.0078125 0.009765625
1 0.1435546875 0.41796875 0.0078125 0.009765625
1 0.451171875 0.423828125 0.00390625 0.005859375
1 0.40625 0.4208984375 0.00390625 0.005859375
1 0.369140625 0.41796875 0.00390625 0.0048828125
1 0.302734375 0.4140625 0.0029296875 0.0048828125
1 0.2607421875 0.4111328125 0.0029296875 0.0048828125
1 0.1875 0.408203125 0.0029296875 0.0048828125
1 0.1240234375 0.40625 0.00390625 0.0048828125
1 0.0703125 0.404296875 0.0048828125 0.005859375
1 0.009765625 0.40234375 0.0048828125 0.005859375
1 0.05859375 0.4130859375 0.0087890625 0.0087890625
2 0.2783203125 0.4140625 0.00390625 0.005859375
2 0.3095703125 0.416015625 0.00390625 0.005859375
2 0.3447265625 0.4189453125 0.0048828125 0.005859375
2 0.3896484375 0.421875 0.0048828125 0.0068359375
2 0.4345703125 0.42578125 0.0048828125 0.0068359375
2 0.4970703125 0.4306640625 0.005859375 0.0078125
2 0.580078125 0.4365234375 0.0068359375 0.0087890625
2 0.7060546875 0.4453125 0.0087890625 0.0107421875
2 0.8642578125 0.45703125 0.01171875 0.013671875
2 0.2353515625 0.4111328125 0.00390625 0.005859375
2 0.1728515625 0.4091796875 0.00390625 0.005859375
2 0.109375 0.4072265625 0.00390625 0.005859375
2 0.033203125 0.404296875 0.0048828125 0.005859375
2 0.0810546875 0.4111328125 0.0068359375 0.0087890625
2 0.17578125 0.416015625 0.0068359375 0.0087890625
2 0.2646484375 0.419921875 0.0068359375 0.0087890625
2 0.3369140625 0.4248046875 0.0078125 0.0087890625
2 0.4013671875 0.4306640625 0.0078125 0.009765625
2 0.4658203125 0.4365234375 0.0087890625 0.01171875
2 0.509765625 0.4443359375 0.0107421875 0.013671875
2 0.49609375 0.451171875 0.0126953125 0.017578125
2 0.4775390625 0.46484375 0.017578125 0.0234375
2 0.4609375 0.505859375 0.03515625 0.0419921875
0 0.4287109375 0.4228515625 0.005859375 0.013671875
0 0.4384765625 0.4228515625 0.0068359375 0.0146484375
0 0.494140625 0.4248046875 0.005859375 0.0107421875
0 0.50390625 0.4248046875 0.0078125 0.0126953125