2 0.521484375 0.42578125 0.0029296875 0.00390625
2 0.53125 0.427734375 0.0029296875 0.00390625
2 0.5234375 0.427734375 0.0029296875 0.0048828125
2 0.4990234375 0.427734375 0.0029296875 0.0048828125
2 0.4873046875 0.4296875 0.00390625 0.005859375
2 0.51171875 0.431640625 0.00390625 0.005859375
2 0.5537109375 0.4345703125 0.0048828125 0.0078125
2 0.603515625 0.4375 0.005859375 0.0078125
2 0.6748046875 0.44140625 0.0068359375 0.0087890625
2 0.7509765625 0.447265625 0.0078125 0.009765625
2 0.8349609375 0.453125 0.0087890625 0.0107421875
2 0.9072265625 0.4638671875 0.0126953125 0.0146484375
2 0.974609375 0.48046875 0.01953125 0.0205078125
2 0.59765625 0.587890625 0.0673828125 0.072265625
2 0.1875 0.4814453125 0.029296875 0.0341796875
2 0.205078125 0.4541015625 0.0185546875 0.0205078125
2 0.2822265625 0.4423828125 0.0107421875 0.0146484375
2 0.3134765625 0.4365234375 0.0087890625 0.01171875
2 0.337890625 0.4326171875 0.0068359375 0.009765625
2 0.345703125 0.4306640625 0.005859375 0.0078125
2 0.328125 0.427734375 0.0048828125 0.0068359375
2 0.322265625 0.42578125 0.0048828125 0.0068359375
2 0.3291015625 0.423828125 0.00390625 0.005859375
2 0.357421875 0.4248046875 0.00390625 0.005859375
2 0.37890625 0.423828125 0.0029296875 0.0048828125
2 0.3818359375 0.421875 0.0029296875 0.0048828125
2 0.3603515625 0.4208984375 0.0029296875 0.00390625
2 0.3671875 0.4208984375 0.001953125 0.00390625
2 0.390625 0.4208984375 0.001953125 0.00390625
2 0.3955078125 0.4208984375 0.001953125 0.00390625
2 0.37109375 0.4189453125 0.001953125 0.0029296875
2 0.3486328125 0.41796875 0.001953125 0.0029296875
2 0.341796875 0.41796875 0.001953125 0.0029296875
2 0.3583984375 0.4189453125 0.001953125 0.0029296875
2 0.3818359375 0.4189453125 0.001953125 0.00390625
2 0.4111328125 0.419921875 0.001953125 0.001953125
2 0.443359375 0.4208984375 0.001953125 0.0029296875
2 0.4677734375 0.421875 0.001953125 0.0029296875
2 0.4892578125 0.4228515625 0.001953125 0.00390625
2 0.5 0.423828125 0.001953125 0.0029296875
1 0.56640625 0.427734375 0.001953125 0.00390625
1 0.5810546875 0.4287109375 0.001953125 0.00390625
1 0.59765625 0.4296875 0.001953125 0.00390625
1 0.53515625 0.4248046875 0.001953125 0.0029296875
1 0.5244140625 0.4248046875 0.001953125 0.0029296875
1 0.3076171875 0.4189453125 0.0029296875 0.00390625
1 0.2998046875 0.416015625 0.001953125 0.0029296875
1 0.3134765625 0.4169921875 0.001953125 0.0029296875
1 0.3359375 0.4189453125 0.001953125 0.0029296875
1 0.3515625 0.4189453125 0.001953125 0.0029296875
1 0.302734375 0.4189453125 0.0029296875 0.00390625
1 0.3330078125 0.4208984375 0.0029296875 0.00390625
1 0.2958984375 0.421875 0.00390625 0.0048828125
1 0.25390625 0.4208984375 0.00390625 0.005859375
1 0.2294921875 0.421875 0.00390625 0.005859375
1 0.22265625 0.4267578125 0.0068359375 0.0078125
1 0.201171875 0.4296875 0.0087890625 0.009765625
1 0.1298828125 0.4326171875 0.01171875 0.0126953125
1 0.01953125 0.4384765625 0.017578125 0.017578125
1 0.9580078125 0.45703125 0.0087890625 0.0107421875
1 0.8330078125 0.4482421875 0.0048828125 0.0078125
1 0.7353515625 0.4423828125 0.005859375 0.0078125
1 0.6435546875 0.4365234375 0.0048828125 0.0068359375
1 0.5947265625 0.43359375 0.00390625 0.005859375
1 0.5634765625 0.431640625 0.00390625 0.005859375
1 0.5673828125 0.4296875 0.0029296875 0.0048828125
1 0.583984375 0.4296875 0.0029296875 0.00390625
0 0.51171875 0.4228515625 0.00390625 0.005859375
0 0.548828125 0.4248046875 0.00390625 0.005859375