1 0.345703125 0.5234375 0.03515625 0.0390625
1 0.5322265625 0.48828125 0.0205078125 0.0234375
1 0.6025390625 0.4755859375 0.0146484375 0.0185546875
1 0.58203125 0.470703125 0.0126953125 0.0166015625
1 0.5107421875 0.4677734375 0.0107421875 0.013671875
1 0.4365234375 0.4638671875 0.0087890625 0.01171875
1 0.4130859375 0.4619140625 0.0078125 0.009765625
1 0.41796875 0.4580078125 0.005859375 0.0078125
1 0.423828125 0.455078125 0.0048828125 0.0068359375
1 0.4296875 0.4541015625 0.0048828125 0.0068359375
1 0.447265625 0.4521484375 0.0048828125 0.0068359375
1 0.484375 0.4501953125 0.0048828125 0.005859375
1 0.5224609375 0.44921875 0.00390625 0.005859375
1 0.556640625 0.4482421875 0.00390625 0.005859375
1 0.6982421875 0.4462890625 0.00390625 0.005859375
2 0.8369140625 0.5166015625 0.0380859375 0.0419921875
2 0.8486328125 0.48046875 0.01953125 0.0224609375
2 0.775390625 0.466796875 0.0146484375 0.0166015625
2 0.654296875 0.4619140625 0.0107421875 0.0126953125
2 0.544921875 0.4599609375 0.0087890625 0.0107421875
2 0.5234375 0.4560546875 0.005859375 0.0087890625
2 0.5126953125 0.453125 0.005859375 0.0078125
2 0.5419921875 0.451171875 0.005859375 0.0068359375
2 0.5947265625 0.44921875 0.005859375 0.0068359375
2 0.646484375 0.4482421875 0.0048828125 0.0068359375
2 0.708984375 0.447265625 0.0048828125 0.0068359375
2 0.7822265625 0.447265625 0.0048828125 0.005859375
2 0.9755859375 0.44921875 0.0087890625 0.0087890625
2 0.8408203125 0.4462890625 0.005859375 0.0078125
2 0.9091796875 0.447265625 0.005859375 0.0078125
1 0.77734375 0.4443359375 0.0029296875 0.005859375
1 0.8447265625 0.4443359375 0.0048828125 0.0078125
1 0.9228515625 0.4443359375 0.00390625 0.0068359375