1 0.630859375 0.50390625 0.037109375 0.044921875
1 0.5302734375 0.462890625 0.0205078125 0.025390625
1 0.43359375 0.451171875 0.0146484375 0.0185546875
1 0.9931640625 0.4130859375 0.0107421875 0.01171875
1 0.90625 0.4130859375 0.0087890625 0.009765625
1 0.8388671875 0.412109375 0.0068359375 0.0087890625
1 0.7880859375 0.412109375 0.00390625 0.005859375
1 0.7294921875 0.4130859375 0.0048828125 0.0068359375
1 0.6376953125 0.416015625 0.00390625 0.005859375
1 0.5673828125 0.4189453125 0.00390625 0.005859375
1 0.5126953125 0.4208984375 0.0048828125 0.0068359375
1 0.4521484375 0.423828125 0.0048828125 0.0068359375
1 0.3837890625 0.427734375 0.00390625 0.005859375
1 0.3193359375 0.4306640625 0.00390625 0.005859375
1 0.2587890625 0.435546875 0.005859375 0.0078125
1 0.2255859375 0.4384765625 0.005859375 0.0078125
1 0.203125 0.4423828125 0.0078125 0.009765625
1 0.2177734375 0.4443359375 0.0078125 0.0107421875
1 0.2763671875 0.4453125 0.009765625 0.0126953125
1 0.35546875 0.447265625 0.0107421875 0.0146484375
2 0.744140625 0.416015625 0.005859375 0.0087890625
2 0.791015625 0.4169921875 0.0078125 0.0087890625
2 0.85546875 0.4189453125 0.009765625 0.01171875
2 0.96484375 0.421875 0.0126953125 0.0146484375
2 0.6875 0.416015625 0.0048828125 0.0078125
2 0.6123046875 0.41796875 0.0048828125 0.0068359375
2 0.5400390625 0.421875 0.005859375 0.0068359375
2 0.4609375 0.42578125 0.0048828125 0.0068359375
2 0.38671875 0.4296875 0.005859375 0.0078125
2 0.333984375 0.4326171875 0.0068359375 0.0087890625
2 0.3232421875 0.435546875 0.0068359375 0.0087890625
2 0.3603515625 0.4365234375 0.0078125 0.0107421875
2 0.4375 0.435546875 0.009765625 0.0126953125
2 0.5380859375 0.4375 0.0107421875 0.0146484375
2 0.6708984375 0.439453125 0.013671875 0.017578125
2 0.8271484375 0.447265625 0.0205078125 0.0244140625