2 0.7890625 0.470703125 0.017578125 0.0205078125
2 0.4599609375 0.484375 0.0263671875 0.03125
2 0.9921875 0.4765625 0.015625 0.0185546875
2 0.6025390625 0.470703125 0.0185546875 0.0234375
1 0.2060546875 0.458984375 0.0205078125 0.0244140625
1 0.546875 0.453125 0.013671875 0.0166015625
1 0.390625 0.451171875 0.0146484375 0.0185546875
2 0.4482421875 0.53125 0.0458984375 0.0556640625
1 0.94921875 0.462890625 0.0126953125 0.013671875
1 0.8271484375 0.458984375 0.0126953125 0.0146484375
1 0.7001953125 0.4560546875 0.0126953125 0.0146484375
1 0.0107421875 0.4814453125 0.021484375 0.0400390625