1 0.8466796875 0.4404296875 0.0068359375 0.009765625
2 0.9638671875 0.4560546875 0.015625 0.0166015625
2 0.1787109375 0.5283203125 0.056640625 0.0595703125
2 0.201171875 0.4677734375 0.029296875 0.0322265625
2 0.314453125 0.4443359375 0.015625 0.0205078125
2 0.3056640625 0.4365234375 0.01171875 0.0166015625
2 0.2568359375 0.4287109375 0.0107421875 0.013671875
2 0.154296875 0.4228515625 0.009765625 0.0126953125
2 0.056640625 0.41796875 0.0087890625 0.0107421875
2 0.03125 0.416015625 0.0087890625 0.009765625
2 0.095703125 0.4140625 0.0078125 0.0087890625
2 0.17578125 0.4150390625 0.0068359375 0.0087890625
2 0.267578125 0.4169921875 0.005859375 0.0078125
2 0.3671875 0.4189453125 0.005859375 0.0078125
2 0.4462890625 0.421875 0.005859375 0.0078125
2 0.537109375 0.42578125 0.0068359375 0.0087890625
2 0.630859375 0.4326171875 0.0078125 0.0107421875
1 0.7138671875 0.4326171875 0.0078125 0.0087890625
1 0.6220703125 0.4267578125 0.005859375 0.0078125
1 0.548828125 0.4228515625 0.005859375 0.0068359375
1 0.466796875 0.4208984375 0.0048828125 0.0068359375
1 0.27734375 0.4150390625 0.005859375 0.0068359375
1 0.16796875 0.4130859375 0.005859375 0.0068359375
1 0.0439453125 0.4111328125 0.005859375 0.0078125
1 0.0673828125 0.43359375 0.015625 0.017578125
0 0.7529296875 0.4365234375 0.0126953125 0.021484375
0 0.7734375 0.4384765625 0.0126953125 0.021484375
0 0.8369140625 0.4365234375 0.0107421875 0.0185546875
0 0.857421875 0.4375 0.01171875 0.01953125
2 0.7626953125 0.44140625 0.009765625 0.013671875