1 0.0302734375 0.41796875 0.009765625 0.0107421875
1 0.08203125 0.4169921875 0.0078125 0.0087890625
1 0.0771484375 0.416015625 0.0078125 0.0087890625
1 0.033203125 0.4130859375 0.005859375 0.0078125
1 0.025390625 0.4052734375 0.00390625 0.0048828125
1 0.0654296875 0.40625 0.0029296875 0.00390625
1 0.1015625 0.4072265625 0.00390625 0.0048828125
1 0.13671875 0.408203125 0.00390625 0.0048828125
1 0.1845703125 0.4091796875 0.00390625 0.0048828125
1 0.228515625 0.4111328125 0.00390625 0.00390625
1 0.2861328125 0.4130859375 0.0029296875 0.00390625
1 0.328125 0.4150390625 0.0029296875 0.00390625
1 0.369140625 0.4169921875 0.0029296875 0.00390625
1 0.4013671875 0.4189453125 0.0029296875 0.0029296875
1 0.4267578125 0.419921875 0.0029296875 0.00390625
1 0.4736328125 0.4228515625 0.0029296875 0.0048828125
1 0.5126953125 0.42578125 0.00390625 0.005859375
1 0.576171875 0.4306640625 0.00390625 0.005859375
1 0.6357421875 0.435546875 0.0048828125 0.0068359375
1 0.662109375 0.4384765625 0.005859375 0.0078125
1 0.6708984375 0.44140625 0.005859375 0.0087890625
1 0.6787109375 0.447265625 0.0078125 0.01171875
1 0.697265625 0.455078125 0.01171875 0.0146484375
1 0.8310546875 0.4697265625 0.0166015625 0.01953125
2 0.36328125 0.5166015625 0.0419921875 0.05078125
2 0.2119140625 0.4638671875 0.0244140625 0.02734375
2 0.1474609375 0.4404296875 0.015625 0.0185546875
2 0.1171875 0.4287109375 0.01171875 0.0146484375
2 0.12890625 0.423828125 0.009765625 0.0126953125
2 0.1962890625 0.4208984375 0.0078125 0.01171875
2 0.140625 0.4150390625 0.0068359375 0.0078125
2 0.0673828125 0.4111328125 0.005859375 0.0078125
2 0.056640625 0.4091796875 0.0048828125 0.005859375
2 0.0517578125 0.4072265625 0.00390625 0.005859375
2 0.0830078125 0.4072265625 0.00390625 0.005859375
2 0.1337890625 0.4091796875 0.00390625 0.0048828125
2 0.1796875 0.41015625 0.00390625 0.0048828125
2 0.2314453125 0.412109375 0.0029296875 0.00390625
2 0.2822265625 0.4140625 0.00390625 0.0048828125
2 0.712890625 0.4794921875 0.0224609375 0.0263671875
2 0.5498046875 0.458984375 0.0166015625 0.01953125
2 0.5029296875 0.4462890625 0.0107421875 0.0146484375
2 0.5302734375 0.44140625 0.009765625 0.0126953125
2 0.546875 0.4384765625 0.0078125 0.009765625
2 0.5537109375 0.4345703125 0.005859375 0.0087890625
2 0.525390625 0.4306640625 0.005859375 0.0078125
2 0.4833984375 0.4267578125 0.005859375 0.0078125
2 0.443359375 0.423828125 0.0048828125 0.005859375
2 0.4052734375 0.421875 0.00390625 0.0048828125
2 0.3701171875 0.4189453125 0.00390625 0.0048828125
2 0.34765625 0.4169921875 0.0029296875 0.0048828125
2 0.31640625 0.416015625 0.00390625 0.0048828125