1 0.451171875 0.4580078125 0.0048828125 0.0068359375
1 0.455078125 0.4599609375 0.005859375 0.0078125
1 0.4677734375 0.4677734375 0.0068359375 0.0107421875
1 0.4697265625 0.474609375 0.009765625 0.0126953125
1 0.455078125 0.4853515625 0.0146484375 0.01953125
1 0.40625 0.5087890625 0.0244140625 0.029296875
1 0.21875 0.5908203125 0.0595703125 0.0654296875
1 0.9287109375 0.4609375 0.005859375 0.0078125
1 0.87890625 0.4619140625 0.00390625 0.005859375
1 0.6953125 0.45703125 0.00390625 0.005859375
1 0.5341796875 0.4541015625 0.00390625 0.005859375
1 0.4833984375 0.455078125 0.00390625 0.005859375
1 0.4541015625 0.455078125 0.00390625 0.005859375
2 0.5380859375 0.458984375 0.0048828125 0.0078125
2 0.529296875 0.45703125 0.0048828125 0.0068359375
2 0.541015625 0.4560546875 0.00390625 0.005859375
2 0.58984375 0.455078125 0.0048828125 0.0068359375
2 0.6416015625 0.4560546875 0.0048828125 0.0068359375
2 0.6845703125 0.4580078125 0.005859375 0.0078125
2 0.7431640625 0.4609375 0.0068359375 0.0087890625
2 0.8095703125 0.462890625 0.0068359375 0.0087890625
2 0.9052734375 0.462890625 0.0078125 0.0087890625
2 0.974609375 0.462890625 0.0078125 0.009765625
2 0.591796875 0.466796875 0.0078125 0.0107421875
2 0.6318359375 0.47265625 0.0107421875 0.013671875
2 0.6767578125 0.4833984375 0.0166015625 0.0185546875
2 0.7607421875 0.505859375 0.02734375 0.029296875
0 0.4658203125 0.4609375 0.0078125 0.0146484375
0 0.5673828125 0.4599609375 0.0078125 0.013671875
0 0.572265625 0.4599609375 0.0078125 0.0146484375