2 0.046875 0.478515625 0.0244140625 0.025390625
2 0.2177734375 0.4521484375 0.0146484375 0.0166015625
2 0.291015625 0.44140625 0.01171875 0.013671875
2 0.4404296875 0.4326171875 0.0068359375 0.009765625
2 0.5537109375 0.4287109375 0.0087890625 0.0107421875
2 0.6376953125 0.421875 0.0078125 0.009765625
2 0.6572265625 0.4189453125 0.005859375 0.0087890625
2 0.666015625 0.416015625 0.0048828125 0.005859375
2 0.7373046875 0.41015625 0.0048828125 0.005859375
2 0.978515625 0.40234375 0.0068359375 0.0087890625
1 0.3359375 0.4921875 0.03125 0.03515625
1 0.3759765625 0.458984375 0.017578125 0.0205078125
1 0.4404296875 0.4453125 0.0126953125 0.0146484375
1 0.568359375 0.435546875 0.0107421875 0.013671875
1 0.7119140625 0.427734375 0.0107421875 0.0126953125
1 0.7705078125 0.421875 0.0087890625 0.0107421875
1 0.7763671875 0.416015625 0.0068359375 0.0087890625
1 0.7568359375 0.4130859375 0.0068359375 0.009765625
1 0.7880859375 0.41015625 0.005859375 0.0078125
1 0.888671875 0.40625 0.005859375 0.0078125
1 0.912109375 0.4072265625 0.0048828125 0.0078125
1 0.908203125 0.41015625 0.005859375 0.0068359375
1 0.9052734375 0.4130859375 0.005859375 0.0078125
1 0.8994140625 0.4189453125 0.009765625 0.0107421875
1 0.8798828125 0.4267578125 0.01171875 0.0146484375
1 0.8681640625 0.4404296875 0.0166015625 0.01953125
1 0.81640625 0.46875 0.0283203125 0.0302734375
1 0.693359375 0.541015625 0.0537109375 0.05859375