1 0.08203125 0.4150390625 0.0068359375 0.0078125
1 0.17578125 0.41796875 0.0048828125 0.0078125
1 0.2646484375 0.423828125 0.0048828125 0.005859375
1 0.3466796875 0.4267578125 0.00390625 0.005859375
1 0.4189453125 0.4306640625 0.0078125 0.0087890625
1 0.5537109375 0.439453125 0.0078125 0.0087890625
1 0.6689453125 0.4462890625 0.0078125 0.009765625
1 0.861328125 0.4580078125 0.009765625 0.01171875
2 0.5634765625 0.5556640625 0.0517578125 0.0625
2 0.2158203125 0.482421875 0.03125 0.03515625
2 0.095703125 0.41796875 0.0068359375 0.0087890625
2 0.9169921875 0.46875 0.0126953125 0.015625
2 0.7470703125 0.45703125 0.0107421875 0.013671875
2 0.595703125 0.447265625 0.009765625 0.01171875
2 0.462890625 0.439453125 0.0087890625 0.0107421875
2 0.34375 0.431640625 0.0078125 0.009765625
2 0.267578125 0.4267578125 0.0068359375 0.0087890625
2 0.1806640625 0.421875 0.0068359375 0.0087890625