2 0.9052734375 0.435546875 0.00390625 0.005859375
2 0.943359375 0.435546875 0.00390625 0.005859375
2 0.9638671875 0.4365234375 0.0048828125 0.0068359375
2 0.9541015625 0.4384765625 0.005859375 0.0078125
2 0.931640625 0.4404296875 0.0068359375 0.0087890625
2 0.89453125 0.443359375 0.0078125 0.009765625
2 0.8671875 0.447265625 0.0078125 0.0107421875
2 0.8759765625 0.4521484375 0.0107421875 0.0126953125
2 0.9794921875 0.4619140625 0.0166015625 0.0185546875
2 0.841796875 0.54296875 0.0537109375 0.0556640625
2 0.7529296875 0.4833984375 0.0224609375 0.02734375
2 0.7236328125 0.4638671875 0.013671875 0.017578125
2 0.7138671875 0.4541015625 0.009765625 0.0126953125
2 0.705078125 0.4482421875 0.0078125 0.0107421875
2 0.701171875 0.4453125 0.0048828125 0.0078125
2 0.6962890625 0.4423828125 0.00390625 0.0068359375
2 0.6943359375 0.4404296875 0.00390625 0.005859375
2 0.69921875 0.4384765625 0.00390625 0.005859375
2 0.7265625 0.4375 0.00390625 0.0048828125
2 0.7802734375 0.4365234375 0.00390625 0.0048828125
2 0.8427734375 0.435546875 0.00390625 0.0048828125
1 0.8515625 0.4345703125 0.00390625 0.0048828125
1 0.912109375 0.4345703125 0.00390625 0.0048828125
1 0.98046875 0.4345703125 0.00390625 0.0048828125
1 0.318359375 0.5390625 0.0458984375 0.0517578125
1 0.48828125 0.4833984375 0.0205078125 0.0234375
1 0.54296875 0.4658203125 0.0126953125 0.015625
1 0.57421875 0.4560546875 0.009765625 0.0126953125
1 0.5908203125 0.44921875 0.0078125 0.009765625
1 0.6044921875 0.4453125 0.005859375 0.0078125
1 0.609375 0.4423828125 0.00390625 0.0068359375
1 0.615234375 0.4404296875 0.00390625 0.005859375
1 0.6240234375 0.439453125 0.00390625 0.005859375
1 0.642578125 0.4375 0.00390625 0.0048828125
1 0.6806640625 0.4365234375 0.00390625 0.0048828125
1 0.734375 0.435546875 0.0029296875 0.0048828125
1 0.78515625 0.4345703125 0.00390625 0.0048828125