1 0.333984375 0.4267578125 0.00390625 0.0068359375
1 0.431640625 0.4296875 0.0048828125 0.0068359375
1 0.5341796875 0.435546875 0.005859375 0.0078125
1 0.6181640625 0.4404296875 0.005859375 0.0078125
1 0.689453125 0.4453125 0.0087890625 0.0126953125
1 0.7802734375 0.455078125 0.009765625 0.01171875
1 0.8955078125 0.46875 0.0126953125 0.015625
1 0.037109375 0.42578125 0.0107421875 0.013671875
1 0.1318359375 0.423828125 0.0087890625 0.01171875
1 0.2216796875 0.423828125 0.0078125 0.009765625
1 0.333984375 0.423828125 0.0029296875 0.00390625
2 0.443359375 0.43359375 0.0068359375 0.009765625
2 0.5380859375 0.439453125 0.0078125 0.009765625
2 0.6123046875 0.4453125 0.0087890625 0.01171875
2 0.65234375 0.4541015625 0.0126953125 0.0146484375
2 0.751953125 0.47265625 0.0166015625 0.0205078125
2 0.974609375 0.501953125 0.02734375 0.03125
2 0.3837890625 0.52734375 0.0390625 0.052734375
2 0.251953125 0.470703125 0.0244140625 0.029296875
2 0.1982421875 0.4453125 0.0146484375 0.0185546875
2 0.1796875 0.4345703125 0.0126953125 0.015625
2 0.24609375 0.4306640625 0.009765625 0.01171875
2 0.3388671875 0.431640625 0.0068359375 0.009765625