2 0.5185546875 0.5947265625 0.0556640625 0.0576171875
2 0.2705078125 0.490234375 0.037109375 0.041015625
2 0.21484375 0.4521484375 0.0224609375 0.025390625
2 0.15234375 0.4345703125 0.0166015625 0.0185546875
2 0.0703125 0.4248046875 0.0146484375 0.0166015625
2 0.0107421875 0.4091796875 0.0087890625 0.0107421875
2 0.1005859375 0.4150390625 0.0087890625 0.0107421875
2 0.2001953125 0.421875 0.0107421875 0.0126953125
2 0.326171875 0.4306640625 0.0107421875 0.013671875
2 0.474609375 0.4404296875 0.0126953125 0.015625
2 0.671875 0.453125 0.0146484375 0.0185546875
2 0.93359375 0.4716796875 0.017578125 0.0205078125
1 0.0302734375 0.4052734375 0.0078125 0.0087890625
1 0.107421875 0.41015625 0.005859375 0.0078125
1 0.1865234375 0.4150390625 0.0078125 0.0087890625
1 0.2890625 0.4208984375 0.0087890625 0.0107421875
1 0.4072265625 0.427734375 0.009765625 0.0107421875
1 0.568359375 0.4375 0.0107421875 0.0126953125
1 0.7138671875 0.4462890625 0.0107421875 0.013671875
1 0.9306640625 0.4541015625 0.005859375 0.005859375