1 0.375 0.5966796875 0.0546875 0.052734375
1 0.525390625 0.4853515625 0.02734375 0.03515625
1 0.4853515625 0.45703125 0.017578125 0.0224609375
1 0.98046875 0.4072265625 0.005859375 0.0078125
1 0.8505859375 0.41015625 0.005859375 0.0068359375
1 0.7607421875 0.412109375 0.005859375 0.0068359375
1 0.693359375 0.4150390625 0.0048828125 0.0068359375
1 0.623046875 0.41796875 0.0048828125 0.0068359375
1 0.5498046875 0.419921875 0.0048828125 0.0068359375
1 0.482421875 0.423828125 0.00390625 0.0068359375
1 0.4189453125 0.4267578125 0.005859375 0.0078125
1 0.3798828125 0.4306640625 0.005859375 0.0078125
1 0.34765625 0.4375 0.0078125 0.0107421875
1 0.384765625 0.44140625 0.009765625 0.0126953125
1 0.4384765625 0.447265625 0.013671875 0.0166015625
2 0.9921875 0.4130859375 0.0087890625 0.0107421875
2 0.9130859375 0.4111328125 0.0078125 0.0087890625
2 0.8125 0.4130859375 0.005859375 0.0078125
2 0.7216796875 0.416015625 0.005859375 0.0078125
2 0.626953125 0.4189453125 0.005859375 0.0078125
2 0.544921875 0.4228515625 0.005859375 0.0078125
2 0.4853515625 0.4267578125 0.005859375 0.0078125
2 0.4658203125 0.4296875 0.0078125 0.009765625
2 0.4912109375 0.431640625 0.0078125 0.0107421875
2 0.560546875 0.43359375 0.009765625 0.013671875
2 0.65625 0.439453125 0.015625 0.017578125
2 0.810546875 0.44921875 0.0224609375 0.0244140625