1 0.048828125 0.5927734375 0.05859375 0.056640625
1 0.900390625 0.4501953125 0.0078125 0.009765625
1 0.78125 0.4501953125 0.0068359375 0.0087890625
1 0.6953125 0.451171875 0.0068359375 0.0087890625
1 0.6064453125 0.451171875 0.005859375 0.0068359375
1 0.51171875 0.4541015625 0.0068359375 0.0087890625
1 0.4228515625 0.4560546875 0.0068359375 0.0087890625
1 0.333984375 0.458984375 0.0078125 0.0107421875
1 0.2666015625 0.4638671875 0.009765625 0.0107421875
1 0.201171875 0.4697265625 0.01171875 0.0146484375
1 0.162109375 0.4775390625 0.0126953125 0.015625
1 0.1728515625 0.490234375 0.0185546875 0.0224609375
1 0.1728515625 0.5166015625 0.03125 0.033203125
2 0.8564453125 0.453125 0.0087890625 0.0107421875
2 0.7333984375 0.4541015625 0.0078125 0.0107421875
2 0.6083984375 0.455078125 0.0078125 0.0107421875
2 0.4990234375 0.4580078125 0.0078125 0.0107421875
2 0.4130859375 0.4619140625 0.0087890625 0.01171875
2 0.373046875 0.4658203125 0.0107421875 0.013671875
2 0.3916015625 0.47265625 0.013671875 0.0166015625
2 0.4765625 0.4833984375 0.0185546875 0.0234375
2 0.634765625 0.5126953125 0.033203125 0.0400390625