1 0.978515625 0.4697265625 0.0068359375 0.0087890625
1 0.8916015625 0.4677734375 0.0078125 0.0087890625
1 0.833984375 0.4677734375 0.0078125 0.009765625
1 0.80859375 0.4697265625 0.0087890625 0.0107421875
1 0.7783203125 0.47265625 0.0087890625 0.01171875
1 0.6953125 0.4716796875 0.0107421875 0.013671875
1 0.57421875 0.4638671875 0.009765625 0.01171875
1 0.4755859375 0.45703125 0.0087890625 0.01171875
1 0.3720703125 0.4501953125 0.0087890625 0.01171875
1 0.263671875 0.4453125 0.0078125 0.0107421875
1 0.1416015625 0.443359375 0.009765625 0.0107421875
1 0.0048828125 0.443359375 0.009765625 0.013671875
2 0.154296875 0.4697265625 0.0205078125 0.0234375
2 0.12890625 0.4560546875 0.0146484375 0.017578125
2 0.162109375 0.4501953125 0.01171875 0.015625
2 0.279296875 0.451171875 0.009765625 0.013671875
2 0.3955078125 0.45703125 0.0107421875 0.0146484375
2 0.5029296875 0.4638671875 0.0107421875 0.015625
2 0.64453125 0.474609375 0.013671875 0.0166015625
2 0.7822265625 0.4833984375 0.013671875 0.0166015625
2 0.912109375 0.4853515625 0.013671875 0.0146484375
2 0.9638671875 0.4814453125 0.01171875 0.013671875
2 0.9697265625 0.478515625 0.009765625 0.01171875
2 0.9833984375 0.4755859375 0.0087890625 0.0107421875
0 0.3037109375 0.5009765625 0.044921875 0.068359375
0 0.33203125 0.5068359375 0.0546875 0.0673828125
2 0.3154296875 0.5146484375 0.025390625 0.0419921875