2 0.337890625 0.408203125 0.0029296875 0.0048828125
2 0.3740234375 0.41015625 0.0029296875 0.00390625
2 0.396484375 0.4111328125 0.0029296875 0.00390625
2 0.4169921875 0.4130859375 0.00390625 0.0048828125
2 0.4248046875 0.4140625 0.00390625 0.005859375
2 0.4345703125 0.416015625 0.00390625 0.005859375
2 0.431640625 0.4169921875 0.00390625 0.005859375
2 0.4013671875 0.4169921875 0.0048828125 0.0068359375
2 0.3798828125 0.41796875 0.005859375 0.0078125
2 0.408203125 0.421875 0.0068359375 0.009765625
2 0.494140625 0.4306640625 0.0087890625 0.0126953125
2 0.5732421875 0.4384765625 0.0107421875 0.013671875
2 0.552734375 0.447265625 0.013671875 0.017578125
2 0.4599609375 0.458984375 0.0185546875 0.025390625
2 0.3798828125 0.4951171875 0.033203125 0.04296875
2 0.02734375 0.4072265625 0.0087890625 0.01171875
2 0.0869140625 0.40625 0.0078125 0.0087890625
2 0.1220703125 0.4052734375 0.005859375 0.0078125
2 0.150390625 0.4052734375 0.005859375 0.0078125
2 0.1728515625 0.404296875 0.0048828125 0.0068359375
2 0.19140625 0.404296875 0.00390625 0.005859375
2 0.208984375 0.404296875 0.00390625 0.005859375
2 0.228515625 0.404296875 0.00390625 0.0048828125
2 0.26171875 0.4033203125 0.001953125 0.00390625
2 0.3046875 0.40625 0.00390625 0.0048828125
1 0.3349609375 0.408203125 0.0029296875 0.0048828125
1 0.357421875 0.41015625 0.0029296875 0.00390625
1 0.3701171875 0.412109375 0.0029296875 0.0048828125
1 0.380859375 0.412109375 0.0029296875 0.00390625
1 0.35546875 0.4140625 0.00390625 0.005859375
1 0.298828125 0.4130859375 0.005859375 0.0078125
1 0.2626953125 0.4140625 0.005859375 0.0087890625
1 0.2705078125 0.4169921875 0.0078125 0.009765625
1 0.3271484375 0.4228515625 0.0087890625 0.01171875
1 0.37890625 0.431640625 0.01171875 0.0146484375
1 0.314453125 0.439453125 0.015625 0.0185546875
1 0.10546875 0.4462890625 0.0244140625 0.02734375
1 0.0869140625 0.4150390625 0.01171875 0.0126953125
1 0.140625 0.4111328125 0.0087890625 0.0107421875
1 0.1787109375 0.4091796875 0.0068359375 0.0087890625
1 0.2021484375 0.408203125 0.005859375 0.0078125
1 0.22265625 0.4072265625 0.00390625 0.005859375
1 0.23828125 0.4072265625 0.00390625 0.005859375
1 0.25 0.40625 0.00390625 0.005859375
1 0.2939453125 0.4072265625 0.0029296875 0.00390625