1 0.0361328125 0.4150390625 0.0107421875 0.0107421875
1 0.1162109375 0.4169921875 0.0078125 0.0087890625
1 0.2958984375 0.4208984375 0.0078125 0.0087890625
1 0.404296875 0.4248046875 0.005859375 0.0078125
1 0.490234375 0.4287109375 0.005859375 0.0078125
1 0.583984375 0.43359375 0.0048828125 0.0068359375
1 0.6787109375 0.439453125 0.0068359375 0.0087890625
1 0.7802734375 0.447265625 0.0087890625 0.0107421875
2 0.2236328125 0.5263671875 0.052734375 0.05859375
2 0.1103515625 0.4208984375 0.0087890625 0.0107421875
2 0.212890625 0.4228515625 0.0087890625 0.01171875
2 0.31640625 0.4248046875 0.0078125 0.009765625
2 0.419921875 0.4287109375 0.0078125 0.0087890625
2 0.8916015625 0.462890625 0.013671875 0.0146484375
2 0.59765625 0.439453125 0.0087890625 0.0107421875
2 0.501953125 0.4326171875 0.0078125 0.0107421875
2 0.69921875 0.447265625 0.009765625 0.0126953125