2 0.2734375 0.412109375 0.005859375 0.0078125
2 0.3330078125 0.4150390625 0.005859375 0.0078125
2 0.3701171875 0.41796875 0.005859375 0.0087890625
2 0.4072265625 0.421875 0.0068359375 0.0087890625
2 0.4267578125 0.4267578125 0.0078125 0.0107421875
2 0.453125 0.4326171875 0.0087890625 0.013671875
2 0.4609375 0.44140625 0.0126953125 0.017578125
2 0.388671875 0.4501953125 0.0166015625 0.0224609375
2 0.3095703125 0.4736328125 0.02734375 0.0341796875
2 0.46484375 0.5615234375 0.0576171875 0.0703125
2 0.0087890625 0.4052734375 0.0087890625 0.0107421875
2 0.138671875 0.40625 0.0068359375 0.0087890625
2 0.216796875 0.4091796875 0.005859375 0.0078125
1 0.2626953125 0.4140625 0.0068359375 0.0087890625
1 0.298828125 0.4169921875 0.0068359375 0.0087890625
1 0.3193359375 0.421875 0.0087890625 0.0107421875
1 0.3359375 0.427734375 0.0107421875 0.0126953125
1 0.2685546875 0.4345703125 0.015625 0.017578125
1 0.0556640625 0.44140625 0.0244140625 0.0244140625
1 0.0107421875 0.4150390625 0.013671875 0.0146484375
1 0.1171875 0.41015625 0.0087890625 0.0087890625
1 0.189453125 0.41015625 0.0068359375 0.0087890625