1 0.041015625 0.5419921875 0.0478515625 0.0498046875
1 0.8896484375 0.462890625 0.01171875 0.015625
1 0.763671875 0.4580078125 0.009765625 0.0126953125
1 0.6826171875 0.4541015625 0.0078125 0.009765625
2 0.630859375 0.4541015625 0.005859375 0.0078125
1 0.57421875 0.4501953125 0.005859375 0.0078125
1 0.517578125 0.4501953125 0.00390625 0.005859375
1 0.4208984375 0.4501953125 0.00390625 0.005859375
1 0.3427734375 0.451171875 0.0048828125 0.0068359375
1 0.275390625 0.453125 0.005859375 0.0068359375
1 0.1962890625 0.455078125 0.005859375 0.0078125
1 0.1005859375 0.4580078125 0.0068359375 0.0087890625
2 0.5263671875 0.4541015625 0.0078125 0.009765625
2 0.5693359375 0.45703125 0.0078125 0.0107421875
2 0.7373046875 0.46875 0.013671875 0.017578125
2 0.8974609375 0.4794921875 0.0185546875 0.0244140625
2 0.470703125 0.4521484375 0.005859375 0.0078125
2 0.3896484375 0.453125 0.005859375 0.0078125
2 0.3046875 0.4541015625 0.0068359375 0.0087890625
2 0.2001953125 0.45703125 0.0068359375 0.0087890625
2 0.0927734375 0.4609375 0.0078125 0.0087890625
2 0.0029296875 0.46435546875 0.005859375 0.0107421875
2 0.009765625 0.4716796875 0.0126953125 0.0146484375
2 0.1103515625 0.4736328125 0.013671875 0.0166015625
2 0.2314453125 0.478515625 0.017578125 0.0205078125
2 0.388671875 0.4873046875 0.021484375 0.0234375
2 0.5673828125 0.509765625 0.0302734375 0.0361328125
2 0.95703125 0.587890625 0.0693359375 0.0693359375
0 0.8740234375 0.4716796875 0.0263671875 0.0419921875
0 0.9208984375 0.470703125 0.02734375 0.0458984375