2 0.220703125 0.513671875 0.046875 0.0537109375
2 0.0234375 0.462890625 0.03125 0.0322265625
2 0.046875 0.4404296875 0.021484375 0.0224609375
2 0.1259765625 0.4287109375 0.013671875 0.015625
2 0.173828125 0.4228515625 0.009765625 0.01171875
2 0.2060546875 0.41796875 0.0078125 0.009765625
2 0.228515625 0.416015625 0.005859375 0.0078125
2 0.2431640625 0.4140625 0.0048828125 0.0068359375
2 0.2548828125 0.4130859375 0.00390625 0.005859375
2 0.263671875 0.4111328125 0.00390625 0.005859375
2 0.2724609375 0.41015625 0.0029296875 0.0048828125
2 0.287109375 0.41015625 0.0029296875 0.00390625
2 0.3115234375 0.41015625 0.0029296875 0.0048828125
2 0.353515625 0.4111328125 0.0029296875 0.00390625
2 0.39453125 0.412109375 0.0029296875 0.00390625
2 0.4384765625 0.416015625 0.00390625 0.005859375
2 0.419921875 0.416015625 0.00390625 0.0048828125
2 0.3828125 0.416015625 0.00390625 0.005859375
2 0.349609375 0.4169921875 0.0048828125 0.0068359375
2 0.318359375 0.4189453125 0.005859375 0.0087890625
2 0.3291015625 0.4208984375 0.0068359375 0.0087890625
2 0.3798828125 0.42578125 0.0078125 0.0107421875
2 0.4638671875 0.4326171875 0.0087890625 0.01171875
2 0.568359375 0.4404296875 0.0107421875 0.0146484375
2 0.7177734375 0.455078125 0.0146484375 0.0185546875
2 0.9052734375 0.478515625 0.021484375 0.0234375
1 0.03515625 0.4169921875 0.0107421875 0.0107421875
1 0.087890625 0.4140625 0.0087890625 0.0087890625
1 0.1240234375 0.412109375 0.0068359375 0.0078125
1 0.1533203125 0.4111328125 0.005859375 0.0068359375
1 0.17578125 0.4091796875 0.0048828125 0.0068359375
1 0.1953125 0.4091796875 0.0048828125 0.005859375
1 0.2099609375 0.408203125 0.00390625 0.0048828125
1 0.2216796875 0.408203125 0.0029296875 0.00390625
1 0.25390625 0.408203125 0.001953125 0.00390625
1 0.29296875 0.408203125 0.0029296875 0.00390625
1 0.3447265625 0.41015625 0.0029296875 0.00390625
1 0.3974609375 0.412109375 0.001953125 0.00390625
1 0.44921875 0.4140625 0.0029296875 0.00390625
1 0.4765625 0.416015625 0.0029296875 0.0029296875
1 0.4931640625 0.4169921875 0.0029296875 0.00390625
1 0.5068359375 0.41796875 0.00390625 0.00390625
1 0.486328125 0.4189453125 0.00390625 0.0048828125
1 0.45703125 0.4189453125 0.00390625 0.005859375
1 0.423828125 0.419921875 0.00390625 0.005859375
1 0.412109375 0.4208984375 0.0048828125 0.0068359375
1 0.416015625 0.4228515625 0.0048828125 0.0078125
1 0.4619140625 0.4267578125 0.005859375 0.0078125
1 0.5556640625 0.4326171875 0.0078125 0.0107421875
1 0.6845703125 0.4404296875 0.0107421875 0.0126953125
1 0.853515625 0.4541015625 0.013671875 0.0146484375