1 0.1181640625 0.595703125 0.052734375 0.0546875
1 0.978515625 0.44921875 0.0087890625 0.009765625
1 0.869140625 0.4501953125 0.0078125 0.009765625
1 0.658203125 0.4521484375 0.0078125 0.009765625
1 0.5654296875 0.4541015625 0.0078125 0.0087890625
1 0.4755859375 0.45703125 0.0078125 0.009765625
1 0.4111328125 0.4619140625 0.009765625 0.01171875
1 0.349609375 0.466796875 0.0107421875 0.013671875
1 0.310546875 0.474609375 0.013671875 0.0166015625
1 0.3115234375 0.4873046875 0.0185546875 0.021484375
1 0.2939453125 0.515625 0.03125 0.0361328125
2 0.916015625 0.453125 0.0087890625 0.0107421875
2 0.763671875 0.4541015625 0.0087890625 0.01171875
2 0.6416015625 0.4560546875 0.0087890625 0.01171875
2 0.552734375 0.4599609375 0.009765625 0.01171875
2 0.5107421875 0.4638671875 0.0107421875 0.0146484375
2 0.525390625 0.4716796875 0.0126953125 0.017578125
2 0.609375 0.484375 0.01953125 0.0244140625
2 0.78125 0.5244140625 0.0400390625 0.046875