1 0.8759765625 0.4453125 0.021484375 0.0234375
1 0.91796875 0.4287109375 0.0146484375 0.0166015625
1 0.962890625 0.412109375 0.009765625 0.0107421875
1 0.943359375 0.4189453125 0.01171875 0.0126953125
1 0.8046875 0.4765625 0.02734375 0.0361328125
1 0.9873046875 0.4091796875 0.0078125 0.009765625
1 0.99609375 0.3984375 0.00390625 0.005859375
0 0.7802734375 0.4677734375 0.037109375 0.0654296875
0 0.8095703125 0.4619140625 0.037109375 0.0615234375
1 0.5927734375 0.5546875 0.060546875 0.0712890625
1 0.525390625 0.451171875 0.017578125 0.02734375
1 0.6923828125 0.4296875 0.0146484375 0.0185546875