1 0.0322265625 0.412109375 0.005859375 0.0068359375
1 0.0283203125 0.4111328125 0.005859375 0.0078125
1 0.0263671875 0.4052734375 0.0029296875 0.0048828125
1 0.05859375 0.40625 0.00390625 0.00390625
1 0.091796875 0.4072265625 0.0029296875 0.0048828125
1 0.134765625 0.408203125 0.00390625 0.0048828125
1 0.2294921875 0.412109375 0.0029296875 0.00390625
1 0.2666015625 0.4130859375 0.001953125 0.00390625
1 0.3017578125 0.416015625 0.001953125 0.0029296875
1 0.3271484375 0.416015625 0.0029296875 0.00390625
1 0.3818359375 0.419921875 0.0029296875 0.00390625
1 0.4091796875 0.421875 0.0029296875 0.00390625
1 0.453125 0.42578125 0.00390625 0.0048828125
1 0.4892578125 0.427734375 0.00390625 0.0048828125
1 0.498046875 0.4296875 0.0048828125 0.0068359375
1 0.48828125 0.431640625 0.0048828125 0.0068359375
1 0.4677734375 0.43359375 0.005859375 0.0087890625
1 0.4462890625 0.4365234375 0.0078125 0.0107421875
1 0.4912109375 0.4423828125 0.0087890625 0.0107421875
1 0.6044921875 0.451171875 0.0107421875 0.0146484375
1 0.767578125 0.4609375 0.0126953125 0.015625
1 0.951171875 0.470703125 0.015625 0.0166015625
2 0.255859375 0.494140625 0.0390625 0.0419921875
2 0.115234375 0.4423828125 0.0166015625 0.01953125
2 0.083984375 0.431640625 0.0126953125 0.0146484375
2 0.0634765625 0.423828125 0.0087890625 0.01171875
2 0.05078125 0.41796875 0.0078125 0.0107421875
2 0.064453125 0.416015625 0.0068359375 0.0087890625
2 0.1240234375 0.416015625 0.005859375 0.0078125
2 0.12890625 0.4140625 0.005859375 0.0078125
2 0.0849609375 0.412109375 0.0048828125 0.005859375
2 0.0244140625 0.4091796875 0.00390625 0.005859375
2 0.015625 0.4072265625 0.00390625 0.0048828125
2 0.0126953125 0.40625 0.0029296875 0.00390625
2 0.041015625 0.40625 0.00390625 0.0048828125
2 0.087890625 0.4072265625 0.0029296875 0.00390625
2 0.1298828125 0.4091796875 0.00390625 0.0048828125
2 0.1767578125 0.41015625 0.0029296875 0.00390625
2 0.22265625 0.412109375 0.0029296875 0.00390625
2 0.921875 0.482421875 0.021484375 0.0224609375
2 0.6484375 0.466796875 0.0166015625 0.0205078125
2 0.4677734375 0.4521484375 0.013671875 0.017578125
2 0.369140625 0.44140625 0.0107421875 0.0146484375
2 0.318359375 0.4345703125 0.0087890625 0.0126953125
2 0.359375 0.4296875 0.0068359375 0.0087890625
2 0.3896484375 0.4287109375 0.005859375 0.0078125
2 0.412109375 0.4267578125 0.00390625 0.0068359375
2 0.40234375 0.4248046875 0.00390625 0.005859375
2 0.375 0.421875 0.00390625 0.0048828125
2 0.34765625 0.419921875 0.00390625 0.0048828125
2 0.3203125 0.41796875 0.00390625 0.00390625
2 0.2958984375 0.416015625 0.0029296875 0.00390625
2 0.2783203125 0.4150390625 0.001953125 0.00390625
2 0.2529296875 0.4140625 0.0029296875 0.00390625
0 0.166015625 0.451171875 0.0263671875 0.0458984375
0 0.1806640625 0.4541015625 0.0302734375 0.0478515625
2 0.1708984375 0.4599609375 0.0185546875 0.025390625