1 0.9091796875 0.4775390625 0.0078125 0.0107421875
1 0.771484375 0.46875 0.0078125 0.009765625
1 0.646484375 0.4619140625 0.0068359375 0.0087890625
1 0.53515625 0.4541015625 0.0068359375 0.0087890625
1 0.4365234375 0.4482421875 0.0068359375 0.0087890625
1 0.34765625 0.4423828125 0.005859375 0.0078125
1 0.263671875 0.4375 0.005859375 0.0068359375
1 0.1796875 0.4326171875 0.005859375 0.0078125
1 0.0947265625 0.4296875 0.005859375 0.0078125
1 0.017578125 0.4296875 0.0087890625 0.0087890625
1 0.044921875 0.46875 0.0224609375 0.025390625
2 0.4638671875 0.576171875 0.0595703125 0.072265625
2 0.36328125 0.5 0.029296875 0.03515625
2 0.3671875 0.4765625 0.017578125 0.0234375
2 0.30078125 0.4599609375 0.0146484375 0.0185546875
2 0.1904296875 0.451171875 0.0126953125 0.0146484375
2 0.1396484375 0.443359375 0.0107421875 0.0126953125
2 0.10546875 0.4365234375 0.0087890625 0.0126953125
2 0.154296875 0.43359375 0.0078125 0.009765625
2 0.2109375 0.4365234375 0.0078125 0.0087890625
2 0.9658203125 0.4833984375 0.0107421875 0.0126953125
2 0.7919921875 0.47265625 0.0087890625 0.01171875
2 0.6357421875 0.462890625 0.0087890625 0.0107421875
2 0.5048828125 0.455078125 0.0078125 0.0107421875
2 0.384765625 0.447265625 0.0078125 0.009765625
2 0.283203125 0.4404296875 0.0068359375 0.0087890625