1 0.80078125 0.451171875 0.0224609375 0.025390625
1 0.705078125 0.4892578125 0.037109375 0.041015625
1 0.869140625 0.4248046875 0.01171875 0.0146484375
1 0.8994140625 0.412109375 0.0068359375 0.009765625
1 0.912109375 0.408203125 0.005859375 0.0087890625
1 0.6484375 0.4306640625 0.009765625 0.013671875
0 0.837890625 0.4296875 0.0205078125 0.03125
0 0.84765625 0.427734375 0.0205078125 0.0322265625
1 0.40234375 0.595703125 0.05859375 0.0546875
1 0.7275390625 0.419921875 0.009765625 0.0107421875
1 0.8857421875 0.4169921875 0.0087890625 0.0107421875
1 0.9267578125 0.4052734375 0.005859375 0.0078125
1 0.982421875 0.40234375 0.005859375 0.005859375
1 0.9423828125 0.400390625 0.0048828125 0.005859375
2 0.0771484375 0.4482421875 0.0087890625 0.0146484375
2 0.12890625 0.4482421875 0.009765625 0.013671875