2 0.04296875 0.458984375 0.013671875 0.015625
2 0.1748046875 0.453125 0.0107421875 0.0126953125
2 0.197265625 0.4482421875 0.0087890625 0.0107421875
2 0.1806640625 0.4462890625 0.005859375 0.0078125
2 0.18359375 0.4423828125 0.0048828125 0.0078125
2 0.248046875 0.44140625 0.0048828125 0.005859375
2 0.3125 0.439453125 0.00390625 0.005859375
2 0.34765625 0.4384765625 0.00390625 0.005859375
2 0.3994140625 0.4326171875 0.001953125 0.00390625
2 0.3935546875 0.431640625 0.001953125 0.0029296875
2 0.4130859375 0.4306640625 0.001953125 0.0029296875
2 0.4736328125 0.431640625 0.001953125 0.0029296875
2 0.505859375 0.4326171875 0.001953125 0.0029296875
2 0.5146484375 0.4326171875 0.0029296875 0.00390625
2 0.517578125 0.435546875 0.001953125 0.0029296875
2 0.521484375 0.4365234375 0.0029296875 0.00390625
2 0.5244140625 0.4375 0.0029296875 0.0048828125
2 0.5263671875 0.4384765625 0.00390625 0.0048828125
2 0.529296875 0.4384765625 0.0029296875 0.0048828125
2 0.53125 0.44140625 0.00390625 0.005859375
2 0.50390625 0.443359375 0.00390625 0.005859375
2 0.482421875 0.4453125 0.005859375 0.0078125
2 0.4970703125 0.4462890625 0.005859375 0.0078125
2 0.5400390625 0.44921875 0.0078125 0.0107421875
2 0.56640625 0.4541015625 0.0087890625 0.0126953125
2 0.587890625 0.462890625 0.0126953125 0.0166015625
2 0.634765625 0.4794921875 0.0185546875 0.0244140625
2 0.7578125 0.529296875 0.0400390625 0.0458984375
1 0.052734375 0.46875 0.017578125 0.0185546875
1 0.25390625 0.4609375 0.0126953125 0.0146484375
1 0.333984375 0.4541015625 0.0087890625 0.01171875
1 0.33984375 0.44921875 0.0068359375 0.009765625
1 0.294921875 0.4462890625 0.005859375 0.0087890625
1 0.337890625 0.4423828125 0.0048828125 0.0068359375
1 0.3984375 0.4404296875 0.00390625 0.005859375
1 0.419921875 0.4384765625 0.00390625 0.005859375
1 0.3876953125 0.4365234375 0.0029296875 0.0048828125
1 0.3798828125 0.435546875 0.0029296875 0.0048828125
1 0.40234375 0.435546875 0.001953125 0.00390625
1 0.435546875 0.435546875 0.001953125 0.00390625
1 0.447265625 0.4345703125 0.001953125 0.0029296875
1 0.443359375 0.43359375 0.001953125 0.0029296875
1 0.4326171875 0.4326171875 0.001953125 0.0029296875
1 0.4287109375 0.431640625 0.001953125 0.0029296875
1 0.4375 0.431640625 0.001953125 0.0029296875
1 0.4580078125 0.431640625 0.001953125 0.0029296875
1 0.474609375 0.431640625 0.001953125 0.0029296875
1 0.4833984375 0.43359375 0.001953125 0.00390625
1 0.4814453125 0.4365234375 0.0029296875 0.00390625
1 0.4775390625 0.439453125 0.00390625 0.005859375
1 0.4697265625 0.44140625 0.00390625 0.005859375
1 0.4267578125 0.443359375 0.0048828125 0.0068359375
1 0.4091796875 0.4453125 0.005859375 0.0087890625
1 0.427734375 0.4501953125 0.0068359375 0.009765625
1 0.4423828125 0.4541015625 0.0087890625 0.01171875
1 0.4384765625 0.462890625 0.0107421875 0.0146484375
1 0.412109375 0.478515625 0.0166015625 0.0224609375
1 0.32421875 0.5302734375 0.0419921875 0.0478515625