1 0.1689453125 0.560546875 0.056640625 0.0634765625
1 0.3330078125 0.4951171875 0.0224609375 0.0283203125
1 0.3857421875 0.474609375 0.0146484375 0.017578125
1 0.412109375 0.46484375 0.0107421875 0.013671875
1 0.42578125 0.458984375 0.0078125 0.0107421875
1 0.4375 0.455078125 0.0068359375 0.0087890625
1 0.4453125 0.4521484375 0.005859375 0.0078125
1 0.478515625 0.44921875 0.0048828125 0.0068359375
1 0.529296875 0.4482421875 0.0048828125 0.005859375
1 0.5830078125 0.4482421875 0.00390625 0.005859375
1 0.6884765625 0.44921875 0.00390625 0.005859375
1 0.7451171875 0.4501953125 0.0048828125 0.005859375
1 0.9365234375 0.4560546875 0.0068359375 0.0078125
2 0.9501953125 0.552734375 0.0546875 0.0576171875
2 0.7197265625 0.494140625 0.0234375 0.02734375
2 0.642578125 0.474609375 0.0146484375 0.017578125
2 0.603515625 0.46484375 0.0107421875 0.013671875
2 0.5810546875 0.458984375 0.0078125 0.0107421875
2 0.564453125 0.455078125 0.0068359375 0.0087890625
2 0.5537109375 0.4521484375 0.005859375 0.0078125
2 0.576171875 0.451171875 0.0048828125 0.0068359375
2 0.6328125 0.4501953125 0.0048828125 0.0068359375
2 0.705078125 0.451171875 0.005859375 0.0078125
2 0.7646484375 0.453125 0.0068359375 0.0078125
2 0.8076171875 0.455078125 0.0078125 0.0107421875
2 0.8740234375 0.458984375 0.0087890625 0.0107421875
2 0.96875 0.4658203125 0.0126953125 0.0146484375