2 0.7412109375 0.4091796875 0.0029296875 0.0048828125
2 0.7578125 0.408203125 0.0029296875 0.00390625
2 0.71875 0.4111328125 0.0029296875 0.00390625
2 0.689453125 0.4130859375 0.0029296875 0.0048828125
2 0.6630859375 0.4150390625 0.00390625 0.0048828125
2 0.650390625 0.4169921875 0.00390625 0.0048828125
2 0.6591796875 0.41796875 0.00390625 0.005859375
2 0.6943359375 0.4189453125 0.005859375 0.0068359375
2 0.751953125 0.41796875 0.005859375 0.0078125
2 0.8330078125 0.4169921875 0.0068359375 0.0087890625
2 0.900390625 0.4169921875 0.0087890625 0.0107421875
2 0.9775390625 0.4208984375 0.0126953125 0.0146484375
2 0.955078125 0.455078125 0.025390625 0.0283203125
2 0.763671875 0.4423828125 0.015625 0.01953125
2 0.6455078125 0.4365234375 0.01171875 0.0146484375
2 0.576171875 0.43359375 0.0087890625 0.0107421875
2 0.54296875 0.4306640625 0.0068359375 0.0087890625
2 0.5458984375 0.427734375 0.005859375 0.0078125
2 0.5615234375 0.423828125 0.005859375 0.0078125
2 0.5732421875 0.421875 0.0048828125 0.005859375
2 0.5830078125 0.419921875 0.00390625 0.005859375
2 0.5908203125 0.41796875 0.0029296875 0.0048828125
2 0.59765625 0.416015625 0.0029296875 0.00390625
2 0.6025390625 0.4150390625 0.0029296875 0.00390625
2 0.607421875 0.4150390625 0.0029296875 0.00390625
2 0.615234375 0.4140625 0.0029296875 0.00390625
2 0.63671875 0.412109375 0.001953125 0.00390625
2 0.6728515625 0.4111328125 0.001953125 0.00390625
2 0.708984375 0.4091796875 0.001953125 0.00390625
1 0.7216796875 0.408203125 0.001953125 0.00390625
1 0.75390625 0.4072265625 0.001953125 0.0029296875
1 0.8125 0.40625 0.0029296875 0.00390625
1 0.7939453125 0.408203125 0.0029296875 0.00390625
1 0.771484375 0.4091796875 0.0029296875 0.0048828125
1 0.7451171875 0.4111328125 0.0029296875 0.0048828125
1 0.7236328125 0.4130859375 0.00390625 0.0048828125
1 0.7275390625 0.4150390625 0.00390625 0.005859375
1 0.7548828125 0.4150390625 0.00390625 0.005859375
1 0.8359375 0.4130859375 0.005859375 0.0078125
1 0.9169921875 0.412109375 0.0078125 0.0087890625
1 0.99609375 0.4111328125 0.0068359375 0.009765625
1 0.6455078125 0.5322265625 0.046875 0.056640625
1 0.6669921875 0.474609375 0.025390625 0.0302734375
1 0.5859375 0.453125 0.0146484375 0.0205078125
1 0.494140625 0.4453125 0.01171875 0.0146484375
1 0.4384765625 0.439453125 0.0087890625 0.01171875
1 0.43359375 0.4345703125 0.005859375 0.0087890625
1 0.462890625 0.4306640625 0.005859375 0.0078125
1 0.490234375 0.4267578125 0.0048828125 0.0068359375
1 0.5087890625 0.423828125 0.00390625 0.005859375
1 0.525390625 0.421875 0.00390625 0.0048828125
1 0.537109375 0.419921875 0.0029296875 0.0048828125
1 0.548828125 0.41796875 0.0029296875 0.00390625
1 0.5546875 0.4169921875 0.0029296875 0.00390625
1 0.5615234375 0.416015625 0.0029296875 0.00390625
1 0.5703125 0.4150390625 0.001953125 0.0029296875
1 0.5849609375 0.4140625 0.001953125 0.0029296875
1 0.611328125 0.4130859375 0.001953125 0.0029296875
1 0.6484375 0.4111328125 0.001953125 0.0029296875
1 0.681640625 0.4091796875 0.001953125 0.00390625