1 0.541015625 0.474609375 0.0126953125 0.0166015625
1 0.5595703125 0.4658203125 0.0087890625 0.0126953125
1 0.5712890625 0.4609375 0.0078125 0.009765625
1 0.580078125 0.45703125 0.005859375 0.0078125
1 0.5859375 0.455078125 0.00390625 0.0068359375
1 0.5888671875 0.4521484375 0.00390625 0.005859375
1 0.591796875 0.451171875 0.00390625 0.005859375
1 0.59765625 0.4482421875 0.0029296875 0.00390625
1 0.6005859375 0.4482421875 0.00390625 0.0048828125
1 0.6025390625 0.447265625 0.0029296875 0.00390625
1 0.6044921875 0.4462890625 0.0029296875 0.00390625
1 0.6064453125 0.4453125 0.0029296875 0.00390625
1 0.6416015625 0.4443359375 0.001953125 0.0029296875
1 0.6650390625 0.4443359375 0.001953125 0.001953125
1 0.6865234375 0.4453125 0.001953125 0.001953125
1 0.7685546875 0.447265625 0.001953125 0.001953125
1 0.7763671875 0.447265625 0.001953125 0.0029296875
1 0.78515625 0.447265625 0.001953125 0.0029296875
1 0.7939453125 0.4482421875 0.001953125 0.0029296875
1 0.8046875 0.4482421875 0.001953125 0.00390625
1 0.8173828125 0.4482421875 0.001953125 0.00390625
1 0.8310546875 0.4501953125 0.001953125 0.00390625
1 0.84765625 0.451171875 0.0029296875 0.00390625
1 0.8662109375 0.4521484375 0.0029296875 0.0048828125
1 0.888671875 0.453125 0.00390625 0.00390625
1 0.9169921875 0.455078125 0.00390625 0.005859375
1 0.9521484375 0.45703125 0.0048828125 0.005859375
1 0.994140625 0.458984375 0.005859375 0.0068359375
1 0.40625 0.5380859375 0.0439453125 0.05078125
1 0.5048828125 0.4912109375 0.0205078125 0.0244140625
2 0.83984375 0.4970703125 0.0234375 0.02734375
2 0.76953125 0.478515625 0.015625 0.0185546875
2 0.734375 0.46875 0.0107421875 0.013671875
2 0.7119140625 0.462890625 0.0078125 0.0107421875
2 0.6982421875 0.458984375 0.0068359375 0.0087890625
2 0.6884765625 0.4560546875 0.005859375 0.0078125
2 0.6796875 0.4541015625 0.0048828125 0.0068359375
2 0.6748046875 0.4521484375 0.00390625 0.005859375
2 0.6708984375 0.451171875 0.00390625 0.0048828125
2 0.666015625 0.4501953125 0.00390625 0.00390625
2 0.662109375 0.4482421875 0.00390625 0.0048828125
2 0.66015625 0.447265625 0.00390625 0.00390625
2 0.65625 0.447265625 0.0029296875 0.00390625
2 0.658203125 0.4453125 0.001953125 0.00390625
2 0.6826171875 0.4453125 0.001953125 0.001953125
2 0.7099609375 0.4462890625 0.001953125 0.0029296875
2 0.7265625 0.4462890625 0.001953125 0.0029296875
2 0.7314453125 0.4462890625 0.001953125 0.0029296875
2 0.73828125 0.447265625 0.001953125 0.0029296875
2 0.7451171875 0.447265625 0.001953125 0.00390625
2 0.75390625 0.4482421875 0.001953125 0.0029296875
2 0.76171875 0.4482421875 0.001953125 0.0029296875
2 0.7724609375 0.44921875 0.001953125 0.00390625
2 0.783203125 0.4501953125 0.001953125 0.00390625
2 0.7978515625 0.451171875 0.0029296875 0.0048828125
2 0.8134765625 0.4521484375 0.00390625 0.0048828125
2 0.833984375 0.453125 0.00390625 0.005859375
2 0.8583984375 0.455078125 0.0048828125 0.0068359375
2 0.8896484375 0.4580078125 0.005859375 0.0078125
2 0.9296875 0.4599609375 0.0068359375 0.0087890625
2 0.984375 0.4638671875 0.0078125 0.009765625