1 0.46875 0.435546875 0.0078125 0.009765625
1 0.48828125 0.4326171875 0.005859375 0.0078125
1 0.5048828125 0.4306640625 0.0048828125 0.0068359375
1 0.517578125 0.4287109375 0.00390625 0.005859375
1 0.5283203125 0.427734375 0.00390625 0.005859375
1 0.5419921875 0.427734375 0.0029296875 0.0048828125
1 0.5751953125 0.427734375 0.0029296875 0.00390625
1 0.5810546875 0.427734375 0.001953125 0.00390625
1 0.5595703125 0.42578125 0.001953125 0.00390625
1 0.5517578125 0.4248046875 0.001953125 0.00390625
1 0.5556640625 0.423828125 0.001953125 0.0029296875
1 0.5693359375 0.423828125 0.001953125 0.0029296875
1 0.587890625 0.4248046875 0.001953125 0.001953125
1 0.6083984375 0.42578125 0.001953125 0.0029296875
1 0.6279296875 0.4267578125 0.001953125 0.0029296875
1 0.6484375 0.427734375 0.001953125 0.0029296875
1 0.6767578125 0.4287109375 0.001953125 0.0029296875
1 0.7060546875 0.4296875 0.001953125 0.00390625
1 0.748046875 0.431640625 0.001953125 0.0029296875
1 0.8271484375 0.4375 0.001953125 0.00390625
1 0.8427734375 0.4375 0.0029296875 0.00390625
1 0.8681640625 0.4404296875 0.0029296875 0.00390625
1 0.8896484375 0.44140625 0.0029296875 0.00390625
1 0.9228515625 0.4453125 0.0029296875 0.0048828125
1 0.947265625 0.447265625 0.00390625 0.005859375
1 0.943359375 0.4482421875 0.00390625 0.005859375
1 0.916015625 0.4482421875 0.0048828125 0.0068359375
1 0.873046875 0.447265625 0.0048828125 0.0078125
1 0.8388671875 0.44921875 0.005859375 0.0078125
1 0.896484375 0.455078125 0.0078125 0.009765625
2 0.998046875 0.462890625 0.0029296875 0.01171875
1 0.4404296875 0.439453125 0.009765625 0.0126953125
1 0.3955078125 0.4443359375 0.0126953125 0.0146484375
1 0.328125 0.4541015625 0.0166015625 0.0205078125
1 0.1494140625 0.4765625 0.03125 0.03515625
2 0.5390625 0.501953125 0.0322265625 0.0400390625
2 0.5673828125 0.4677734375 0.0185546875 0.0234375
2 0.578125 0.4541015625 0.01171875 0.0166015625
2 0.5859375 0.4462890625 0.0087890625 0.0126953125
2 0.591796875 0.44140625 0.005859375 0.009765625
2 0.591796875 0.435546875 0.0048828125 0.0078125
2 0.5947265625 0.431640625 0.00390625 0.005859375
2 0.607421875 0.4306640625 0.00390625 0.005859375
2 0.64453125 0.431640625 0.00390625 0.0048828125
2 0.6533203125 0.4306640625 0.00390625 0.0048828125
2 0.6298828125 0.4296875 0.0029296875 0.00390625
2 0.5986328125 0.427734375 0.0029296875 0.00390625
2 0.5966796875 0.4287109375 0.0029296875 0.00390625
2 0.615234375 0.4267578125 0.001953125 0.0029296875
2 0.642578125 0.427734375 0.001953125 0.0029296875
2 0.6708984375 0.4287109375 0.001953125 0.0029296875
2 0.7041015625 0.4296875 0.0029296875 0.00390625
2 0.73828125 0.431640625 0.0029296875 0.0029296875
2 0.99609375 0.470703125 0.0068359375 0.0146484375
2 0.8388671875 0.45703125 0.009765625 0.0126953125
2 0.7626953125 0.44921875 0.0078125 0.0107421875
2 0.7216796875 0.44140625 0.005859375 0.0078125
2 0.740234375 0.44140625 0.0048828125 0.0068359375
2 0.783203125 0.4423828125 0.005859375 0.0068359375
2 0.8203125 0.4423828125 0.00390625 0.005859375
2 0.8564453125 0.443359375 0.00390625 0.005859375
2 0.861328125 0.4423828125 0.00390625 0.005859375
2 0.84375 0.4404296875 0.00390625 0.0048828125
2 0.8251953125 0.4384765625 0.0029296875 0.00390625
2 0.8076171875 0.4365234375 0.0029296875 0.0048828125
2 0.791015625 0.435546875 0.0029296875 0.00390625
2 0.7802734375 0.4345703125 0.0029296875 0.00390625
2 0.7607421875 0.4326171875 0.001953125 0.00390625
0 0.162109375 0.4189453125 0.013671875 0.0234375