1 0.6923828125 0.51171875 0.044921875 0.05078125
1 0.6220703125 0.4638671875 0.0224609375 0.0283203125
1 0.5234375 0.447265625 0.0146484375 0.01953125
1 0.4267578125 0.4423828125 0.01171875 0.0146484375
1 0.9619140625 0.4130859375 0.0087890625 0.0107421875
1 0.8642578125 0.412109375 0.0078125 0.0087890625
1 0.7978515625 0.412109375 0.0068359375 0.0087890625
1 0.7021484375 0.412109375 0.00390625 0.005859375
1 0.6513671875 0.4130859375 0.00390625 0.0048828125
1 0.5693359375 0.4150390625 0.00390625 0.0048828125
1 0.5048828125 0.41796875 0.00390625 0.005859375
1 0.4541015625 0.419921875 0.00390625 0.005859375
1 0.3984375 0.4228515625 0.00390625 0.005859375
1 0.333984375 0.4267578125 0.00390625 0.005859375
1 0.2724609375 0.4296875 0.0048828125 0.0068359375
1 0.216796875 0.43359375 0.005859375 0.0078125
1 0.189453125 0.4365234375 0.005859375 0.0078125
1 0.17578125 0.439453125 0.0078125 0.0087890625
1 0.19921875 0.4404296875 0.0078125 0.009765625
1 0.263671875 0.4404296875 0.0087890625 0.0107421875
1 0.34765625 0.4404296875 0.009765625 0.0126953125
2 0.666015625 0.4150390625 0.0048828125 0.0068359375
2 0.7060546875 0.416015625 0.005859375 0.0087890625
2 0.7578125 0.4169921875 0.0078125 0.009765625
2 0.8388671875 0.41796875 0.009765625 0.01171875
2 0.9423828125 0.4208984375 0.01171875 0.0146484375
2 0.615234375 0.416015625 0.0048828125 0.005859375
2 0.548828125 0.41796875 0.00390625 0.005859375
2 0.482421875 0.419921875 0.0048828125 0.005859375
2 0.4091796875 0.423828125 0.005859375 0.0068359375
2 0.3408203125 0.427734375 0.005859375 0.0068359375
2 0.2939453125 0.431640625 0.005859375 0.0078125
2 0.2880859375 0.4326171875 0.0068359375 0.0087890625
2 0.3291015625 0.43359375 0.0078125 0.009765625
2 0.40625 0.431640625 0.0078125 0.0107421875
2 0.5009765625 0.431640625 0.009765625 0.01171875
2 0.6171875 0.431640625 0.0107421875 0.0146484375
2 0.73828125 0.435546875 0.0146484375 0.0185546875
2 0.8955078125 0.4453125 0.0234375 0.025390625
0 0.927734375 0.4150390625 0.0166015625 0.025390625
0 0.955078125 0.4150390625 0.0185546875 0.025390625