2 0.3271484375 0.50390625 0.041015625 0.0458984375
2 0.2001953125 0.455078125 0.0224609375 0.0263671875
2 0.189453125 0.4365234375 0.0166015625 0.01953125
2 0.2353515625 0.4287109375 0.01171875 0.0146484375
2 0.3408203125 0.4267578125 0.009765625 0.0126953125
2 0.458984375 0.4306640625 0.0087890625 0.01171875
2 0.5625 0.4345703125 0.0087890625 0.01171875
2 0.6708984375 0.4423828125 0.0107421875 0.013671875
2 0.81640625 0.45703125 0.0146484375 0.0166015625
1 0.126953125 0.4189453125 0.01171875 0.0126953125
1 0.2666015625 0.419921875 0.0087890625 0.009765625
1 0.4013671875 0.4228515625 0.0078125 0.0087890625
1 0.5400390625 0.4287109375 0.0078125 0.0087890625
1 0.6572265625 0.435546875 0.0078125 0.009765625
1 0.80859375 0.4462890625 0.0087890625 0.0107421875
1 0.9931640625 0.4609375 0.01171875 0.0146484375