1 0.224609375 0.5400390625 0.048828125 0.056640625
1 0.33203125 0.4775390625 0.0224609375 0.029296875
1 0.87890625 0.4091796875 0.005859375 0.0068359375
1 0.7783203125 0.4111328125 0.0068359375 0.0078125
1 0.703125 0.4140625 0.005859375 0.0078125
1 0.5458984375 0.4208984375 0.005859375 0.0078125
1 0.4716796875 0.4248046875 0.005859375 0.0078125
1 0.3994140625 0.4296875 0.005859375 0.0078125
1 0.349609375 0.43359375 0.0068359375 0.0087890625
1 0.306640625 0.4384765625 0.0078125 0.0107421875
1 0.2890625 0.443359375 0.009765625 0.0126953125
1 0.3095703125 0.4482421875 0.01171875 0.0146484375
1 0.3349609375 0.4580078125 0.0146484375 0.0205078125
2 0.9453125 0.4111328125 0.0087890625 0.009765625
2 0.8310546875 0.4130859375 0.0068359375 0.0087890625
2 0.728515625 0.416015625 0.0068359375 0.0087890625
2 0.6240234375 0.419921875 0.0068359375 0.0087890625
2 0.5322265625 0.423828125 0.0068359375 0.0087890625
2 0.4638671875 0.4287109375 0.0078125 0.0087890625
2 0.43359375 0.4326171875 0.0078125 0.0107421875
2 0.44921875 0.435546875 0.0087890625 0.0126953125
2 0.5087890625 0.439453125 0.0126953125 0.015625
2 0.5908203125 0.44921875 0.017578125 0.0224609375
2 0.73828125 0.470703125 0.0283203125 0.033203125
2 0.9873046875 0.5439453125 0.0244140625 0.060546875