1 0.396484375 0.525390625 0.0390625 0.0439453125
1 0.4736328125 0.486328125 0.0205078125 0.0263671875
1 0.388671875 0.470703125 0.0146484375 0.0185546875
1 0.328125 0.462890625 0.01171875 0.0146484375
1 0.271484375 0.4560546875 0.0107421875 0.0126953125
1 0.3193359375 0.451171875 0.0078125 0.009765625
1 0.3671875 0.4453125 0.00390625 0.005859375
1 0.3955078125 0.447265625 0.005859375 0.0078125
1 0.34375 0.443359375 0.00390625 0.005859375
1 0.3310546875 0.44140625 0.00390625 0.005859375
1 0.3447265625 0.44140625 0.00390625 0.0048828125
1 0.3671875 0.439453125 0.0029296875 0.00390625
1 0.3828125 0.439453125 0.001953125 0.00390625
1 0.369140625 0.4384765625 0.0029296875 0.00390625
1 0.3486328125 0.4375 0.001953125 0.00390625
1 0.341796875 0.4375 0.001953125 0.00390625
1 0.3623046875 0.4365234375 0.001953125 0.00390625
1 0.3759765625 0.4365234375 0.001953125 0.00390625
1 0.3564453125 0.435546875 0.001953125 0.0029296875
1 0.3720703125 0.4345703125 0.001953125 0.0029296875
1 0.4267578125 0.435546875 0.001953125 0.0029296875
1 0.451171875 0.435546875 0.001953125 0.001953125
1 0.4990234375 0.435546875 0.001953125 0.001953125
1 0.5048828125 0.435546875 0.001953125 0.0029296875
1 0.51171875 0.4365234375 0.001953125 0.0029296875
1 0.5166015625 0.4365234375 0.001953125 0.0029296875
1 0.5224609375 0.4375 0.001953125 0.0029296875
1 0.5341796875 0.4375 0.001953125 0.0029296875
1 0.5458984375 0.4384765625 0.001953125 0.00390625
1 0.55859375 0.4384765625 0.001953125 0.00390625
1 0.57421875 0.439453125 0.0029296875 0.00390625
1 0.5927734375 0.4404296875 0.0029296875 0.00390625
1 0.6162109375 0.44140625 0.0029296875 0.0048828125
1 0.642578125 0.443359375 0.00390625 0.005859375
1 0.6728515625 0.4443359375 0.00390625 0.005859375
1 0.7138671875 0.4462890625 0.0048828125 0.005859375
1 0.7646484375 0.4482421875 0.005859375 0.0078125
1 0.8408203125 0.4521484375 0.005859375 0.0078125
1 0.935546875 0.4560546875 0.0078125 0.0107421875
2 0.7880859375 0.5087890625 0.03515625 0.0380859375
2 0.681640625 0.4794921875 0.0185546875 0.0234375
2 0.537109375 0.4658203125 0.0126953125 0.017578125
2 0.4619140625 0.4599609375 0.0107421875 0.013671875
2 0.4130859375 0.455078125 0.0087890625 0.01171875
2 0.44140625 0.451171875 0.0068359375 0.009765625
2 0.4560546875 0.44921875 0.005859375 0.0087890625
2 0.4677734375 0.4462890625 0.005859375 0.0078125
2 0.4462890625 0.4453125 0.0048828125 0.0068359375
2 0.412109375 0.443359375 0.00390625 0.005859375
2 0.3876953125 0.4423828125 0.00390625 0.005859375
2 0.40625 0.44140625 0.0029296875 0.0048828125
2 0.41796875 0.4404296875 0.00390625 0.005859375
2 0.42578125 0.439453125 0.0029296875 0.00390625
2 0.412109375 0.4384765625 0.001953125 0.00390625
2 0.3916015625 0.4384765625 0.001953125 0.00390625
2 0.380859375 0.4375 0.001953125 0.00390625
2 0.38671875 0.4375 0.001953125 0.00390625
2 0.3994140625 0.4365234375 0.001953125 0.0029296875
2 0.4072265625 0.4365234375 0.001953125 0.0029296875
2 0.39453125 0.435546875 0.001953125 0.0029296875
2 0.4150390625 0.435546875 0.001953125 0.0029296875
2 0.4423828125 0.435546875 0.001953125 0.0029296875
2 0.458984375 0.435546875 0.001953125 0.0029296875
2 0.4716796875 0.435546875 0.001953125 0.0029296875
2 0.4765625 0.4365234375 0.001953125 0.0029296875
2 0.4814453125 0.4365234375 0.001953125 0.0029296875
2 0.4873046875 0.4375 0.001953125 0.0029296875
2 0.49609375 0.4375 0.001953125 0.0029296875
2 0.50390625 0.4384765625 0.001953125 0.00390625
2 0.513671875 0.439453125 0.0029296875 0.00390625
2 0.5244140625 0.439453125 0.0029296875 0.00390625
2 0.5390625 0.4404296875 0.00390625 0.0048828125
2 0.5595703125 0.4423828125 0.00390625 0.005859375
2 0.5791015625 0.443359375 0.00390625 0.005859375
2 0.603515625 0.4453125 0.0048828125 0.0068359375
2 0.6337890625 0.447265625 0.005859375 0.0078125
2 0.67578125 0.44921875 0.0068359375 0.0087890625
2 0.7333984375 0.4521484375 0.0087890625 0.0107421875
2 0.8125 0.45703125 0.0107421875 0.0126953125
2 0.94140625 0.46484375 0.013671875 0.015625