2 0.01171875 0.4521484375 0.0126953125 0.013671875
2 0.13671875 0.44921875 0.009765625 0.0107421875
2 0.244140625 0.447265625 0.0078125 0.009765625
2 0.3046875 0.4423828125 0.00390625 0.005859375
2 0.2841796875 0.4423828125 0.00390625 0.005859375
2 0.2783203125 0.439453125 0.00390625 0.005859375
2 0.3203125 0.439453125 0.0029296875 0.0048828125
2 0.3662109375 0.439453125 0.0029296875 0.0048828125
2 0.390625 0.4384765625 0.0029296875 0.00390625
2 0.3828125 0.4365234375 0.0029296875 0.00390625
2 0.357421875 0.4345703125 0.0029296875 0.00390625
2 0.3857421875 0.4345703125 0.001953125 0.0029296875
2 0.41015625 0.4345703125 0.001953125 0.0029296875
2 0.4248046875 0.4345703125 0.001953125 0.0029296875
2 0.41796875 0.4326171875 0.001953125 0.0029296875
2 0.43359375 0.4326171875 0.001953125 0.0029296875
2 0.458984375 0.4326171875 0.001953125 0.0029296875
2 0.515625 0.43359375 0.001953125 0.0029296875
2 0.5234375 0.43359375 0.001953125 0.0029296875
2 0.525390625 0.435546875 0.001953125 0.00390625
2 0.5302734375 0.4384765625 0.001953125 0.00390625
2 0.5341796875 0.439453125 0.0029296875 0.0048828125
2 0.513671875 0.44140625 0.0029296875 0.0048828125
2 0.4970703125 0.4423828125 0.00390625 0.0048828125
2 0.5078125 0.443359375 0.00390625 0.005859375
2 0.537109375 0.4443359375 0.0048828125 0.0068359375
2 0.5517578125 0.4462890625 0.005859375 0.0078125
2 0.5595703125 0.44921875 0.005859375 0.0087890625
2 0.5732421875 0.4541015625 0.0087890625 0.01171875
2 0.591796875 0.4619140625 0.01171875 0.0146484375
2 0.62109375 0.4736328125 0.015625 0.0205078125
2 0.693359375 0.5009765625 0.0283203125 0.033203125
2 0.8935546875 0.576171875 0.060546875 0.068359375
1 0.1142578125 0.4912109375 0.02734375 0.0302734375
1 0.193359375 0.470703125 0.017578125 0.0205078125
1 0.1767578125 0.4599609375 0.0126953125 0.0146484375
1 0.1865234375 0.4541015625 0.0087890625 0.01171875
1 0.2744140625 0.451171875 0.0078125 0.009765625
1 0.3662109375 0.4482421875 0.0068359375 0.0087890625
1 0.4033203125 0.4462890625 0.005859375 0.0078125
1 0.400390625 0.4443359375 0.00390625 0.005859375
1 0.3642578125 0.443359375 0.00390625 0.005859375
1 0.3583984375 0.44140625 0.00390625 0.005859375
1 0.3876953125 0.4404296875 0.0029296875 0.0048828125
1 0.431640625 0.439453125 0.0029296875 0.00390625
1 0.4453125 0.4375 0.0029296875 0.00390625
1 0.4189453125 0.4365234375 0.001953125 0.00390625
1 0.4111328125 0.435546875 0.001953125 0.0029296875
1 0.4287109375 0.435546875 0.001953125 0.0029296875
1 0.45703125 0.435546875 0.001953125 0.00390625
1 0.4658203125 0.4345703125 0.001953125 0.0029296875
1 0.4619140625 0.4345703125 0.001953125 0.0029296875
1 0.4521484375 0.43359375 0.001953125 0.0029296875
1 0.4482421875 0.43359375 0.001953125 0.0029296875
1 0.4560546875 0.4326171875 0.001953125 0.0029296875
1 0.4736328125 0.43359375 0.001953125 0.001953125
1 0.48828125 0.43359375 0.001953125 0.001953125
1 0.49609375 0.43359375 0.001953125 0.0029296875
1 0.49609375 0.4375 0.001953125 0.00390625
1 0.4931640625 0.4365234375 0.001953125 0.00390625
1 0.4921875 0.439453125 0.001953125 0.00390625
1 0.486328125 0.439453125 0.0029296875 0.0048828125
1 0.455078125 0.44140625 0.0029296875 0.0048828125
1 0.4423828125 0.4423828125 0.00390625 0.0048828125
1 0.4453125 0.443359375 0.00390625 0.0048828125
1 0.4599609375 0.4443359375 0.00390625 0.0068359375
1 0.4736328125 0.44921875 0.005859375 0.0087890625
1 0.4658203125 0.4541015625 0.0078125 0.009765625
1 0.451171875 0.4619140625 0.0107421875 0.013671875
1 0.4326171875 0.4716796875 0.0146484375 0.0185546875
1 0.3876953125 0.49609375 0.02734375 0.03125
1 0.27734375 0.5625 0.0556640625 0.060546875
2 0.302734375 0.4462890625 0.0048828125 0.0078125