2 0.6640625 0.484375 0.01953125 0.0244140625
2 0.9892578125 0.4755859375 0.0205078125 0.021484375
2 0.873046875 0.46484375 0.0146484375 0.0166015625
2 0.6103515625 0.46875 0.0126953125 0.0166015625
2 0.564453125 0.4541015625 0.0068359375 0.009765625
1 0.4345703125 0.4609375 0.0087890625 0.01171875
2 0.8544921875 0.458984375 0.0107421875 0.013671875
2 0.580078125 0.458984375 0.0087890625 0.01171875
1 0.5126953125 0.4501953125 0.005859375 0.0078125
2 0.900390625 0.455078125 0.0107421875 0.01171875
1 0.4658203125 0.453125 0.005859375 0.0078125
2 0.95703125 0.44921875 0.0078125 0.0087890625
1 0.4794921875 0.447265625 0.00390625 0.005859375
1 0.416015625 0.470703125 0.01171875 0.0166015625
2 0.580078125 0.4462890625 0.0048828125 0.005859375
1 0.44921875 0.4560546875 0.0068359375 0.009765625
2 0.5712890625 0.451171875 0.005859375 0.0078125
2 0.93359375 0.4521484375 0.0087890625 0.0107421875
2 0.8447265625 0.443359375 0.0048828125 0.005859375
2 0.5419921875 0.443359375 0.0029296875 0.00390625
2 0.6171875 0.4482421875 0.005859375 0.0078125
2 0.533203125 0.4462890625 0.00390625 0.005859375
2 0.931640625 0.4462890625 0.0068359375 0.0087890625
1 0.5546875 0.44140625 0.0029296875 0.00390625
2 0.8876953125 0.4443359375 0.005859375 0.0078125
2 0.724609375 0.44140625 0.0029296875 0.0048828125
1 0.5400390625 0.447265625 0.00390625 0.005859375
1 0.4833984375 0.443359375 0.0029296875 0.00390625
2 0.7529296875 0.44140625 0.00390625 0.0048828125
1 0.5068359375 0.443359375 0.0029296875 0.00390625
1 0.47265625 0.4443359375 0.0029296875 0.0048828125
2 0.5263671875 0.4453125 0.0029296875 0.0048828125
2 0.5224609375 0.443359375 0.0029296875 0.00390625
2 0.775390625 0.44140625 0.00390625 0.0048828125
1 0.4677734375 0.4462890625 0.00390625 0.0048828125
2 0.576171875 0.4423828125 0.0029296875 0.00390625
2 0.6103515625 0.44140625 0.0029296875 0.00390625
2 0.693359375 0.4404296875 0.0029296875 0.00390625
2 0.8076171875 0.443359375 0.00390625 0.0048828125
1 0.54296875 0.4482421875 0.00390625 0.005859375
1 0.5322265625 0.4423828125 0.001953125 0.00390625
1 0.6142578125 0.44140625 0.0029296875 0.00390625
1 0.5791015625 0.44140625 0.00390625 0.00390625
2 0.796875 0.5205078125 0.02734375 0.0419921875
2 0.6513671875 0.44140625 0.00390625 0.00390625
0 0.7822265625 0.501953125 0.033203125 0.064453125
0 0.828125 0.51171875 0.0498046875 0.0751953125