1 0.0146484375 0.4111328125 0.005859375 0.0068359375
1 0.0595703125 0.4140625 0.005859375 0.0078125
1 0.0546875 0.4130859375 0.005859375 0.0078125
1 0.0078125 0.404296875 0.00390625 0.0048828125
1 0.080078125 0.40625 0.00390625 0.00390625
1 0.115234375 0.4072265625 0.00390625 0.00390625
1 0.1591796875 0.4091796875 0.0029296875 0.00390625
1 0.2578125 0.412109375 0.0029296875 0.00390625
1 0.296875 0.4140625 0.0029296875 0.00390625
1 0.3359375 0.416015625 0.001953125 0.00390625
1 0.38671875 0.4189453125 0.0029296875 0.00390625
1 0.42578125 0.421875 0.0029296875 0.00390625
1 0.4599609375 0.423828125 0.0029296875 0.0048828125
1 0.51171875 0.427734375 0.00390625 0.0048828125
1 0.55859375 0.431640625 0.00390625 0.005859375
1 0.576171875 0.4345703125 0.00390625 0.005859375
1 0.5732421875 0.4365234375 0.0048828125 0.0078125
1 0.5625 0.439453125 0.0068359375 0.009765625
1 0.6328125 0.4521484375 0.01171875 0.0146484375
1 0.8076171875 0.466796875 0.0146484375 0.017578125
2 0.3525390625 0.5087890625 0.0400390625 0.046875
2 0.208984375 0.4638671875 0.0234375 0.0283203125
2 0.14453125 0.443359375 0.017578125 0.01953125
2 0.1064453125 0.4296875 0.01171875 0.0146484375
2 0.0859375 0.4228515625 0.0087890625 0.0126953125
2 0.0986328125 0.419921875 0.0087890625 0.0107421875
2 0.1611328125 0.4169921875 0.0078125 0.0087890625
2 0.11328125 0.4130859375 0.0048828125 0.0068359375
2 0.046875 0.41015625 0.00390625 0.005859375
2 0.037109375 0.4072265625 0.00390625 0.005859375
2 0.0322265625 0.40625 0.00390625 0.0048828125
2 0.0615234375 0.40625 0.00390625 0.0048828125
2 0.1103515625 0.408203125 0.00390625 0.0048828125
2 0.1552734375 0.4091796875 0.00390625 0.0048828125
2 0.2041015625 0.4111328125 0.0029296875 0.00390625
2 0.251953125 0.4130859375 0.0029296875 0.00390625
2 0.9921875 0.501953125 0.0146484375 0.03125
2 0.6787109375 0.474609375 0.0224609375 0.0244140625
2 0.4189453125 0.4443359375 0.0107421875 0.015625
2 0.40234375 0.4375 0.0087890625 0.0126953125
2 0.4384765625 0.4345703125 0.0078125 0.0107421875
2 0.462890625 0.4326171875 0.005859375 0.0087890625
2 0.4794921875 0.4306640625 0.005859375 0.0078125
2 0.4609375 0.4267578125 0.00390625 0.005859375
2 0.427734375 0.4248046875 0.00390625 0.005859375
2 0.39453125 0.421875 0.00390625 0.005859375
2 0.3623046875 0.419921875 0.00390625 0.0048828125
2 0.3330078125 0.4169921875 0.00390625 0.0048828125
2 0.3125 0.416015625 0.0029296875 0.0048828125
2 0.2841796875 0.4140625 0.0029296875 0.0048828125