2 0.7314453125 0.408203125 0.0029296875 0.0048828125
2 0.779296875 0.4072265625 0.0029296875 0.0048828125
2 0.8125 0.4072265625 0.0048828125 0.005859375
2 0.8447265625 0.4072265625 0.0048828125 0.0068359375
2 0.86328125 0.408203125 0.005859375 0.0078125
2 0.88671875 0.41015625 0.0068359375 0.009765625
2 0.890625 0.412109375 0.0087890625 0.0107421875
2 0.8486328125 0.416015625 0.009765625 0.0126953125
2 0.8232421875 0.4208984375 0.0107421875 0.013671875
2 0.8916015625 0.42578125 0.0146484375 0.017578125
2 0.0400390625 0.478515625 0.0234375 0.0263671875
2 0.271484375 0.453125 0.0146484375 0.0166015625
2 0.376953125 0.4404296875 0.0107421875 0.013671875
2 0.44921875 0.431640625 0.0087890625 0.0107421875
2 0.490234375 0.4267578125 0.0068359375 0.0087890625
2 0.5234375 0.423828125 0.005859375 0.0078125
2 0.5478515625 0.4208984375 0.005859375 0.0078125
2 0.5673828125 0.41796875 0.0048828125 0.0068359375
2 0.5869140625 0.416015625 0.0048828125 0.005859375
2 0.6083984375 0.4140625 0.00390625 0.005859375
2 0.6435546875 0.4111328125 0.0029296875 0.00390625
2 0.69140625 0.41015625 0.0048828125 0.005859375
1 0.7294921875 0.41015625 0.0029296875 0.0048828125
1 0.7607421875 0.4091796875 0.00390625 0.005859375
1 0.7822265625 0.4111328125 0.0048828125 0.0078125
1 0.80078125 0.412109375 0.005859375 0.0078125
1 0.771484375 0.416015625 0.0068359375 0.0087890625
1 0.693359375 0.4208984375 0.0078125 0.0107421875
1 0.6474609375 0.4267578125 0.0087890625 0.01171875
1 0.6591796875 0.4326171875 0.0107421875 0.0146484375
1 0.759765625 0.44140625 0.0166015625 0.0205078125
1 0.9111328125 0.4619140625 0.029296875 0.033203125
1 0.818359375 0.52734375 0.0517578125 0.0625
1 0.21484375 0.4814453125 0.025390625 0.02734375
1 0.4130859375 0.4501953125 0.015625 0.017578125
1 0.4931640625 0.4375 0.0107421875 0.0126953125
1 0.5439453125 0.4296875 0.0078125 0.0107421875
1 0.57421875 0.4248046875 0.0068359375 0.0087890625
1 0.5986328125 0.4208984375 0.005859375 0.0078125
1 0.6181640625 0.41796875 0.0048828125 0.0068359375
1 0.630859375 0.416015625 0.0048828125 0.005859375
1 0.64453125 0.4140625 0.00390625 0.0048828125
1 0.6806640625 0.412109375 0.00390625 0.005859375