1 0.01953125 0.39453125 0.00390625 0.00390625
1 0.05859375 0.3955078125 0.001953125 0.0029296875
1 0.1171875 0.3984375 0.001953125 0.0029296875
1 0.1318359375 0.3994140625 0.001953125 0.0029296875
1 0.1396484375 0.3994140625 0.001953125 0.0029296875
1 0.1474609375 0.4013671875 0.0029296875 0.00390625
1 0.1552734375 0.4013671875 0.0029296875 0.00390625
1 0.1796875 0.4033203125 0.0029296875 0.00390625
1 0.1962890625 0.4052734375 0.00390625 0.00390625
1 0.212890625 0.40625 0.00390625 0.0048828125
1 0.2353515625 0.408203125 0.00390625 0.005859375
1 0.26171875 0.41015625 0.0048828125 0.005859375
1 0.2939453125 0.4130859375 0.0048828125 0.005859375
1 0.330078125 0.4169921875 0.005859375 0.0068359375
1 0.3720703125 0.419921875 0.005859375 0.0078125
1 0.4287109375 0.4248046875 0.0068359375 0.0078125
1 0.4990234375 0.431640625 0.0078125 0.0107421875
1 0.6044921875 0.4404296875 0.0087890625 0.01171875
1 0.73828125 0.4521484375 0.01171875 0.0146484375
1 0.953125 0.470703125 0.0166015625 0.017578125
2 0.1337890625 0.517578125 0.0537109375 0.052734375
2 0.0068359375 0.423828125 0.01171875 0.0166015625
2 0.044921875 0.4169921875 0.01171875 0.013671875
2 0.0087890625 0.412109375 0.0107421875 0.0126953125
2 0.04296875 0.3955078125 0.0029296875 0.00390625
2 0.0703125 0.396484375 0.0029296875 0.00390625
2 0.0888671875 0.3974609375 0.0029296875 0.00390625
2 0.095703125 0.3984375 0.001953125 0.00390625
2 0.1025390625 0.3994140625 0.001953125 0.00390625
2 0.1103515625 0.400390625 0.0029296875 0.00390625
2 0.123046875 0.4013671875 0.0029296875 0.0048828125
2 0.134765625 0.40234375 0.00390625 0.0048828125
2 0.1484375 0.404296875 0.00390625 0.0048828125
2 0.1640625 0.40625 0.00390625 0.005859375
2 0.185546875 0.408203125 0.0048828125 0.0068359375
2 0.21484375 0.412109375 0.005859375 0.0078125
2 0.244140625 0.4150390625 0.0068359375 0.0087890625
2 0.2802734375 0.4189453125 0.0068359375 0.0087890625
2 0.3291015625 0.4248046875 0.0078125 0.009765625
2 0.3935546875 0.4306640625 0.009765625 0.0126953125
2 0.4873046875 0.4404296875 0.01171875 0.0146484375
2 0.6259765625 0.455078125 0.015625 0.0185546875
2 0.865234375 0.4794921875 0.0244140625 0.025390625