2 0.5869140625 0.4375 0.0087890625 0.01171875
2 0.67578125 0.4423828125 0.0107421875 0.0126953125
2 0.794921875 0.453125 0.01171875 0.0146484375
2 0.9541015625 0.4736328125 0.0185546875 0.0205078125
2 0.4580078125 0.55859375 0.0625 0.0712890625
2 0.23828125 0.470703125 0.02734375 0.033203125
2 0.185546875 0.4423828125 0.0185546875 0.021484375
2 0.2373046875 0.4306640625 0.0126953125 0.015625
2 0.34765625 0.4287109375 0.009765625 0.0126953125
2 0.466796875 0.431640625 0.0087890625 0.0107421875
1 0.4404296875 0.4267578125 0.0078125 0.0087890625
1 0.5419921875 0.4306640625 0.0078125 0.0087890625
1 0.658203125 0.4365234375 0.0078125 0.009765625
1 0.7861328125 0.4453125 0.0078125 0.0107421875
1 0.912109375 0.455078125 0.0126953125 0.0126953125
1 0.0810546875 0.421875 0.0126953125 0.013671875
1 0.220703125 0.421875 0.0087890625 0.0107421875
1 0.3212890625 0.4228515625 0.0078125 0.009765625