1 0.88671875 0.4599609375 0.025390625 0.0283203125
1 0.7421875 0.5107421875 0.041015625 0.048828125
1 0.90234375 0.4375 0.017578125 0.01953125
2 0.9609375 0.4208984375 0.0107421875 0.0126953125
1 0.8310546875 0.4287109375 0.01171875 0.013671875
1 0.5673828125 0.419921875 0.00390625 0.005859375
1 0.7578125 0.42578125 0.0087890625 0.0107421875
1 0.5634765625 0.423828125 0.0048828125 0.0078125
1 0.6533203125 0.4248046875 0.0078125 0.009765625
2 0.84375 0.419921875 0.0087890625 0.0107421875
2 0.9638671875 0.41015625 0.0078125 0.0087890625
2 0.6455078125 0.419921875 0.0048828125 0.0078125
1 0.9912109375 0.4052734375 0.0068359375 0.0078125
1 0.591796875 0.4248046875 0.005859375 0.0078125
2 0.6767578125 0.4208984375 0.005859375 0.0087890625
2 0.751953125 0.419921875 0.0068359375 0.0087890625
1 0.572265625 0.41796875 0.00390625 0.0048828125
2 0.90625 0.4091796875 0.005859375 0.0078125
2 0.73046875 0.412109375 0.00390625 0.0048828125
1 0.9091796875 0.4072265625 0.0048828125 0.0068359375
2 0.6376953125 0.4169921875 0.00390625 0.005859375
1 0.833984375 0.408203125 0.00390625 0.005859375
1 0.578125 0.4169921875 0.00390625 0.00390625
1 0.744140625 0.41015625 0.0029296875 0.00390625
2 0.78125 0.4111328125 0.00390625 0.005859375
2 0.837890625 0.41015625 0.0048828125 0.0068359375
2 0.6484375 0.41015625 0.001953125 0.0029296875
1 0.73828125 0.41015625 0.0029296875 0.00390625
2 0.712890625 0.41015625 0.001953125 0.00390625
2 0.6962890625 0.4130859375 0.0029296875 0.0048828125
1 0.6689453125 0.4091796875 0.001953125 0.0029296875
2 0.7353515625 0.408203125 0.001953125 0.00390625
1 0.7763671875 0.41015625 0.00390625 0.0048828125
1 0.765625 0.4072265625 0.001953125 0.00390625
2 0.6806640625 0.412109375 0.0029296875 0.00390625
2 0.6845703125 0.412109375 0.0029296875 0.0048828125
2 0.7470703125 0.4072265625 0.001953125 0.0029296875
1 0.5810546875 0.416015625 0.0029296875 0.00390625
2 0.677734375 0.4091796875 0.001953125 0.00390625
2 0.6943359375 0.4111328125 0.0029296875 0.00390625
1 0.5849609375 0.4150390625 0.0029296875 0.00390625
2 0.634765625 0.4150390625 0.00390625 0.0048828125
1 0.587890625 0.4140625 0.0029296875 0.0029296875
2 0.708984375 0.4072265625 0.001953125 0.0029296875
1 0.7861328125 0.40625 0.001953125 0.00390625
1 0.751953125 0.40625 0.001953125 0.001953125
2 0.6298828125 0.412109375 0.001953125 0.00390625
2 0.7392578125 0.40625 0.001953125 0.0029296875
2 0.6337890625 0.412109375 0.0029296875 0.0048828125
1 0.591796875 0.4130859375 0.001953125 0.0029296875
1 0.6083984375 0.412109375 0.001953125 0.0029296875
1 0.8017578125 0.4052734375 0.001953125 0.00390625
1 0.791015625 0.4052734375 0.001953125 0.0029296875
1 0.775390625 0.40625 0.001953125 0.0029296875