1 0.642578125 0.4423828125 0.0029296875 0.0048828125
1 0.703125 0.4423828125 0.0029296875 0.0048828125
1 0.767578125 0.443359375 0.00390625 0.005859375
1 0.8154296875 0.4443359375 0.00390625 0.005859375
1 0.84765625 0.4453125 0.005859375 0.0068359375
1 0.8740234375 0.4462890625 0.005859375 0.0078125
1 0.8896484375 0.44921875 0.0068359375 0.0087890625
1 0.9140625 0.451171875 0.009765625 0.0107421875
1 0.2333984375 0.54296875 0.048828125 0.0546875
1 0.3564453125 0.486328125 0.0205078125 0.025390625
1 0.4052734375 0.46875 0.0146484375 0.017578125
1 0.4267578125 0.4599609375 0.009765625 0.013671875
1 0.439453125 0.4541015625 0.0078125 0.0107421875
1 0.4521484375 0.4501953125 0.005859375 0.0087890625
1 0.4580078125 0.447265625 0.0048828125 0.0078125
1 0.466796875 0.4462890625 0.0048828125 0.0068359375
1 0.4990234375 0.4443359375 0.00390625 0.005859375
1 0.5361328125 0.443359375 0.00390625 0.005859375
1 0.5791015625 0.4423828125 0.00390625 0.0048828125
2 0.6962890625 0.4443359375 0.00390625 0.005859375
2 0.748046875 0.4443359375 0.00390625 0.005859375
2 0.7822265625 0.447265625 0.0048828125 0.0078125
2 0.7939453125 0.4501953125 0.0068359375 0.0087890625
2 0.822265625 0.453125 0.0087890625 0.0107421875
2 0.9462890625 0.4580078125 0.0107421875 0.013671875
2 0.8212890625 0.529296875 0.0439453125 0.0478515625
2 0.6708984375 0.4833984375 0.0205078125 0.025390625
2 0.6201171875 0.466796875 0.0126953125 0.0166015625
2 0.58984375 0.4580078125 0.009765625 0.0126953125
2 0.5703125 0.453125 0.0078125 0.0107421875
2 0.5595703125 0.4501953125 0.005859375 0.0087890625
2 0.5517578125 0.4453125 0.0048828125 0.0068359375
2 0.583984375 0.4443359375 0.00390625 0.005859375
2 0.6337890625 0.4443359375 0.00390625 0.005859375