1 0.0537109375 0.4697265625 0.033203125 0.03515625
1 0.2685546875 0.453125 0.017578125 0.0205078125
1 0.421875 0.447265625 0.0126953125 0.015625
1 0.5517578125 0.4462890625 0.0107421875 0.0126953125
1 0.654296875 0.447265625 0.009765625 0.01171875
1 0.77734375 0.4482421875 0.0078125 0.009765625
1 0.8427734375 0.4482421875 0.0078125 0.0087890625
1 0.9140625 0.4501953125 0.005859375 0.0078125
1 0.98046875 0.451171875 0.005859375 0.0078125
2 0.4794921875 0.48046875 0.0224609375 0.029296875
2 0.9580078125 0.4580078125 0.0087890625 0.0107421875
2 0.8916015625 0.4580078125 0.0087890625 0.0126953125
2 0.6884765625 0.4599609375 0.013671875 0.0166015625
2 0.5732421875 0.46484375 0.017578125 0.021484375
2 0.484375 0.5458984375 0.0458984375 0.0625
2 0.7900390625 0.458984375 0.01171875 0.0146484375