1 0.568359375 0.4345703125 0.001953125 0.0029296875
1 0.59765625 0.4345703125 0.001953125 0.0029296875
1 0.650390625 0.435546875 0.001953125 0.0029296875
1 0.6435546875 0.4365234375 0.001953125 0.0029296875
1 0.638671875 0.4365234375 0.001953125 0.0029296875
1 0.6591796875 0.4375 0.001953125 0.0029296875
1 0.68359375 0.4384765625 0.001953125 0.00390625
1 0.716796875 0.44140625 0.00390625 0.0048828125
1 0.759765625 0.4423828125 0.0048828125 0.005859375
1 0.8115234375 0.4443359375 0.00390625 0.005859375
1 0.8828125 0.4453125 0.0068359375 0.0078125
1 0.9130859375 0.447265625 0.0078125 0.009765625
1 0.9599609375 0.4521484375 0.009765625 0.0107421875
1 0.998046875 0.45703125 0.00390625 0.0126953125
1 0.2939453125 0.513671875 0.037109375 0.041015625
1 0.3779296875 0.4775390625 0.0185546875 0.0224609375
1 0.4091796875 0.4638671875 0.0126953125 0.0166015625
1 0.4306640625 0.455078125 0.0087890625 0.0126953125
1 0.4423828125 0.4501953125 0.0068359375 0.009765625
1 0.4501953125 0.447265625 0.0048828125 0.0078125
1 0.455078125 0.4443359375 0.00390625 0.0068359375
1 0.4599609375 0.443359375 0.00390625 0.005859375
1 0.466796875 0.4375 0.001953125 0.00390625
1 0.470703125 0.4375 0.0029296875 0.00390625
1 0.474609375 0.435546875 0.001953125 0.00390625
1 0.478515625 0.435546875 0.001953125 0.0029296875
1 0.494140625 0.435546875 0.001953125 0.001953125
1 0.5126953125 0.4345703125 0.001953125 0.0029296875
2 0.5888671875 0.4345703125 0.001953125 0.0029296875
2 0.6103515625 0.435546875 0.001953125 0.0029296875
2 0.619140625 0.4365234375 0.001953125 0.0029296875
2 0.6123046875 0.435546875 0.001953125 0.0029296875
2 0.6044921875 0.4365234375 0.0029296875 0.00390625
2 0.6259765625 0.4375 0.001953125 0.0029296875
2 0.6474609375 0.4384765625 0.0029296875 0.00390625
2 0.669921875 0.4384765625 0.0029296875 0.00390625
2 0.666015625 0.4384765625 0.0029296875 0.00390625
2 0.6640625 0.4384765625 0.00390625 0.00390625
2 0.6630859375 0.44140625 0.00390625 0.005859375
2 0.689453125 0.443359375 0.0048828125 0.005859375
2 0.73828125 0.4443359375 0.0048828125 0.0078125
2 0.8017578125 0.4462890625 0.0048828125 0.0078125
2 0.830078125 0.4521484375 0.0078125 0.0107421875
2 0.8740234375 0.45703125 0.0107421875 0.0126953125
2 0.732421875 0.51171875 0.03515625 0.0400390625
2 0.63671875 0.4765625 0.017578125 0.0234375
2 0.5986328125 0.4638671875 0.01171875 0.0166015625
2 0.576171875 0.4560546875 0.0087890625 0.0126953125
2 0.560546875 0.4501953125 0.0078125 0.009765625
2 0.5498046875 0.447265625 0.005859375 0.0078125
2 0.54296875 0.4443359375 0.00390625 0.0068359375
2 0.5380859375 0.443359375 0.00390625 0.005859375
2 0.533203125 0.44140625 0.0029296875 0.0048828125
2 0.529296875 0.4404296875 0.001953125 0.00390625
2 0.525390625 0.439453125 0.0029296875 0.00390625
2 0.5224609375 0.4365234375 0.001953125 0.0029296875
2 0.517578125 0.4365234375 0.001953125 0.00390625
2 0.53515625 0.4345703125 0.001953125 0.0029296875
2 0.560546875 0.4345703125 0.001953125 0.0029296875