1 0.0107421875 0.431640625 0.015625 0.0166015625
1 0.0869140625 0.427734375 0.0126953125 0.0146484375
1 0.0771484375 0.4248046875 0.009765625 0.0126953125
1 0.0146484375 0.4208984375 0.009765625 0.01171875
1 0.0068359375 0.408203125 0.0048828125 0.005859375
1 0.0546875 0.4091796875 0.0048828125 0.005859375
1 0.09765625 0.41015625 0.005859375 0.005859375
1 0.1396484375 0.412109375 0.00390625 0.005859375
1 0.1943359375 0.4130859375 0.00390625 0.0048828125
1 0.2451171875 0.4140625 0.00390625 0.0048828125
1 0.3125 0.416015625 0.0029296875 0.0048828125
1 0.361328125 0.4189453125 0.0029296875 0.00390625
1 0.41015625 0.4208984375 0.0029296875 0.00390625
1 0.451171875 0.4228515625 0.0029296875 0.0048828125
1 0.4873046875 0.4248046875 0.00390625 0.005859375
1 0.552734375 0.4296875 0.0048828125 0.005859375
1 0.6103515625 0.4326171875 0.005859375 0.0078125
1 0.708984375 0.4404296875 0.005859375 0.0078125
1 0.8134765625 0.447265625 0.0078125 0.009765625
1 0.8798828125 0.453125 0.009765625 0.01171875
1 0.94140625 0.4619140625 0.0126953125 0.013671875
2 0.291015625 0.505859375 0.0380859375 0.0458984375
2 0.1728515625 0.4580078125 0.021484375 0.0263671875
2 0.171875 0.443359375 0.015625 0.0205078125
2 0.2509765625 0.43359375 0.0107421875 0.0126953125
2 0.23828125 0.427734375 0.0087890625 0.0107421875
2 0.1591796875 0.4228515625 0.0087890625 0.009765625
2 0.0615234375 0.41796875 0.0078125 0.009765625
2 0.044921875 0.4140625 0.0068359375 0.0087890625
2 0.0390625 0.4111328125 0.005859375 0.0068359375
2 0.076171875 0.4111328125 0.005859375 0.0068359375
2 0.13671875 0.4130859375 0.0048828125 0.005859375
2 0.19140625 0.4140625 0.00390625 0.0048828125
2 0.2509765625 0.416015625 0.00390625 0.005859375
2 0.3095703125 0.4169921875 0.00390625 0.005859375
2 0.8896484375 0.490234375 0.025390625 0.02734375
2 0.8203125 0.4697265625 0.0166015625 0.0205078125
2 0.7763671875 0.4580078125 0.0126953125 0.0146484375
2 0.7333984375 0.44921875 0.009765625 0.0107421875
2 0.6630859375 0.4404296875 0.0078125 0.0107421875
2 0.59375 0.4365234375 0.0068359375 0.0087890625
2 0.5302734375 0.431640625 0.005859375 0.0078125
2 0.4736328125 0.427734375 0.00390625 0.005859375
2 0.4248046875 0.423828125 0.0048828125 0.0068359375
2 0.3916015625 0.421875 0.00390625 0.005859375
2 0.3515625 0.419921875 0.00390625 0.005859375