1 0.4833984375 0.4267578125 0.00390625 0.005859375
1 0.529296875 0.4306640625 0.00390625 0.005859375
1 0.5888671875 0.4345703125 0.0048828125 0.005859375
1 0.669921875 0.435546875 0.00390625 0.0048828125
1 0.7587890625 0.4453125 0.0068359375 0.0087890625
1 0.8681640625 0.453125 0.0087890625 0.009765625
1 0.974609375 0.462890625 0.0107421875 0.0126953125
1 0.0234375 0.4404296875 0.0185546875 0.0185546875
1 0.1484375 0.435546875 0.0126953125 0.0146484375
1 0.2490234375 0.431640625 0.009765625 0.01171875
1 0.3076171875 0.4296875 0.0078125 0.009765625
1 0.2919921875 0.42578125 0.005859375 0.0078125
1 0.25 0.421875 0.005859375 0.0078125
1 0.193359375 0.4189453125 0.005859375 0.0068359375
1 0.44921875 0.4248046875 0.00390625 0.005859375
1 0.41796875 0.4228515625 0.00390625 0.0048828125
1 0.390625 0.4208984375 0.0029296875 0.00390625
1 0.3076171875 0.416015625 0.001953125 0.00390625
1 0.2470703125 0.4140625 0.0029296875 0.00390625
1 0.1962890625 0.412109375 0.0029296875 0.00390625
1 0.1552734375 0.41015625 0.00390625 0.00390625
1 0.107421875 0.408203125 0.0029296875 0.00390625
1 0.0517578125 0.4072265625 0.00390625 0.0048828125
1 0.001953125 0.4091796875 0.0029296875 0.0078125
1 0.064453125 0.4130859375 0.005859375 0.0068359375
1 0.134765625 0.416015625 0.005859375 0.0068359375
2 0.31640625 0.41796875 0.00390625 0.0048828125
2 0.3388671875 0.4189453125 0.00390625 0.005859375
2 0.36328125 0.4208984375 0.00390625 0.005859375
2 0.39453125 0.423828125 0.00390625 0.005859375
2 0.4248046875 0.42578125 0.0048828125 0.005859375
2 0.4677734375 0.4287109375 0.0048828125 0.0068359375
2 0.5224609375 0.4326171875 0.0048828125 0.0078125
2 0.6025390625 0.4384765625 0.0068359375 0.0087890625
2 0.6982421875 0.4453125 0.0078125 0.009765625
2 0.787109375 0.4521484375 0.0087890625 0.01171875
2 0.9072265625 0.466796875 0.013671875 0.015625
2 0.283203125 0.416015625 0.0029296875 0.0048828125
2 0.2333984375 0.4140625 0.0029296875 0.0048828125
2 0.1826171875 0.412109375 0.00390625 0.0048828125
2 0.1240234375 0.41015625 0.00390625 0.0048828125
2 0.0693359375 0.4091796875 0.00390625 0.005859375
2 0.037109375 0.408203125 0.00390625 0.005859375
2 0.0439453125 0.41015625 0.00390625 0.005859375
2 0.08984375 0.412109375 0.005859375 0.0068359375
2 0.154296875 0.4150390625 0.0048828125 0.005859375
2 0.22265625 0.41796875 0.0048828125 0.005859375
2 0.2880859375 0.421875 0.0048828125 0.0068359375
2 0.337890625 0.4248046875 0.005859375 0.0078125
2 0.37890625 0.427734375 0.005859375 0.0078125
2 0.416015625 0.431640625 0.0068359375 0.0087890625
2 0.4287109375 0.4345703125 0.0078125 0.009765625
2 0.3935546875 0.4375 0.0087890625 0.01171875
2 0.345703125 0.44140625 0.0107421875 0.013671875
2 0.2666015625 0.44921875 0.015625 0.0185546875
2 0.2373046875 0.46875 0.0244140625 0.029296875
2 0.349609375 0.509765625 0.0400390625 0.044921875
0 0.5029296875 0.421875 0.005859375 0.0087890625