2 0.3427734375 0.4345703125 0.001953125 0.0029296875
2 0.35546875 0.4345703125 0.001953125 0.0029296875
2 0.359375 0.4365234375 0.001953125 0.00390625
2 0.36328125 0.4365234375 0.001953125 0.00390625
2 0.33984375 0.4375 0.0029296875 0.0048828125
2 0.328125 0.4375 0.0029296875 0.00390625
2 0.375 0.4404296875 0.0029296875 0.00390625
2 0.4013671875 0.4404296875 0.00390625 0.005859375
2 0.380859375 0.4423828125 0.00390625 0.005859375
2 0.3427734375 0.443359375 0.0048828125 0.0068359375
2 0.318359375 0.4453125 0.005859375 0.0078125
2 0.34375 0.4482421875 0.005859375 0.0078125
2 0.40234375 0.4501953125 0.005859375 0.0087890625
2 0.453125 0.453125 0.0078125 0.0107421875
2 0.4228515625 0.4580078125 0.0087890625 0.0126953125
2 0.341796875 0.46484375 0.0107421875 0.0146484375
2 0.275390625 0.4755859375 0.015625 0.0205078125
2 0.35546875 0.4931640625 0.0234375 0.029296875
2 0.681640625 0.541015625 0.046875 0.0537109375
2 0.0185546875 0.451171875 0.009765625 0.01171875
2 0.0361328125 0.4482421875 0.0078125 0.0107421875
2 0.0263671875 0.4453125 0.0068359375 0.0087890625
2 0.05859375 0.4423828125 0.005859375 0.0078125
2 0.09765625 0.4404296875 0.0048828125 0.0078125
2 0.1259765625 0.4384765625 0.00390625 0.005859375
2 0.1494140625 0.4375 0.00390625 0.005859375
2 0.1650390625 0.4365234375 0.00390625 0.0048828125
2 0.1796875 0.435546875 0.0029296875 0.00390625
2 0.1904296875 0.435546875 0.0029296875 0.00390625
2 0.19921875 0.435546875 0.001953125 0.0029296875
2 0.20703125 0.4345703125 0.001953125 0.00390625
2 0.2138671875 0.4345703125 0.001953125 0.00390625
2 0.22265625 0.43359375 0.001953125 0.0029296875
2 0.251953125 0.43359375 0.001953125 0.0029296875
2 0.28125 0.43359375 0.001953125 0.00390625
1 0.3017578125 0.43359375 0.001953125 0.0029296875
1 0.31640625 0.4345703125 0.001953125 0.0029296875
1 0.32421875 0.4345703125 0.001953125 0.0029296875
1 0.330078125 0.435546875 0.001953125 0.00390625
1 0.2841796875 0.4365234375 0.0029296875 0.00390625
1 0.267578125 0.4365234375 0.001953125 0.00390625
1 0.2744140625 0.4375 0.0029296875 0.00390625
1 0.302734375 0.4384765625 0.0029296875 0.0048828125
1 0.3232421875 0.4404296875 0.00390625 0.005859375
1 0.30078125 0.44140625 0.00390625 0.005859375
1 0.2509765625 0.4423828125 0.0048828125 0.0068359375
1 0.2236328125 0.4462890625 0.005859375 0.0078125
1 0.2802734375 0.4501953125 0.0078125 0.0087890625
1 0.3076171875 0.4541015625 0.0078125 0.009765625
1 0.2578125 0.458984375 0.0107421875 0.013671875
1 0.1142578125 0.46484375 0.0126953125 0.015625
1 0.0810546875 0.45703125 0.0126953125 0.013671875
1 0.13671875 0.453125 0.009765625 0.0107421875
1 0.1494140625 0.4482421875 0.0068359375 0.009765625
1 0.1455078125 0.4453125 0.005859375 0.0087890625
1 0.1484375 0.44140625 0.0048828125 0.0068359375
1 0.1669921875 0.44140625 0.00390625 0.005859375
1 0.1865234375 0.439453125 0.00390625 0.005859375
1 0.2041015625 0.4384765625 0.0029296875 0.00390625
1 0.21484375 0.4365234375 0.001953125 0.00390625
1 0.2255859375 0.4365234375 0.0029296875 0.00390625
1 0.232421875 0.4345703125 0.001953125 0.00390625
1 0.2392578125 0.4345703125 0.001953125 0.0029296875
1 0.2451171875 0.4345703125 0.001953125 0.0029296875
1 0.25 0.43359375 0.00390625 0.0029296875
1 0.255859375 0.43359375 0.001953125 0.0029296875
1 0.2744140625 0.4345703125 0.001953125 0.00390625