2 0.19140625 0.474609375 0.0205078125 0.0263671875
2 0.4365234375 0.44921875 0.0146484375 0.0185546875
2 0.5732421875 0.4365234375 0.009765625 0.0126953125
2 0.650390625 0.4287109375 0.0087890625 0.01171875
2 0.7099609375 0.421875 0.0078125 0.0107421875
2 0.74609375 0.41796875 0.0078125 0.009765625
2 0.7763671875 0.416015625 0.005859375 0.0087890625
2 0.7998046875 0.4130859375 0.005859375 0.0078125
2 0.8203125 0.4111328125 0.0048828125 0.0068359375
2 0.8408203125 0.4091796875 0.0048828125 0.0068359375
2 0.86328125 0.4072265625 0.00390625 0.005859375
2 0.904296875 0.4052734375 0.00390625 0.0048828125
1 0.982421875 0.4140625 0.009765625 0.0107421875
1 0.9296875 0.4189453125 0.009765625 0.01171875
1 0.9521484375 0.423828125 0.0126953125 0.0146484375
1 0.7001953125 0.5302734375 0.0517578125 0.060546875
1 0.3349609375 0.48828125 0.0302734375 0.03125
1 0.578125 0.453125 0.017578125 0.01953125
1 0.7041015625 0.435546875 0.0126953125 0.0146484375
1 0.7666015625 0.4267578125 0.009765625 0.0126953125
1 0.810546875 0.419921875 0.0078125 0.0107421875
1 0.8388671875 0.4169921875 0.0068359375 0.0087890625
1 0.8623046875 0.4140625 0.005859375 0.0078125
1 0.8818359375 0.4111328125 0.0048828125 0.0078125
1 0.8955078125 0.4091796875 0.0048828125 0.0068359375
1 0.91015625 0.4072265625 0.00390625 0.005859375