1 0.07421875 0.4794921875 0.0185546875 0.01953125
1 0.1484375 0.4677734375 0.0126953125 0.013671875
1 0.189453125 0.4619140625 0.009765625 0.0126953125
1 0.2412109375 0.4580078125 0.0087890625 0.0107421875
1 0.3134765625 0.4541015625 0.0078125 0.0087890625
1 0.3759765625 0.451171875 0.0068359375 0.0087890625
1 0.4296875 0.4501953125 0.0068359375 0.0087890625
1 0.6298828125 0.4462890625 0.005859375 0.0078125
1 0.736328125 0.4443359375 0.005859375 0.0078125
1 0.8330078125 0.4443359375 0.005859375 0.0078125
2 0.580078125 0.51953125 0.0390625 0.04296875
2 0.3046875 0.4921875 0.021484375 0.02734375
2 0.3203125 0.470703125 0.013671875 0.0166015625
2 0.3349609375 0.4599609375 0.009765625 0.0126953125
2 0.396484375 0.455078125 0.0078125 0.0107421875
2 0.4814453125 0.4521484375 0.0078125 0.009765625
2 0.55859375 0.44921875 0.0078125 0.009765625
2 0.6484375 0.4482421875 0.0078125 0.0087890625
2 0.751953125 0.447265625 0.0078125 0.0087890625
2 0.96875 0.451171875 0.0107421875 0.01171875
2 0.8447265625 0.4482421875 0.0087890625 0.0107421875
1 0.953125 0.4453125 0.0107421875 0.009765625