2 0.279296875 0.4013671875 0.001953125 0.0029296875
2 0.3251953125 0.404296875 0.001953125 0.00390625
2 0.3408203125 0.4052734375 0.0029296875 0.00390625
2 0.3466796875 0.40625 0.001953125 0.00390625
2 0.3515625 0.4072265625 0.0029296875 0.00390625
2 0.3310546875 0.4072265625 0.0029296875 0.0048828125
2 0.318359375 0.4072265625 0.0029296875 0.0048828125
2 0.3359375 0.4091796875 0.00390625 0.005859375
2 0.3828125 0.4140625 0.00390625 0.005859375
2 0.41796875 0.416015625 0.0048828125 0.0068359375
2 0.3994140625 0.41796875 0.005859375 0.0078125
2 0.357421875 0.41796875 0.0068359375 0.0087890625
2 0.3349609375 0.4208984375 0.0068359375 0.009765625
2 0.380859375 0.427734375 0.0078125 0.0107421875
2 0.4765625 0.4365234375 0.009765625 0.0126953125
2 0.5751953125 0.4453125 0.0126953125 0.0166015625
2 0.578125 0.458984375 0.0166015625 0.0205078125
2 0.5166015625 0.4814453125 0.025390625 0.03125
2 0.5361328125 0.560546875 0.0537109375 0.064453125
2 0.0283203125 0.400390625 0.0078125 0.0087890625
2 0.068359375 0.3994140625 0.005859375 0.0078125
2 0.099609375 0.3984375 0.0048828125 0.0078125
2 0.1201171875 0.3984375 0.0048828125 0.005859375
2 0.1376953125 0.3984375 0.00390625 0.0048828125
2 0.1494140625 0.3984375 0.00390625 0.0048828125
2 0.1611328125 0.3984375 0.0029296875 0.00390625
2 0.1689453125 0.3974609375 0.0029296875 0.00390625
2 0.177734375 0.3974609375 0.001953125 0.00390625
2 0.185546875 0.3974609375 0.001953125 0.00390625
2 0.197265625 0.3974609375 0.001953125 0.0029296875
2 0.2529296875 0.400390625 0.001953125 0.00390625
1 0.2958984375 0.40234375 0.001953125 0.0029296875
1 0.306640625 0.404296875 0.001953125 0.00390625
1 0.3154296875 0.4052734375 0.001953125 0.00390625
1 0.2998046875 0.404296875 0.0029296875 0.00390625
1 0.2646484375 0.404296875 0.0029296875 0.0048828125
1 0.24609375 0.404296875 0.0029296875 0.0048828125
1 0.2568359375 0.4052734375 0.00390625 0.005859375
1 0.2939453125 0.4091796875 0.00390625 0.005859375
1 0.32421875 0.412109375 0.0048828125 0.0068359375
1 0.2998046875 0.4130859375 0.005859375 0.0078125
1 0.23828125 0.412109375 0.005859375 0.0087890625
1 0.2021484375 0.4130859375 0.0078125 0.0107421875
1 0.2109375 0.41796875 0.0087890625 0.01171875
1 0.302734375 0.4287109375 0.0107421875 0.013671875
1 0.3603515625 0.439453125 0.0126953125 0.0166015625
1 0.3046875 0.4501953125 0.0185546875 0.0224609375
1 0.0283203125 0.46875 0.0380859375 0.0361328125
1 0.083984375 0.427734375 0.017578125 0.0185546875
1 0.103515625 0.419921875 0.0126953125 0.0146484375
1 0.09375 0.412109375 0.0087890625 0.01171875
1 0.099609375 0.4072265625 0.005859375 0.0087890625
1 0.125 0.4052734375 0.0078125 0.0087890625
1 0.1494140625 0.404296875 0.005859375 0.0078125
1 0.1708984375 0.4033203125 0.0048828125 0.005859375
1 0.1826171875 0.4013671875 0.00390625 0.005859375
1 0.1943359375 0.4013671875 0.0029296875 0.0048828125
1 0.201171875 0.400390625 0.001953125 0.00390625
1 0.208984375 0.400390625 0.001953125 0.00390625
1 0.21484375 0.3994140625 0.001953125 0.00390625
1 0.2197265625 0.3994140625 0.001953125 0.0029296875
1 0.24609375 0.400390625 0.001953125 0.00390625