1 0.3642578125 0.490234375 0.0107421875 0.021484375
1 0.396484375 0.47265625 0.0126953125 0.0166015625
1 0.4169921875 0.462890625 0.0087890625 0.0126953125
1 0.4306640625 0.4580078125 0.0078125 0.009765625
1 0.4423828125 0.453125 0.005859375 0.0078125
1 0.4560546875 0.451171875 0.0048828125 0.0068359375
1 0.498046875 0.44921875 0.00390625 0.005859375
1 0.5244140625 0.447265625 0.00390625 0.005859375
1 0.5224609375 0.4462890625 0.0029296875 0.0048828125
1 0.498046875 0.4462890625 0.00390625 0.0048828125
1 0.46875 0.447265625 0.00390625 0.005859375
1 0.458984375 0.4462890625 0.00390625 0.0048828125
1 0.462890625 0.4443359375 0.0029296875 0.00390625
1 0.4736328125 0.443359375 0.0029296875 0.00390625
1 0.4951171875 0.443359375 0.0029296875 0.00390625
1 0.5400390625 0.4423828125 0.001953125 0.00390625
1 0.5634765625 0.4423828125 0.0029296875 0.00390625
1 0.595703125 0.4423828125 0.0029296875 0.00390625
1 0.6748046875 0.44140625 0.0029296875 0.0029296875
1 0.7099609375 0.4404296875 0.001953125 0.00390625
1 0.74609375 0.44140625 0.0029296875 0.0029296875
1 0.7734375 0.44140625 0.001953125 0.00390625
1 0.8359375 0.4423828125 0.0029296875 0.00390625
1 0.87109375 0.443359375 0.00390625 0.00390625
1 0.9296875 0.4453125 0.005859375 0.005859375
1 0.982421875 0.4462890625 0.0048828125 0.005859375
1 0.9970703125 0.447265625 0.0048828125 0.0078125
1 0.984375 0.4501953125 0.0068359375 0.0087890625
1 0.955078125 0.453125 0.0087890625 0.0107421875
1 0.9267578125 0.45703125 0.0107421875 0.01171875
1 0.994140625 0.4619140625 0.01171875 0.013671875
1 0.2734375 0.5244140625 0.0390625 0.0419921875
2 0.736328125 0.5146484375 0.0361328125 0.0390625
2 0.5947265625 0.4697265625 0.0126953125 0.017578125
2 0.5673828125 0.4619140625 0.009765625 0.0126953125
2 0.5498046875 0.4560546875 0.0078125 0.009765625
2 0.5400390625 0.4521484375 0.005859375 0.0078125
2 0.5478515625 0.4501953125 0.005859375 0.0078125
2 0.6552734375 0.591796875 0.005859375 0.0078125
2 0.5927734375 0.4462890625 0.005859375 0.0078125
2 0.5595703125 0.4453125 0.00390625 0.005859375
2 0.517578125 0.4462890625 0.0029296875 0.0048828125
2 0.51171875 0.4443359375 0.0029296875 0.00390625
2 0.5087890625 0.4443359375 0.0029296875 0.00390625
2 0.5283203125 0.443359375 0.0029296875 0.00390625
2 0.62890625 0.44140625 0.0029296875 0.00390625
2 0.66796875 0.44140625 0.0029296875 0.00390625
2 0.9658203125 0.4736328125 0.01953125 0.021484375
2 0.83203125 0.46484375 0.0126953125 0.015625
2 0.771484375 0.4580078125 0.0107421875 0.0146484375
2 0.814453125 0.4521484375 0.0087890625 0.009765625
2 0.8486328125 0.4501953125 0.0068359375 0.0087890625
2 0.8759765625 0.4482421875 0.005859375 0.0078125
2 0.8623046875 0.4462890625 0.005859375 0.0068359375
2 0.8291015625 0.4443359375 0.0048828125 0.005859375
2 0.7958984375 0.4443359375 0.00390625 0.0048828125
2 0.765625 0.443359375 0.00390625 0.0048828125
2 0.7392578125 0.4423828125 0.00390625 0.0048828125
2 0.720703125 0.44140625 0.0029296875 0.0048828125
2 0.6953125 0.44140625 0.0029296875 0.00390625
0 0.3505859375 0.4833984375 0.0224609375 0.04296875
0 0.3642578125 0.4794921875 0.0244140625 0.0400390625
0 0.6416015625 0.4755859375 0.021484375 0.0380859375
0 0.65625 0.478515625 0.0224609375 0.0419921875