2 0.83203125 0.443359375 0.005859375 0.0078125
2 0.8896484375 0.443359375 0.0068359375 0.0087890625
2 0.94140625 0.4462890625 0.0078125 0.0107421875
2 0.9658203125 0.4501953125 0.009765625 0.0126953125
2 0.9775390625 0.4638671875 0.0166015625 0.0205078125
2 0.8359375 0.5439453125 0.0537109375 0.05859375
2 0.6669921875 0.484375 0.0205078125 0.02734375
2 0.6171875 0.4658203125 0.0126953125 0.0185546875
2 0.587890625 0.45703125 0.009765625 0.013671875
2 0.5732421875 0.451171875 0.0078125 0.0107421875
2 0.5703125 0.447265625 0.005859375 0.0078125
2 0.603515625 0.4453125 0.0048828125 0.0078125
2 0.669921875 0.443359375 0.0048828125 0.005859375
2 0.7490234375 0.4423828125 0.0048828125 0.0068359375
1 0.82421875 0.44140625 0.0048828125 0.005859375
1 0.916015625 0.44140625 0.005859375 0.0078125
1 0.251953125 0.556640625 0.052734375 0.0595703125
1 0.380859375 0.48828125 0.0224609375 0.0263671875
1 0.42578125 0.4658203125 0.0126953125 0.0166015625
1 0.4365234375 0.4580078125 0.0087890625 0.0126953125
1 0.44921875 0.4521484375 0.0078125 0.009765625
1 0.4619140625 0.44921875 0.0068359375 0.0087890625
1 0.48828125 0.4462890625 0.005859375 0.0078125
1 0.5390625 0.4443359375 0.0048828125 0.0068359375
1 0.6064453125 0.4423828125 0.00390625 0.005859375
1 0.6669921875 0.44140625 0.00390625 0.005859375