1 0.3701171875 0.494140625 0.0234375 0.02734375
1 0.40625 0.474609375 0.013671875 0.0185546875
1 0.4267578125 0.462890625 0.009765625 0.013671875
1 0.439453125 0.4560546875 0.0078125 0.009765625
1 0.451171875 0.4521484375 0.0068359375 0.0087890625
1 0.4638671875 0.4501953125 0.0048828125 0.0078125
1 0.5068359375 0.447265625 0.0048828125 0.0068359375
1 0.53515625 0.4462890625 0.0048828125 0.0068359375
1 0.5322265625 0.4453125 0.00390625 0.005859375
1 0.5068359375 0.4443359375 0.0029296875 0.00390625
1 0.4755859375 0.4453125 0.00390625 0.0048828125
1 0.46484375 0.4443359375 0.00390625 0.0048828125
1 0.46875 0.4423828125 0.0029296875 0.00390625
1 0.4794921875 0.44140625 0.001953125 0.00390625
1 0.5009765625 0.44140625 0.001953125 0.0029296875
1 0.5244140625 0.4404296875 0.001953125 0.00390625
1 0.546875 0.4404296875 0.0029296875 0.00390625
1 0.5703125 0.439453125 0.001953125 0.0029296875
1 0.603515625 0.439453125 0.0029296875 0.00390625
1 0.6845703125 0.4384765625 0.001953125 0.00390625
1 0.720703125 0.4384765625 0.001953125 0.00390625
1 0.7578125 0.4384765625 0.001953125 0.00390625
1 0.7861328125 0.439453125 0.001953125 0.00390625
1 0.8095703125 0.439453125 0.0029296875 0.00390625
1 0.8525390625 0.4404296875 0.0029296875 0.00390625
1 0.890625 0.44140625 0.00390625 0.005859375
1 0.9541015625 0.4423828125 0.00390625 0.005859375
1 0.986328125 0.458984375 0.015625 0.0087890625
1 0.994140625 0.4521484375 0.0078125 0.0107421875
1 0.2724609375 0.5439453125 0.0498046875 0.052734375
2 0.8359375 0.5302734375 0.0439453125 0.048828125
2 0.69140625 0.48828125 0.0234375 0.02734375
2 0.6220703125 0.470703125 0.0146484375 0.0185546875
2 0.5869140625 0.4619140625 0.0107421875 0.013671875
2 0.564453125 0.455078125 0.0078125 0.0107421875
2 0.5517578125 0.4501953125 0.0068359375 0.0087890625
2 0.5595703125 0.4482421875 0.005859375 0.0078125
2 0.6025390625 0.4462890625 0.005859375 0.0068359375
2 0.5693359375 0.4443359375 0.00390625 0.005859375
2 0.5263671875 0.4443359375 0.0029296875 0.0048828125
2 0.51953125 0.443359375 0.0029296875 0.00390625
2 0.515625 0.4423828125 0.0029296875 0.00390625
2 0.53515625 0.44140625 0.0029296875 0.00390625
2 0.5673828125 0.44140625 0.0029296875 0.00390625
2 0.599609375 0.4404296875 0.0029296875 0.00390625
2 0.6376953125 0.439453125 0.00390625 0.0048828125
2 0.6787109375 0.439453125 0.0029296875 0.00390625
2 0.8046875 0.458984375 0.009765625 0.0126953125
2 0.7978515625 0.4541015625 0.0078125 0.0107421875
2 0.841796875 0.451171875 0.0078125 0.009765625
2 0.8759765625 0.4482421875 0.0068359375 0.0087890625
2 0.90234375 0.4462890625 0.005859375 0.0078125
2 0.884765625 0.4443359375 0.005859375 0.0068359375
2 0.8486328125 0.443359375 0.00390625 0.005859375
2 0.8134765625 0.4423828125 0.00390625 0.005859375
2 0.78125 0.44140625 0.00390625 0.0048828125
2 0.751953125 0.4404296875 0.00390625 0.0048828125
2 0.7333984375 0.439453125 0.00390625 0.0048828125
2 0.70703125 0.439453125 0.00390625 0.00390625