1 0.318359375 0.419921875 0.00390625 0.005859375
1 0.3515625 0.4228515625 0.0048828125 0.005859375
1 0.3896484375 0.42578125 0.0048828125 0.0068359375
1 0.435546875 0.4296875 0.0048828125 0.0078125
1 0.494140625 0.4345703125 0.005859375 0.0078125
1 0.5693359375 0.4404296875 0.0068359375 0.0087890625
1 0.66796875 0.4482421875 0.0078125 0.009765625
1 0.8037109375 0.458984375 0.0107421875 0.0126953125
1 0.9970703125 0.4755859375 0.0048828125 0.0146484375
1 0.009765625 0.404296875 0.0029296875 0.00390625
1 0.0751953125 0.40625 0.0029296875 0.00390625
1 0.1796875 0.41015625 0.0029296875 0.00390625
1 0.220703125 0.4130859375 0.001953125 0.00390625
1 0.267578125 0.416015625 0.0029296875 0.00390625
1 0.291015625 0.41796875 0.00390625 0.0048828125
2 0.189453125 0.412109375 0.00390625 0.005859375
2 0.2060546875 0.4130859375 0.00390625 0.0048828125
2 0.224609375 0.4150390625 0.0048828125 0.005859375
2 0.2470703125 0.41796875 0.0048828125 0.0068359375
2 0.2744140625 0.419921875 0.005859375 0.0068359375
2 0.30859375 0.423828125 0.005859375 0.0078125
2 0.3486328125 0.427734375 0.0068359375 0.0087890625
2 0.4013671875 0.4326171875 0.0078125 0.009765625
2 0.470703125 0.4384765625 0.0087890625 0.0107421875
2 0.564453125 0.447265625 0.009765625 0.0126953125
2 0.70703125 0.4619140625 0.0126953125 0.0166015625
2 0.9345703125 0.4833984375 0.0185546875 0.021484375
2 0.435546875 0.5263671875 0.04296875 0.0537109375
2 0.23828125 0.4697265625 0.025390625 0.029296875
2 0.1572265625 0.4462890625 0.0185546875 0.0205078125
2 0.1123046875 0.4345703125 0.0126953125 0.015625
2 0.083984375 0.42578125 0.0107421875 0.0126953125
2 0.0654296875 0.419921875 0.0087890625 0.0107421875
2 0.05078125 0.416015625 0.0078125 0.0087890625
2 0.0400390625 0.4130859375 0.005859375 0.0078125
2 0.03125 0.41015625 0.0048828125 0.0068359375
2 0.0244140625 0.408203125 0.00390625 0.005859375
2 0.0185546875 0.4072265625 0.00390625 0.0048828125
2 0.0146484375 0.4052734375 0.0029296875 0.0048828125
2 0.0390625 0.40625 0.00390625 0.005859375
2 0.09375 0.4072265625 0.00390625 0.0048828125
2 0.1494140625 0.41015625 0.00390625 0.00390625