1 0.015625 0.4677734375 0.03125 0.0341796875
1 0.1669921875 0.4140625 0.005859375 0.0068359375
1 0.2587890625 0.4169921875 0.0048828125 0.0068359375
1 0.3955078125 0.423828125 0.00390625 0.005859375
1 0.45703125 0.4267578125 0.0048828125 0.0068359375
1 0.5146484375 0.4306640625 0.005859375 0.0078125
1 0.6240234375 0.4384765625 0.005859375 0.0078125
1 0.7216796875 0.4443359375 0.0078125 0.009765625
1 0.89453125 0.4560546875 0.0068359375 0.009765625
2 0.55078125 0.587890625 0.0625 0.0703125
2 0.41015625 0.4765625 0.0234375 0.029296875
2 0.2919921875 0.451171875 0.017578125 0.0205078125
2 0.1142578125 0.4384765625 0.015625 0.0185546875
2 0.015625 0.4130859375 0.0068359375 0.0078125
2 0.09765625 0.4150390625 0.0068359375 0.0078125
2 0.1826171875 0.4169921875 0.005859375 0.0078125
2 0.265625 0.419921875 0.005859375 0.0068359375
2 0.9052734375 0.462890625 0.0107421875 0.013671875
2 0.7607421875 0.4521484375 0.009765625 0.0126953125
2 0.638671875 0.4443359375 0.0078125 0.0107421875
2 0.5341796875 0.4365234375 0.0068359375 0.009765625
2 0.4453125 0.4306640625 0.0068359375 0.0087890625
2 0.3896484375 0.4267578125 0.005859375 0.0078125
2 0.326171875 0.4228515625 0.005859375 0.0078125