2 0.0390625 0.4423828125 0.0185546875 0.0205078125
2 0.203125 0.4892578125 0.037109375 0.0390625
2 0.9345703125 0.4677734375 0.0146484375 0.015625
2 0.0859375 0.43359375 0.013671875 0.0146484375
2 0.171875 0.4287109375 0.009765625 0.01171875
2 0.2265625 0.4267578125 0.0087890625 0.009765625
2 0.0859375 0.4580078125 0.025390625 0.02734375
2 0.5849609375 0.5888671875 0.0673828125 0.068359375
2 0.7353515625 0.45703125 0.0107421875 0.0146484375
1 0.912109375 0.458984375 0.0107421875 0.0126953125
1 0.05078125 0.412109375 0.005859375 0.0068359375
2 0.5576171875 0.4375 0.0068359375 0.0087890625
1 0.1552734375 0.4208984375 0.0068359375 0.0078125
2 0.611328125 0.4453125 0.0087890625 0.01171875
1 0.0927734375 0.4228515625 0.0078125 0.009765625
2 0.263671875 0.4228515625 0.005859375 0.0078125
1 0.14453125 0.41796875 0.005859375 0.0078125
1 0.7421875 0.44921875 0.0078125 0.009765625
2 0.234375 0.419921875 0.005859375 0.0078125
2 0.5009765625 0.4326171875 0.0068359375 0.0087890625
2 0.232421875 0.4150390625 0.00390625 0.005859375
2 0.0830078125 0.412109375 0.005859375 0.0068359375
1 0.6884765625 0.4443359375 0.0068359375 0.009765625
2 0.197265625 0.4169921875 0.005859375 0.0068359375
1 0.6337890625 0.4384765625 0.005859375 0.0078125
2 0.01171875 0.4091796875 0.0048828125 0.0068359375
1 0.0634765625 0.40625 0.0029296875 0.00390625
1 0.1064453125 0.4150390625 0.005859375 0.0068359375
2 0.2685546875 0.42578125 0.0068359375 0.0087890625
2 0.1494140625 0.4150390625 0.00390625 0.005859375
1 0.5615234375 0.43359375 0.0048828125 0.0068359375
1 0.4951171875 0.4296875 0.0048828125 0.005859375
2 0.046875 0.40625 0.00390625 0.0048828125
1 0.80859375 0.4541015625 0.0087890625 0.0107421875
2 0.2607421875 0.4169921875 0.00390625 0.005859375
2 0.2099609375 0.4140625 0.00390625 0.005859375
1 0.31640625 0.41796875 0.00390625 0.0048828125
2 0.3232421875 0.4208984375 0.0048828125 0.005859375
2 0.431640625 0.4287109375 0.005859375 0.0068359375
1 0.2158203125 0.412109375 0.0029296875 0.00390625
2 0.1884765625 0.412109375 0.0029296875 0.0048828125
1 0.1181640625 0.408203125 0.0029296875 0.0029296875
1 0.0166015625 0.4052734375 0.0029296875 0.0048828125
2 0.369140625 0.4248046875 0.0048828125 0.0068359375
2 0.1025390625 0.408203125 0.0029296875 0.00390625
1 0.1826171875 0.4111328125 0.0029296875 0.00390625
2 0.1552734375 0.41015625 0.0029296875 0.00390625
2 0.287109375 0.41796875 0.00390625 0.0048828125
1 0.2890625 0.4169921875 0.00390625 0.005859375
1 0.384765625 0.4228515625 0.005859375 0.00390625
0 0.283203125 0.4169921875 0.0048828125 0.0087890625
0 0.2890625 0.4169921875 0.0048828125 0.009765625