1 0.033203125 0.4052734375 0.0029296875 0.00390625
1 0.078125 0.4072265625 0.0029296875 0.00390625
1 0.1142578125 0.408203125 0.0029296875 0.00390625
1 0.189453125 0.412109375 0.001953125 0.00390625
1 0.2197265625 0.4140625 0.001953125 0.0029296875
1 0.2431640625 0.4150390625 0.001953125 0.0029296875
1 0.2578125 0.416015625 0.001953125 0.0029296875
1 0.2734375 0.4169921875 0.0029296875 0.00390625
1 0.2919921875 0.4189453125 0.0029296875 0.00390625
1 0.3134765625 0.4208984375 0.00390625 0.00390625
1 0.337890625 0.4228515625 0.00390625 0.005859375
1 0.3662109375 0.4248046875 0.00390625 0.005859375
1 0.400390625 0.427734375 0.0048828125 0.005859375
1 0.4423828125 0.431640625 0.005859375 0.0068359375
1 0.4951171875 0.4365234375 0.0068359375 0.0078125
1 0.5625 0.4423828125 0.0068359375 0.0087890625
1 0.6513671875 0.4501953125 0.0078125 0.009765625
1 0.7724609375 0.4599609375 0.009765625 0.0126953125
1 0.955078125 0.4755859375 0.0146484375 0.015625
2 0.3125 0.498046875 0.03515625 0.0419921875
2 0.201171875 0.458984375 0.0205078125 0.025390625
2 0.15234375 0.4423828125 0.0146484375 0.0185546875
2 0.1220703125 0.431640625 0.01171875 0.0146484375
2 0.1025390625 0.42578125 0.0087890625 0.01171875
2 0.0888671875 0.4208984375 0.0078125 0.0107421875
2 0.080078125 0.41796875 0.005859375 0.0078125
2 0.072265625 0.416015625 0.0048828125 0.0068359375
2 0.0654296875 0.4140625 0.00390625 0.0068359375
2 0.060546875 0.412109375 0.00390625 0.005859375
2 0.056640625 0.4111328125 0.0029296875 0.0048828125
2 0.052734375 0.4091796875 0.0029296875 0.00390625
2 0.0498046875 0.408203125 0.0029296875 0.0048828125
2 0.0458984375 0.4072265625 0.0029296875 0.00390625
2 0.06640625 0.408203125 0.0029296875 0.00390625
2 0.109375 0.4091796875 0.0029296875 0.00390625
2 0.1552734375 0.4111328125 0.0029296875 0.0029296875
2 0.18359375 0.4130859375 0.0029296875 0.00390625
2 0.193359375 0.4140625 0.0029296875 0.00390625
2 0.2080078125 0.4150390625 0.0029296875 0.00390625
2 0.22265625 0.4169921875 0.00390625 0.0048828125
2 0.240234375 0.41796875 0.00390625 0.005859375
2 0.259765625 0.419921875 0.00390625 0.005859375
2 0.283203125 0.4228515625 0.0048828125 0.0068359375
2 0.3125 0.42578125 0.005859375 0.0068359375
2 0.349609375 0.4287109375 0.005859375 0.0078125
2 0.3955078125 0.43359375 0.0068359375 0.0087890625
2 0.4560546875 0.439453125 0.0078125 0.0107421875
2 0.5390625 0.4482421875 0.009765625 0.0126953125
2 0.6591796875 0.4599609375 0.0126953125 0.015625
2 0.845703125 0.478515625 0.017578125 0.01953125