2 0.44140625 0.4462890625 0.005859375 0.0078125
2 0.515625 0.4482421875 0.0068359375 0.0087890625
2 0.5703125 0.451171875 0.0078125 0.0107421875
2 0.634765625 0.4560546875 0.009765625 0.0126953125
2 0.6943359375 0.46484375 0.0126953125 0.015625
2 0.7939453125 0.478515625 0.01953125 0.021484375
2 0.9501953125 0.5107421875 0.0322265625 0.037109375
2 0.0458984375 0.458984375 0.015625 0.017578125
2 0.1455078125 0.451171875 0.0107421875 0.013671875
2 0.212890625 0.447265625 0.0087890625 0.01171875
2 0.291015625 0.4453125 0.0078125 0.009765625
2 0.376953125 0.4453125 0.0078125 0.009765625
1 0.4365234375 0.4501953125 0.0078125 0.009765625
1 0.4921875 0.4541015625 0.0087890625 0.0126953125
1 0.541015625 0.462890625 0.01171875 0.0166015625
1 0.6044921875 0.4765625 0.0166015625 0.0224609375
1 0.5615234375 0.5068359375 0.0283203125 0.03515625
1 0.1328125 0.5888671875 0.064453125 0.0654296875
1 0.1279296875 0.46875 0.0185546875 0.0205078125
1 0.208984375 0.458984375 0.0146484375 0.0166015625
1 0.2685546875 0.4521484375 0.0107421875 0.0126953125
1 0.3505859375 0.44921875 0.0087890625 0.0107421875