1 0.3154296875 0.5595703125 0.05078125 0.060546875
1 0.4677734375 0.5048828125 0.02734375 0.033203125
1 0.431640625 0.4912109375 0.0224609375 0.0263671875
1 0.322265625 0.4833984375 0.0185546875 0.021484375
1 0.2119140625 0.4775390625 0.0146484375 0.0166015625
1 0.185546875 0.4716796875 0.0126953125 0.0146484375
1 0.20703125 0.46484375 0.009765625 0.0126953125
1 0.2236328125 0.4599609375 0.0078125 0.009765625
1 0.236328125 0.4580078125 0.0068359375 0.0087890625
1 0.263671875 0.455078125 0.0068359375 0.0078125
1 0.3134765625 0.453125 0.005859375 0.0078125
1 0.3603515625 0.451171875 0.005859375 0.0078125
1 0.40234375 0.4501953125 0.005859375 0.0068359375
1 0.501953125 0.447265625 0.0048828125 0.005859375
1 0.5595703125 0.447265625 0.0048828125 0.005859375
1 0.6416015625 0.4462890625 0.0048828125 0.0068359375
1 0.869140625 0.447265625 0.005859375 0.0078125
1 0.9541015625 0.44921875 0.0078125 0.0087890625
2 0.9111328125 0.5166015625 0.037109375 0.041015625
2 0.7119140625 0.4814453125 0.0205078125 0.0234375
2 0.5322265625 0.4716796875 0.0146484375 0.017578125
2 0.380859375 0.4677734375 0.0107421875 0.0146484375
2 0.3564453125 0.4609375 0.0078125 0.0107421875
2 0.3466796875 0.4560546875 0.0068359375 0.0087890625
2 0.3837890625 0.453125 0.005859375 0.0078125
2 0.4462890625 0.451171875 0.005859375 0.0078125
2 0.5048828125 0.4501953125 0.0048828125 0.0068359375
2 0.5732421875 0.4482421875 0.005859375 0.0078125
2 0.6484375 0.4482421875 0.005859375 0.0068359375
2 0.9951171875 0.455078125 0.0087890625 0.0107421875
2 0.859375 0.451171875 0.0078125 0.009765625
2 0.7841796875 0.4501953125 0.005859375 0.0078125
2 0.7109375 0.4482421875 0.005859375 0.0078125