1 0.279296875 0.53125 0.0419921875 0.0478515625
1 0.3828125 0.4873046875 0.01953125 0.0234375
1 0.4208984375 0.4716796875 0.0126953125 0.015625
1 0.4423828125 0.462890625 0.009765625 0.0126953125
1 0.4541015625 0.4580078125 0.0078125 0.009765625
1 0.4619140625 0.4541015625 0.005859375 0.0078125
1 0.46875 0.451171875 0.00390625 0.0068359375
1 0.47265625 0.4501953125 0.00390625 0.0048828125
1 0.4765625 0.4482421875 0.0029296875 0.0048828125
1 0.48046875 0.447265625 0.0029296875 0.00390625
1 0.5029296875 0.4462890625 0.0029296875 0.00390625
1 0.5390625 0.4453125 0.0029296875 0.00390625
1 0.580078125 0.4453125 0.0029296875 0.00390625
1 0.615234375 0.4453125 0.0029296875 0.00390625
1 0.65625 0.4462890625 0.0029296875 0.00390625
1 0.697265625 0.4462890625 0.0029296875 0.0048828125
1 0.7373046875 0.4462890625 0.0029296875 0.00390625
1 0.7744140625 0.447265625 0.00390625 0.0048828125
1 0.8037109375 0.44921875 0.00390625 0.0048828125
1 0.83984375 0.4501953125 0.0048828125 0.0068359375
1 0.884765625 0.4521484375 0.005859375 0.005859375
1 0.9453125 0.455078125 0.0068359375 0.0078125
2 0.8857421875 0.529296875 0.04296875 0.0458984375
2 0.7158203125 0.4873046875 0.0205078125 0.0244140625
2 0.65234375 0.4716796875 0.0126953125 0.0166015625
2 0.619140625 0.462890625 0.009765625 0.0126953125
2 0.5986328125 0.4580078125 0.0078125 0.0107421875
2 0.583984375 0.4541015625 0.0068359375 0.0087890625
2 0.5732421875 0.4521484375 0.005859375 0.0078125
2 0.56640625 0.4501953125 0.0048828125 0.0068359375
2 0.5595703125 0.4482421875 0.00390625 0.005859375
2 0.5537109375 0.447265625 0.00390625 0.005859375
2 0.5712890625 0.4462890625 0.00390625 0.0048828125
2 0.6123046875 0.4462890625 0.00390625 0.0048828125
2 0.6630859375 0.4462890625 0.00390625 0.005859375
2 0.69921875 0.447265625 0.00390625 0.005859375
2 0.71875 0.4482421875 0.0048828125 0.005859375
2 0.74609375 0.4501953125 0.0048828125 0.0068359375
2 0.7783203125 0.4521484375 0.005859375 0.0078125
2 0.822265625 0.455078125 0.0078125 0.0087890625
2 0.8837890625 0.458984375 0.0087890625 0.0107421875
2 0.9716796875 0.4638671875 0.0107421875 0.0126953125