1 0.697265625 0.46484375 0.017578125 0.0205078125
1 0.9951171875 0.4912109375 0.0087890625 0.025390625
1 0.5263671875 0.4501953125 0.013671875 0.0166015625
1 0.3984375 0.4404296875 0.0107421875 0.013671875
1 0.30859375 0.4326171875 0.0087890625 0.01171875
1 0.234375 0.4267578125 0.0078125 0.009765625
1 0.17578125 0.421875 0.0078125 0.0087890625
1 0.095703125 0.41796875 0.0068359375 0.0087890625
2 0.1005859375 0.4248046875 0.0107421875 0.01171875
2 0.16015625 0.431640625 0.0126953125 0.013671875
2 0.2421875 0.44140625 0.0146484375 0.0166015625
2 0.3740234375 0.45703125 0.017578125 0.0224609375
2 0.55859375 0.4775390625 0.0234375 0.029296875
2 0.958984375 0.5234375 0.0419921875 0.044921875
2 0.015625 0.4189453125 0.009765625 0.0107421875
2 0.029296875 0.5654296875 0.05859375 0.056640625
0 0.5859375 0.431640625 0.009765625 0.0205078125