2 0.48046875 0.5283203125 0.046875 0.0537109375
2 0.517578125 0.4697265625 0.0234375 0.0283203125
2 0.5498046875 0.453125 0.0146484375 0.0185546875
2 0.5791015625 0.4453125 0.0107421875 0.013671875
2 0.576171875 0.4375 0.0068359375 0.009765625
2 0.5498046875 0.4326171875 0.0068359375 0.009765625
2 0.4921875 0.427734375 0.005859375 0.0078125
2 0.4306640625 0.4228515625 0.005859375 0.0078125
2 0.37109375 0.4189453125 0.0048828125 0.0068359375
2 0.3134765625 0.4150390625 0.00390625 0.005859375
2 0.287109375 0.412109375 0.00390625 0.005859375
2 0.279296875 0.41015625 0.00390625 0.0048828125
2 0.2744140625 0.408203125 0.0029296875 0.0048828125
2 0.2724609375 0.4052734375 0.0029296875 0.00390625
2 0.2685546875 0.4052734375 0.001953125 0.00390625
2 0.287109375 0.4052734375 0.001953125 0.0029296875
2 0.3134765625 0.40625 0.001953125 0.0029296875
2 0.341796875 0.4072265625 0.001953125 0.0029296875
2 0.369140625 0.408203125 0.001953125 0.0029296875
2 0.375 0.4091796875 0.001953125 0.0029296875
2 0.3642578125 0.41015625 0.001953125 0.00390625
2 0.3447265625 0.4091796875 0.001953125 0.0029296875
2 0.328125 0.4091796875 0.001953125 0.00390625
2 0.3173828125 0.4091796875 0.001953125 0.00390625
2 0.3203125 0.41015625 0.0029296875 0.00390625
2 0.330078125 0.41015625 0.0029296875 0.0048828125
2 0.3583984375 0.412109375 0.0029296875 0.00390625
2 0.3974609375 0.4150390625 0.00390625 0.0048828125
2 0.4365234375 0.4169921875 0.00390625 0.0048828125
2 0.478515625 0.419921875 0.00390625 0.005859375
2 0.509765625 0.4228515625 0.00390625 0.005859375
2 0.5419921875 0.42578125 0.0048828125 0.0068359375
2 0.583984375 0.4306640625 0.005859375 0.0078125
2 0.634765625 0.4345703125 0.0068359375 0.0087890625
2 0.7080078125 0.4423828125 0.0078125 0.009765625
2 0.806640625 0.451171875 0.009765625 0.0126953125
2 0.96875 0.4677734375 0.0166015625 0.017578125
1 0.19921875 0.4619140625 0.02734375 0.029296875
1 0.3447265625 0.4453125 0.0166015625 0.01953125
1 0.419921875 0.4375 0.0107421875 0.0146484375
1 0.4443359375 0.431640625 0.0087890625 0.0107421875
1 0.4150390625 0.42578125 0.0068359375 0.0087890625
1 0.294921875 0.416015625 0.005859375 0.0078125
1 0.2412109375 0.4130859375 0.0048828125 0.005859375
1 0.2119140625 0.41015625 0.0048828125 0.005859375
1 0.2080078125 0.408203125 0.00390625 0.005859375
1 0.2158203125 0.40625 0.00390625 0.0048828125
1 0.3779296875 0.408203125 0.001953125 0.001953125
1 0.396484375 0.412109375 0.001953125 0.0029296875
1 0.404296875 0.4111328125 0.001953125 0.001953125
1 0.3876953125 0.4111328125 0.001953125 0.0029296875
1 0.3701171875 0.4111328125 0.001953125 0.00390625
1 0.39453125 0.4130859375 0.001953125 0.00390625
1 0.4833984375 0.4189453125 0.0029296875 0.0048828125
1 0.529296875 0.4208984375 0.00390625 0.0048828125
1 0.560546875 0.4248046875 0.00390625 0.005859375
1 0.6005859375 0.427734375 0.00390625 0.005859375
1 0.6455078125 0.431640625 0.0048828125 0.005859375
1 0.708984375 0.4375 0.005859375 0.0078125
1 0.794921875 0.4443359375 0.0068359375 0.0087890625
1 0.9365234375 0.4560546875 0.0107421875 0.0126953125