2 0.908203125 0.5537109375 0.05859375 0.0625
2 0.6328125 0.494140625 0.0244140625 0.03125
2 0.4404296875 0.4736328125 0.0166015625 0.0205078125
2 0.30078125 0.466796875 0.0126953125 0.0166015625
2 0.1796875 0.4638671875 0.0107421875 0.0146484375
2 0.0732421875 0.4609375 0.009765625 0.0126953125
2 0.04296875 0.45703125 0.0087890625 0.01171875
2 0.0576171875 0.453125 0.0068359375 0.0087890625
2 0.0732421875 0.4501953125 0.005859375 0.0078125
2 0.0849609375 0.447265625 0.0048828125 0.0068359375
2 0.0947265625 0.4462890625 0.00390625 0.005859375
2 0.1025390625 0.4453125 0.0029296875 0.0048828125
2 0.107421875 0.4443359375 0.0029296875 0.00390625
2 0.1123046875 0.4423828125 0.0029296875 0.00390625
2 0.1171875 0.44140625 0.0029296875 0.00390625
2 0.12890625 0.4404296875 0.001953125 0.00390625
2 0.15234375 0.439453125 0.001953125 0.00390625
2 0.1923828125 0.439453125 0.0029296875 0.00390625
2 0.23046875 0.4384765625 0.001953125 0.0029296875
2 0.265625 0.4384765625 0.001953125 0.0029296875
2 0.2724609375 0.4384765625 0.001953125 0.00390625
2 0.26953125 0.439453125 0.0029296875 0.00390625
2 0.25390625 0.4404296875 0.001953125 0.00390625
2 0.2216796875 0.4423828125 0.00390625 0.0048828125
2 0.193359375 0.443359375 0.00390625 0.005859375
2 0.169921875 0.4443359375 0.0048828125 0.0068359375
2 0.1806640625 0.4462890625 0.0048828125 0.0068359375
2 0.2216796875 0.4462890625 0.0048828125 0.0068359375
2 0.279296875 0.447265625 0.005859375 0.0078125
2 0.3408203125 0.447265625 0.005859375 0.0078125
2 0.41015625 0.4482421875 0.0068359375 0.0087890625
2 0.4638671875 0.451171875 0.0078125 0.0107421875
2 0.5302734375 0.4560546875 0.0107421875 0.0126953125
2 0.6376953125 0.462890625 0.013671875 0.0166015625
2 0.81640625 0.474609375 0.0205078125 0.0234375
1 0.216796875 0.5625 0.05078125 0.0615234375
1 0.20703125 0.494140625 0.0244140625 0.0283203125
1 0.130859375 0.478515625 0.0185546875 0.0205078125
1 0.0048828125 0.447265625 0.0048828125 0.005859375
1 0.021484375 0.4462890625 0.00390625 0.005859375
1 0.0341796875 0.4443359375 0.00390625 0.0048828125
1 0.0458984375 0.443359375 0.0029296875 0.00390625
1 0.056640625 0.4423828125 0.0029296875 0.00390625
1 0.0654296875 0.44140625 0.001953125 0.0029296875
1 0.09375 0.4404296875 0.001953125 0.0029296875
1 0.1328125 0.439453125 0.001953125 0.0029296875
1 0.1826171875 0.4384765625 0.001953125 0.0029296875
1 0.2333984375 0.4384765625 0.001953125 0.0029296875
1 0.2802734375 0.4375 0.001953125 0.0029296875
1 0.3046875 0.4375 0.001953125 0.0029296875
1 0.318359375 0.4384765625 0.0029296875 0.00390625
1 0.328125 0.4384765625 0.0029296875 0.00390625
1 0.3095703125 0.439453125 0.0029296875 0.00390625
1 0.28515625 0.4404296875 0.0029296875 0.00390625
1 0.255859375 0.4423828125 0.0029296875 0.0048828125
1 0.2451171875 0.4423828125 0.00390625 0.0048828125
1 0.248046875 0.4443359375 0.00390625 0.005859375
1 0.34375 0.4443359375 0.0048828125 0.0068359375
1 0.4169921875 0.4453125 0.005859375 0.0078125
1 0.4912109375 0.4462890625 0.0068359375 0.0078125
1 0.5478515625 0.4482421875 0.0078125 0.0087890625
1 0.6298828125 0.4521484375 0.0078125 0.0107421875
1 0.7421875 0.45703125 0.0107421875 0.0146484375
1 0.9482421875 0.4658203125 0.017578125 0.0185546875