2 0.91796875 0.4716796875 0.033203125 0.03515625
2 0.6689453125 0.4521484375 0.017578125 0.0205078125
2 0.66796875 0.4365234375 0.0107421875 0.0146484375
2 0.73046875 0.4228515625 0.0078125 0.0107421875
1 0.7626953125 0.41796875 0.0068359375 0.0078125
2 0.91015625 0.416015625 0.0087890625 0.01171875
1 0.6513671875 0.4228515625 0.005859375 0.0078125
1 0.6083984375 0.5400390625 0.0498046875 0.060546875
1 0.5546875 0.4306640625 0.0078125 0.009765625
2 0.6748046875 0.427734375 0.0078125 0.0107421875
1 0.708984375 0.419921875 0.0068359375 0.0078125
1 0.591796875 0.4267578125 0.0068359375 0.0087890625
1 0.5302734375 0.4345703125 0.0087890625 0.0107421875
2 0.8193359375 0.4189453125 0.0078125 0.009765625
1 0.4970703125 0.4912109375 0.029296875 0.03515625
1 0.4228515625 0.466796875 0.0185546875 0.021484375
1 0.490234375 0.443359375 0.0107421875 0.013671875
1 0.4326171875 0.455078125 0.013671875 0.017578125