2 0.4248046875 0.5546875 0.05859375 0.068359375
2 0.333984375 0.474609375 0.025390625 0.033203125
2 0.37109375 0.4462890625 0.0146484375 0.01953125
2 0.396484375 0.435546875 0.0107421875 0.0146484375
2 0.41015625 0.4287109375 0.0078125 0.0107421875
2 0.419921875 0.423828125 0.005859375 0.0087890625
2 0.4267578125 0.421875 0.0048828125 0.0068359375
2 0.4296875 0.4189453125 0.00390625 0.005859375
2 0.4326171875 0.4169921875 0.00390625 0.005859375
2 0.4365234375 0.416015625 0.00390625 0.0048828125
2 0.4482421875 0.4150390625 0.0029296875 0.0048828125
2 0.470703125 0.4150390625 0.0029296875 0.00390625
2 0.51171875 0.416015625 0.0029296875 0.0048828125
2 0.5546875 0.41796875 0.0029296875 0.00390625
2 0.5986328125 0.4189453125 0.0029296875 0.0048828125
2 0.611328125 0.421875 0.00390625 0.005859375
2 0.5986328125 0.4228515625 0.00390625 0.005859375
2 0.5654296875 0.423828125 0.0048828125 0.0068359375
2 0.5361328125 0.423828125 0.0048828125 0.0078125
2 0.5126953125 0.42578125 0.005859375 0.0078125
2 0.5185546875 0.427734375 0.0068359375 0.0087890625
2 0.5419921875 0.431640625 0.0078125 0.0107421875
2 0.619140625 0.4384765625 0.0087890625 0.0126953125
2 0.7548828125 0.44921875 0.013671875 0.015625
2 0.9462890625 0.4658203125 0.0185546875 0.0185546875
1 0.03125 0.4501953125 0.0263671875 0.025390625
1 0.16796875 0.435546875 0.0166015625 0.017578125
1 0.244140625 0.427734375 0.01171875 0.013671875
1 0.287109375 0.4228515625 0.0087890625 0.0107421875
1 0.3134765625 0.419921875 0.0078125 0.0087890625
1 0.3349609375 0.41796875 0.005859375 0.0078125
1 0.3505859375 0.416015625 0.0048828125 0.005859375
1 0.365234375 0.4150390625 0.00390625 0.005859375
1 0.375 0.4140625 0.00390625 0.0048828125
1 0.3828125 0.4130859375 0.0029296875 0.0048828125
1 0.4111328125 0.4130859375 0.0029296875 0.00390625
1 0.44921875 0.4130859375 0.001953125 0.0029296875
1 0.4990234375 0.4150390625 0.0029296875 0.00390625
1 0.6455078125 0.4208984375 0.0029296875 0.00390625
1 0.6708984375 0.4228515625 0.0029296875 0.0048828125
1 0.6923828125 0.42578125 0.00390625 0.00390625
1 0.6748046875 0.42578125 0.00390625 0.005859375
1 0.6484375 0.42578125 0.00390625 0.005859375
1 0.62109375 0.427734375 0.00390625 0.0068359375
1 0.6162109375 0.4296875 0.005859375 0.0078125
1 0.6328125 0.4326171875 0.0068359375 0.0087890625
1 0.70703125 0.4384765625 0.0087890625 0.0107421875
1 0.8525390625 0.44921875 0.0126953125 0.013671875