2 0.9521484375 0.4482421875 0.0234375 0.0244140625
2 0.775390625 0.4375 0.015625 0.0166015625
2 0.66015625 0.43359375 0.0107421875 0.013671875
2 0.578125 0.431640625 0.0087890625 0.0107421875
2 0.5595703125 0.427734375 0.0078125 0.009765625
2 0.5712890625 0.423828125 0.005859375 0.0078125
2 0.583984375 0.4208984375 0.0048828125 0.0068359375
2 0.5927734375 0.4189453125 0.00390625 0.005859375
2 0.6015625 0.4169921875 0.00390625 0.0048828125
2 0.607421875 0.416015625 0.0029296875 0.0048828125
2 0.6123046875 0.4140625 0.001953125 0.00390625
2 0.6162109375 0.4130859375 0.001953125 0.00390625
2 0.6201171875 0.412109375 0.001953125 0.0029296875
2 0.6298828125 0.4111328125 0.001953125 0.00390625
2 0.6484375 0.41015625 0.001953125 0.00390625
2 0.681640625 0.4091796875 0.001953125 0.00390625
2 0.7177734375 0.4072265625 0.001953125 0.00390625
2 0.7509765625 0.40625 0.001953125 0.0029296875
2 0.7578125 0.40625 0.001953125 0.00390625
2 0.75390625 0.4072265625 0.001953125 0.0029296875
2 0.73828125 0.408203125 0.0029296875 0.00390625
2 0.7080078125 0.41015625 0.00390625 0.0048828125
2 0.681640625 0.412109375 0.00390625 0.005859375
2 0.6611328125 0.4150390625 0.00390625 0.005859375
2 0.6689453125 0.416015625 0.0048828125 0.005859375
2 0.705078125 0.416015625 0.0048828125 0.0068359375
2 0.76171875 0.416015625 0.005859375 0.0078125
2 0.8291015625 0.4150390625 0.0068359375 0.0087890625
2 0.9169921875 0.4150390625 0.009765625 0.0107421875
2 0.994140625 0.41796875 0.009765625 0.0126953125
1 0.638671875 0.548828125 0.0517578125 0.064453125
1 0.6669921875 0.4677734375 0.0224609375 0.0283203125
1 0.61328125 0.4482421875 0.0146484375 0.0185546875
1 0.498046875 0.4423828125 0.01171875 0.0146484375
1 0.4462890625 0.4375 0.0087890625 0.01171875
1 0.435546875 0.4345703125 0.0078125 0.009765625
1 0.462890625 0.4296875 0.0068359375 0.0078125
1 0.48828125 0.42578125 0.0048828125 0.0068359375
1 0.5107421875 0.4228515625 0.0048828125 0.005859375
1 0.52734375 0.4208984375 0.00390625 0.005859375
1 0.5390625 0.4189453125 0.0029296875 0.0048828125
1 0.55078125 0.4169921875 0.0029296875 0.0048828125
1 0.5595703125 0.416015625 0.0029296875 0.00390625
1 0.5693359375 0.4150390625 0.001953125 0.00390625
1 0.576171875 0.4140625 0.001953125 0.00390625
1 0.5830078125 0.4130859375 0.001953125 0.0029296875
1 0.603515625 0.412109375 0.001953125 0.0029296875
1 0.6337890625 0.41015625 0.001953125 0.0029296875
1 0.6748046875 0.408203125 0.001953125 0.00390625
1 0.720703125 0.4072265625 0.001953125 0.00390625
1 0.767578125 0.4052734375 0.001953125 0.00390625
1 0.7939453125 0.4052734375 0.0029296875 0.0029296875
1 0.80859375 0.404296875 0.001953125 0.0029296875
1 0.8193359375 0.4052734375 0.0029296875 0.0029296875
1 0.7978515625 0.40625 0.0029296875 0.00390625
1 0.7705078125 0.408203125 0.0029296875 0.00390625
1 0.740234375 0.41015625 0.0029296875 0.0048828125
1 0.7294921875 0.4111328125 0.00390625 0.0048828125
1 0.732421875 0.4130859375 0.00390625 0.0048828125
1 0.765625 0.4130859375 0.00390625 0.005859375
1 0.8349609375 0.4111328125 0.005859375 0.0078125
1 0.9296875 0.41015625 0.0078125 0.0087890625