1 0.0244140625 0.43359375 0.0185546875 0.0185546875
1 0.1044921875 0.4287109375 0.0126953125 0.0146484375
1 0.0927734375 0.42578125 0.0107421875 0.013671875
1 0.0234375 0.421875 0.0107421875 0.013671875
1 0.009765625 0.4072265625 0.005859375 0.0068359375
1 0.0595703125 0.408203125 0.0048828125 0.005859375
1 0.1025390625 0.4091796875 0.005859375 0.005859375
1 0.25390625 0.4130859375 0.00390625 0.0048828125
1 0.373046875 0.4189453125 0.00390625 0.00390625
1 0.4677734375 0.4228515625 0.00390625 0.0048828125
1 0.5068359375 0.42578125 0.00390625 0.0048828125
1 0.578125 0.4306640625 0.00390625 0.0048828125
1 0.6416015625 0.4345703125 0.005859375 0.0078125
1 0.75 0.4423828125 0.0068359375 0.0078125
1 0.869140625 0.451171875 0.0087890625 0.0107421875
1 0.9501953125 0.4599609375 0.0107421875 0.0126953125
2 0.4365234375 0.544921875 0.0517578125 0.060546875
2 0.2255859375 0.46875 0.0263671875 0.03125
2 0.2080078125 0.447265625 0.017578125 0.0224609375
2 0.28125 0.4365234375 0.01171875 0.0146484375
2 0.26171875 0.4287109375 0.0087890625 0.0126953125
2 0.17578125 0.4228515625 0.0087890625 0.0107421875
2 0.0703125 0.4169921875 0.0078125 0.0107421875
2 0.0517578125 0.4140625 0.0068359375 0.0087890625
2 0.0439453125 0.41015625 0.005859375 0.0068359375
2 0.08203125 0.41015625 0.005859375 0.0078125
2 0.14453125 0.412109375 0.005859375 0.005859375
2 0.2001953125 0.4130859375 0.0048828125 0.005859375
2 0.2607421875 0.4150390625 0.0048828125 0.005859375
2 0.322265625 0.4169921875 0.00390625 0.005859375
2 0.9384765625 0.4814453125 0.0205078125 0.0224609375
2 0.8603515625 0.46484375 0.0146484375 0.015625
2 0.7939453125 0.453125 0.0107421875 0.0126953125
2 0.708984375 0.4443359375 0.0078125 0.0107421875
2 0.6298828125 0.4384765625 0.0078125 0.0087890625
2 0.5595703125 0.43359375 0.005859375 0.0078125
2 0.4970703125 0.4287109375 0.0048828125 0.0068359375
2 0.443359375 0.4248046875 0.0048828125 0.005859375
2 0.408203125 0.421875 0.00390625 0.005859375
2 0.365234375 0.419921875 0.00390625 0.005859375