1 0.5009765625 0.423828125 0.0029296875 0.0048828125
1 0.5380859375 0.42578125 0.0029296875 0.0048828125
1 0.5859375 0.4296875 0.00390625 0.005859375
1 0.63671875 0.4326171875 0.00390625 0.0068359375
1 0.6923828125 0.4375 0.0048828125 0.0068359375
1 0.724609375 0.44140625 0.005859375 0.0078125
1 0.75390625 0.4453125 0.0078125 0.0087890625
1 0.8046875 0.44921875 0.0078125 0.009765625
1 0.8994140625 0.455078125 0.0087890625 0.0107421875
1 0.017578125 0.42578125 0.0146484375 0.013671875
1 0.0693359375 0.4208984375 0.009765625 0.01171875
1 0.1259765625 0.419921875 0.0087890625 0.009765625
1 0.1943359375 0.419921875 0.0068359375 0.0087890625
1 0.2626953125 0.419921875 0.005859375 0.0078125
1 0.3095703125 0.4189453125 0.00390625 0.005859375
1 0.306640625 0.41796875 0.00390625 0.005859375
1 0.2822265625 0.416015625 0.00390625 0.005859375
1 0.2451171875 0.4140625 0.00390625 0.0048828125
1 0.451171875 0.419921875 0.0029296875 0.00390625
1 0.4296875 0.41796875 0.001953125 0.00390625
1 0.4111328125 0.4169921875 0.001953125 0.00390625
1 0.3759765625 0.4150390625 0.001953125 0.0029296875
1 0.3037109375 0.412109375 0.001953125 0.0029296875
1 0.2626953125 0.41015625 0.001953125 0.0029296875
1 0.2294921875 0.4091796875 0.001953125 0.00390625
1 0.193359375 0.4072265625 0.001953125 0.00390625
1 0.15234375 0.40625 0.0029296875 0.0029296875
1 0.1162109375 0.4072265625 0.00390625 0.005859375
1 0.158203125 0.4091796875 0.0029296875 0.0048828125
1 0.20703125 0.4111328125 0.00390625 0.0048828125
2 0.3525390625 0.4150390625 0.0029296875 0.00390625
2 0.3671875 0.416015625 0.0029296875 0.00390625
2 0.3837890625 0.4169921875 0.0029296875 0.0048828125
2 0.4033203125 0.4189453125 0.0029296875 0.0048828125
2 0.421875 0.419921875 0.0029296875 0.00390625
2 0.4482421875 0.421875 0.00390625 0.0048828125
2 0.48046875 0.4248046875 0.00390625 0.005859375
2 0.5244140625 0.427734375 0.00390625 0.005859375
2 0.5751953125 0.431640625 0.005859375 0.0068359375
2 0.61328125 0.4345703125 0.005859375 0.0087890625
2 0.6337890625 0.4404296875 0.0078125 0.0087890625
2 0.708984375 0.447265625 0.0087890625 0.01171875
2 0.8671875 0.4580078125 0.0107421875 0.0126953125
2 0.3291015625 0.4130859375 0.001953125 0.00390625
2 0.2900390625 0.412109375 0.001953125 0.00390625
2 0.2509765625 0.41015625 0.001953125 0.00390625
2 0.205078125 0.4091796875 0.0029296875 0.00390625
2 0.1650390625 0.4072265625 0.0029296875 0.00390625
2 0.1416015625 0.4072265625 0.00390625 0.0048828125
2 0.146484375 0.4072265625 0.0029296875 0.00390625
2 0.177734375 0.4091796875 0.00390625 0.00390625
2 0.22265625 0.4111328125 0.00390625 0.0048828125
2 0.2705078125 0.4140625 0.00390625 0.0048828125
2 0.31640625 0.416015625 0.00390625 0.0048828125
2 0.349609375 0.41796875 0.00390625 0.005859375
2 0.373046875 0.419921875 0.00390625 0.005859375
2 0.3896484375 0.423828125 0.0048828125 0.0078125
2 0.353515625 0.423828125 0.005859375 0.0078125
2 0.3095703125 0.4248046875 0.0068359375 0.0087890625
2 0.2470703125 0.42578125 0.0078125 0.009765625
2 0.2099609375 0.4287109375 0.009765625 0.01171875
2 0.2236328125 0.4345703125 0.01171875 0.0146484375
2 0.255859375 0.4462890625 0.0166015625 0.0185546875
2 0.322265625 0.4677734375 0.0244140625 0.0283203125
2 0.5361328125 0.544921875 0.052734375 0.056640625
0 0.4189453125 0.41796875 0.0029296875 0.0087890625
0 0.4228515625 0.41796875 0.00390625 0.0078125
0 0.470703125 0.419921875 0.00390625 0.0087890625
0 0.474609375 0.419921875 0.0048828125 0.0078125