2 0.8251953125 0.4580078125 0.0029296875 0.0048828125
2 0.826171875 0.4638671875 0.0048828125 0.0078125
2 0.845703125 0.466796875 0.0068359375 0.0087890625
2 0.90625 0.4716796875 0.0078125 0.009765625
2 0.8271484375 0.5302734375 0.03515625 0.0400390625
2 0.75 0.494140625 0.0185546875 0.0224609375
2 0.728515625 0.48046875 0.013671875 0.0166015625
2 0.7021484375 0.47265625 0.009765625 0.013671875
2 0.650390625 0.46484375 0.0078125 0.0107421875
2 0.6220703125 0.4609375 0.005859375 0.0087890625
2 0.6162109375 0.4580078125 0.005859375 0.0078125
2 0.64453125 0.45703125 0.0048828125 0.0068359375
2 0.66015625 0.4560546875 0.00390625 0.005859375
2 0.654296875 0.4541015625 0.0029296875 0.0048828125
2 0.6220703125 0.4521484375 0.0029296875 0.0048828125
2 0.6259765625 0.451171875 0.0029296875 0.00390625
2 0.650390625 0.451171875 0.0029296875 0.00390625
2 0.65234375 0.451171875 0.00390625 0.0048828125
2 0.64453125 0.4501953125 0.001953125 0.0029296875
2 0.6181640625 0.44921875 0.001953125 0.00390625
2 0.5908203125 0.447265625 0.001953125 0.00390625
2 0.5986328125 0.447265625 0.001953125 0.00390625
2 0.6591796875 0.44921875 0.001953125 0.0029296875
2 0.697265625 0.4501953125 0.0029296875 0.00390625
2 0.73046875 0.4521484375 0.001953125 0.0029296875
2 0.76171875 0.453125 0.0029296875 0.00390625
2 0.7822265625 0.455078125 0.0029296875 0.00390625
1 0.8896484375 0.4609375 0.00390625 0.0048828125
1 0.92578125 0.462890625 0.00390625 0.0048828125
1 0.828125 0.45703125 0.0029296875 0.00390625
1 0.7841796875 0.4541015625 0.001953125 0.00390625
1 0.75 0.4521484375 0.001953125 0.0029296875
1 0.666015625 0.4482421875 0.001953125 0.0029296875
1 0.623046875 0.447265625 0.0029296875 0.00390625
1 0.58203125 0.447265625 0.001953125 0.0029296875
1 0.544921875 0.4453125 0.001953125 0.0029296875
1 0.5361328125 0.4453125 0.001953125 0.0029296875
1 0.552734375 0.4462890625 0.001953125 0.00390625
1 0.6015625 0.44921875 0.0029296875 0.00390625
1 0.5859375 0.44921875 0.0029296875 0.00390625
1 0.556640625 0.44921875 0.00390625 0.0048828125
1 0.595703125 0.4521484375 0.0029296875 0.0048828125
1 0.6005859375 0.4541015625 0.00390625 0.005859375
1 0.564453125 0.453125 0.00390625 0.005859375
1 0.51953125 0.453125 0.005859375 0.0068359375
1 0.4990234375 0.4541015625 0.005859375 0.0078125
1 0.501953125 0.458984375 0.0068359375 0.0087890625
1 0.5234375 0.4658203125 0.0087890625 0.01171875
1 0.517578125 0.474609375 0.0126953125 0.0166015625
1 0.43359375 0.4853515625 0.0205078125 0.0244140625
1 0.236328125 0.5283203125 0.046875 0.05078125
0 0.802734375 0.455078125 0.0048828125 0.0078125
0 0.8056640625 0.4560546875 0.005859375 0.0078125
0 0.853515625 0.4560546875 0.005859375 0.009765625
0 0.857421875 0.45703125 0.005859375 0.0087890625
1 0.9462890625 0.466796875 0.005859375 0.0078125
1 0.962890625 0.4697265625 0.005859375 0.0078125
1 0.95703125 0.4658203125 0.0048828125 0.005859375