2 0.1572265625 0.4345703125 0.0146484375 0.0166015625
2 0.412109375 0.46875 0.021484375 0.0263671875
1 0.03515625 0.447265625 0.0234375 0.025390625
2 0.314453125 0.4462890625 0.015625 0.0205078125
1 0.0693359375 0.45703125 0.0263671875 0.029296875
2 0.4775390625 0.5517578125 0.0556640625 0.0654296875
2 0.7734375 0.4521484375 0.009765625 0.01171875
1 0.0107421875 0.4072265625 0.0068359375 0.0078125
2 0.22265625 0.416015625 0.005859375 0.0078125
2 0.6552734375 0.4423828125 0.0078125 0.0107421875
1 0.740234375 0.4443359375 0.0078125 0.0087890625
2 0.3583984375 0.421875 0.005859375 0.0078125
2 0.5546875 0.435546875 0.0068359375 0.0087890625
2 0.4169921875 0.42578125 0.005859375 0.0078125
2 0.470703125 0.4296875 0.005859375 0.0078125
2 0.0703125 0.4111328125 0.005859375 0.0078125
2 0.9140625 0.462890625 0.0107421875 0.0126953125
2 0.1435546875 0.4130859375 0.005859375 0.0078125
1 0.5390625 0.4296875 0.0048828125 0.0068359375
2 0.30078125 0.4189453125 0.0048828125 0.005859375
1 0.208984375 0.4140625 0.0048828125 0.005859375
1 0.4833984375 0.4267578125 0.00390625 0.005859375
1 0.64453125 0.4375 0.005859375 0.0068359375
1 0.294921875 0.416015625 0.00390625 0.005859375
1 0.4248046875 0.4228515625 0.00390625 0.0048828125