2 0.1787109375 0.4716796875 0.021484375 0.0234375
2 0.39453125 0.4541015625 0.0166015625 0.01953125
2 0.4853515625 0.44140625 0.0126953125 0.0146484375
2 0.51171875 0.43359375 0.0078125 0.01171875
2 0.5341796875 0.4287109375 0.0078125 0.009765625
2 0.6201171875 0.4248046875 0.005859375 0.0087890625
2 0.7099609375 0.419921875 0.0068359375 0.0087890625
2 0.767578125 0.4169921875 0.005859375 0.0087890625
2 0.748046875 0.4140625 0.00390625 0.005859375
2 0.7421875 0.4111328125 0.00390625 0.005859375
2 0.78515625 0.4091796875 0.00390625 0.005859375
2 0.8369140625 0.4072265625 0.00390625 0.005859375
2 0.8662109375 0.4052734375 0.00390625 0.005859375
2 0.8583984375 0.4033203125 0.0029296875 0.0048828125
2 0.861328125 0.4013671875 0.0029296875 0.00390625
2 0.9111328125 0.3984375 0.0029296875 0.00390625
2 0.904296875 0.3974609375 0.001953125 0.00390625
2 0.9013671875 0.3974609375 0.001953125 0.00390625
2 0.9248046875 0.396484375 0.0029296875 0.00390625
2 0.958984375 0.39453125 0.001953125 0.00390625
1 0.3837890625 0.484375 0.02734375 0.03125
1 0.611328125 0.4599609375 0.0205078125 0.0244140625
1 0.6689453125 0.4423828125 0.0146484375 0.017578125
1 0.6533203125 0.4326171875 0.0107421875 0.0126953125
1 0.6611328125 0.4267578125 0.0078125 0.0107421875
1 0.7392578125 0.421875 0.0078125 0.009765625
1 0.8359375 0.41796875 0.0078125 0.009765625
1 0.8828125 0.4140625 0.0078125 0.0087890625
1 0.87890625 0.412109375 0.005859375 0.0078125
1 0.8349609375 0.4111328125 0.0048828125 0.0068359375
1 0.828125 0.41015625 0.00390625 0.005859375
1 0.8623046875 0.408203125 0.00390625 0.005859375
1 0.919921875 0.404296875 0.00390625 0.005859375
1 0.9404296875 0.40234375 0.0029296875 0.0048828125
1 0.9033203125 0.4013671875 0.0029296875 0.0048828125
1 0.8935546875 0.4013671875 0.0029296875 0.0048828125
1 0.916015625 0.400390625 0.001953125 0.00390625
1 0.9482421875 0.396484375 0.001953125 0.0029296875
1 0.943359375 0.396484375 0.001953125 0.0029296875
1 0.9541015625 0.3955078125 0.001953125 0.0029296875
1 0.998046875 0.40234375 0.00390625 0.0078125
1 0.9521484375 0.4052734375 0.00390625 0.005859375
1 0.93359375 0.4072265625 0.0048828125 0.005859375
1 0.939453125 0.408203125 0.0048828125 0.0068359375
1 0.9599609375 0.4091796875 0.005859375 0.0078125
1 0.9765625 0.4140625 0.0078125 0.01171875
1 0.966796875 0.419921875 0.0107421875 0.0126953125
1 0.9443359375 0.4296875 0.0146484375 0.0166015625
1 0.91796875 0.4423828125 0.0205078125 0.0224609375
1 0.861328125 0.4677734375 0.0302734375 0.0322265625
1 0.7509765625 0.5234375 0.0498046875 0.0556640625