1 0.3701171875 0.4833984375 0.017578125 0.021484375
1 0.400390625 0.4697265625 0.01171875 0.015625
1 0.4208984375 0.4609375 0.0087890625 0.01171875
1 0.43359375 0.455078125 0.0068359375 0.009765625
1 0.4453125 0.4521484375 0.005859375 0.0087890625
1 0.4580078125 0.44921875 0.0048828125 0.0068359375
1 0.4990234375 0.447265625 0.00390625 0.005859375
1 0.5244140625 0.4462890625 0.00390625 0.005859375
1 0.470703125 0.4453125 0.0029296875 0.0048828125
1 0.4609375 0.4443359375 0.0029296875 0.00390625
1 0.46484375 0.443359375 0.001953125 0.00390625
1 0.4755859375 0.4423828125 0.001953125 0.00390625
1 0.4970703125 0.44140625 0.001953125 0.0029296875
1 0.541015625 0.4404296875 0.0029296875 0.00390625
1 0.564453125 0.4404296875 0.0029296875 0.00390625
1 0.5966796875 0.4404296875 0.0029296875 0.00390625
1 0.6748046875 0.439453125 0.001953125 0.0029296875
1 0.7099609375 0.4384765625 0.001953125 0.0029296875
1 0.744140625 0.4384765625 0.001953125 0.00390625
1 0.771484375 0.439453125 0.0029296875 0.00390625
1 0.7919921875 0.4375 0.0029296875 0.00390625
1 0.8310546875 0.4404296875 0.0029296875 0.0048828125
1 0.9833984375 0.4453125 0.005859375 0.0078125
1 0.96875 0.447265625 0.005859375 0.0078125
1 0.9384765625 0.4501953125 0.0087890625 0.009765625
1 0.908203125 0.4541015625 0.0087890625 0.0107421875
1 0.9677734375 0.4580078125 0.01171875 0.013671875
1 0.3017578125 0.51171875 0.03515625 0.03515625
1 0.013671875 0.6025390625 0.0244140625 0.04296875
2 0.69921875 0.5029296875 0.029296875 0.033203125
2 0.6298828125 0.478515625 0.0185546875 0.0224609375
2 0.5869140625 0.466796875 0.01171875 0.0166015625
2 0.5634765625 0.458984375 0.0087890625 0.0126953125
2 0.5478515625 0.4541015625 0.0068359375 0.0087890625
2 0.5390625 0.4501953125 0.005859375 0.0078125
2 0.546875 0.4482421875 0.0048828125 0.0078125
2 0.5888671875 0.4462890625 0.0048828125 0.0068359375
2 0.5927734375 0.4443359375 0.0048828125 0.0068359375
2 0.560546875 0.4443359375 0.00390625 0.005859375
2 0.51953125 0.4443359375 0.0029296875 0.0048828125
2 0.513671875 0.443359375 0.0029296875 0.00390625
2 0.5107421875 0.4423828125 0.001953125 0.00390625
2 0.529296875 0.44140625 0.0029296875 0.00390625
2 0.560546875 0.44140625 0.0029296875 0.00390625
2 0.5927734375 0.44140625 0.0029296875 0.0048828125
2 0.62890625 0.4404296875 0.0029296875 0.00390625
2 0.66796875 0.439453125 0.0029296875 0.00390625
2 0.9296875 0.46875 0.0166015625 0.01953125
2 0.8115234375 0.4609375 0.0126953125 0.0146484375
2 0.7587890625 0.4560546875 0.0087890625 0.01171875
2 0.8037109375 0.44921875 0.0078125 0.009765625
2 0.8388671875 0.447265625 0.005859375 0.0078125
2 0.8662109375 0.4453125 0.005859375 0.0078125
2 0.8544921875 0.443359375 0.005859375 0.0068359375
2 0.8232421875 0.4423828125 0.0048828125 0.005859375
2 0.791015625 0.44140625 0.00390625 0.005859375
2 0.7626953125 0.4404296875 0.00390625 0.005859375
2 0.7373046875 0.4404296875 0.00390625 0.0048828125
2 0.7197265625 0.439453125 0.0029296875 0.00390625
2 0.6953125 0.439453125 0.0029296875 0.0048828125