1 0.5771484375 0.4521484375 0.005859375 0.0087890625
1 0.6787109375 0.4541015625 0.0078125 0.009765625
1 0.8271484375 0.45703125 0.0107421875 0.0126953125
1 0.26171875 0.5673828125 0.0595703125 0.068359375
1 0.3935546875 0.4970703125 0.0234375 0.029296875
1 0.306640625 0.48046875 0.0166015625 0.021484375
1 0.1875 0.4716796875 0.0146484375 0.0166015625
1 0.0576171875 0.46875 0.013671875 0.015625
1 0.5078125 0.4521484375 0.00390625 0.0078125
1 0.4423828125 0.44921875 0.005859375 0.0068359375
1 0.392578125 0.4482421875 0.005859375 0.0078125
1 0.306640625 0.447265625 0.00390625 0.005859375
1 0.255859375 0.447265625 0.00390625 0.005859375
1 0.1640625 0.4482421875 0.00390625 0.005859375
1 0.0849609375 0.44921875 0.0048828125 0.005859375
1 0.0146484375 0.451171875 0.005859375 0.0068359375
2 0.2763671875 0.44921875 0.0048828125 0.0078125
2 0.31640625 0.4501953125 0.005859375 0.0078125
2 0.3642578125 0.4521484375 0.005859375 0.0087890625
2 0.4287109375 0.453125 0.0068359375 0.0087890625
2 0.4970703125 0.455078125 0.0068359375 0.0107421875
2 0.599609375 0.4580078125 0.009765625 0.0126953125
2 0.7529296875 0.4619140625 0.0126953125 0.0146484375
2 0.2216796875 0.44921875 0.0048828125 0.0068359375
2 0.14453125 0.44921875 0.005859375 0.0078125
2 0.060546875 0.451171875 0.005859375 0.0068359375
2 0.125 0.4609375 0.0107421875 0.0126953125
2 0.255859375 0.4609375 0.0107421875 0.0126953125
2 0.3662109375 0.462890625 0.01171875 0.0146484375
2 0.4775390625 0.4677734375 0.013671875 0.0166015625
2 0.611328125 0.4755859375 0.017578125 0.0205078125
2 0.76953125 0.494140625 0.0263671875 0.029296875
2 0.92578125 0.541015625 0.052734375 0.056640625
0 0.48828125 0.451171875 0.0087890625 0.017578125
0 0.505859375 0.451171875 0.0087890625 0.017578125
0 0.5703125 0.44921875 0.0068359375 0.015625
0 0.5849609375 0.4482421875 0.0078125 0.0166015625
1 0.845703125 0.4501953125 0.0087890625 0.0126953125