1 0.5537109375 0.4931640625 0.0341796875 0.0380859375
1 0.1044921875 0.4912109375 0.0263671875 0.029296875
1 0.42578125 0.4609375 0.01953125 0.0224609375
1 0.6025390625 0.4443359375 0.015625 0.0185546875
1 0.74609375 0.43359375 0.0126953125 0.0166015625
1 0.921875 0.4267578125 0.013671875 0.015625
1 0.99609375 0.4208984375 0.0068359375 0.0166015625
2 0.083984375 0.4716796875 0.0185546875 0.0234375
2 0.3544921875 0.451171875 0.0146484375 0.0185546875
2 0.4921875 0.4404296875 0.013671875 0.0166015625
2 0.62109375 0.431640625 0.01171875 0.0146484375
2 0.7646484375 0.4248046875 0.0107421875 0.0126953125
2 0.865234375 0.4189453125 0.0107421875 0.0126953125
2 0.8876953125 0.4150390625 0.0087890625 0.0107421875
2 0.880859375 0.4111328125 0.0078125 0.0107421875
2 0.9189453125 0.4072265625 0.0078125 0.0087890625
2 0.96484375 0.404296875 0.0068359375 0.0087890625
1 0.9501953125 0.439453125 0.0185546875 0.0205078125
1 0.78125 0.4541015625 0.0205078125 0.0234375