1 0.171875 0.595703125 0.0537109375 0.052734375
1 0.4072265625 0.517578125 0.0341796875 0.0400390625
1 0.3671875 0.4990234375 0.0263671875 0.029296875
1 0.2431640625 0.4892578125 0.0224609375 0.0244140625
1 0.119140625 0.482421875 0.0185546875 0.01953125
1 0.0947265625 0.4755859375 0.015625 0.017578125
1 0.1259765625 0.4677734375 0.0107421875 0.013671875
1 0.1474609375 0.4619140625 0.009765625 0.0107421875
1 0.1640625 0.4580078125 0.0087890625 0.009765625
1 0.197265625 0.455078125 0.0078125 0.0087890625
1 0.2529296875 0.453125 0.0068359375 0.0078125
1 0.3037109375 0.451171875 0.005859375 0.0068359375
1 0.3486328125 0.4501953125 0.005859375 0.0068359375
1 0.3935546875 0.447265625 0.0048828125 0.0048828125
1 0.5126953125 0.447265625 0.0048828125 0.005859375
1 0.595703125 0.4462890625 0.0048828125 0.005859375
1 0.6640625 0.4462890625 0.00390625 0.005859375
2 0.740234375 0.4501953125 0.005859375 0.0078125
1 0.822265625 0.447265625 0.005859375 0.0068359375
1 0.90625 0.44921875 0.0068359375 0.0087890625
2 0.93359375 0.5322265625 0.04296875 0.048828125
2 0.6826171875 0.486328125 0.0224609375 0.0263671875
2 0.484375 0.474609375 0.0166015625 0.0205078125
2 0.3193359375 0.4697265625 0.0126953125 0.0166015625
2 0.294921875 0.4619140625 0.0087890625 0.01171875
2 0.2861328125 0.45703125 0.0068359375 0.009765625
2 0.328125 0.453125 0.0068359375 0.0087890625
2 0.3955078125 0.451171875 0.005859375 0.0078125
2 0.4560546875 0.44921875 0.005859375 0.0078125
2 0.5263671875 0.4482421875 0.005859375 0.0078125
2 0.603515625 0.4482421875 0.005859375 0.0078125
2 0.9541015625 0.4560546875 0.0107421875 0.0126953125
2 0.8154296875 0.451171875 0.0078125 0.009765625
2 0.6669921875 0.44921875 0.005859375 0.0078125