2 0.6083984375 0.5908203125 0.0615234375 0.064453125
2 0.400390625 0.4755859375 0.0244140625 0.03125
2 0.3701171875 0.44921875 0.0166015625 0.0205078125
2 0.349609375 0.4345703125 0.0107421875 0.013671875
2 0.33984375 0.4267578125 0.0078125 0.0107421875
2 0.333984375 0.421875 0.005859375 0.0087890625
2 0.328125 0.4189453125 0.0048828125 0.0068359375
2 0.322265625 0.4140625 0.00390625 0.005859375
2 0.33203125 0.4130859375 0.00390625 0.005859375
2 0.3544921875 0.4130859375 0.00390625 0.0048828125
2 0.400390625 0.4140625 0.0029296875 0.0048828125
2 0.4482421875 0.416015625 0.00390625 0.0048828125
2 0.521484375 0.4208984375 0.00390625 0.005859375
2 0.513671875 0.4228515625 0.00390625 0.005859375
2 0.4853515625 0.423828125 0.0048828125 0.0068359375
2 0.462890625 0.4248046875 0.005859375 0.0078125
2 0.447265625 0.427734375 0.0078125 0.009765625
2 0.4658203125 0.431640625 0.0078125 0.0107421875
2 0.5078125 0.4375 0.009765625 0.0126953125
2 0.6279296875 0.447265625 0.0126953125 0.0166015625
2 0.8310546875 0.4638671875 0.0166015625 0.01953125
1 0.01953125 0.4599609375 0.0322265625 0.03125
1 0.1240234375 0.4384765625 0.0185546875 0.01953125
1 0.171875 0.427734375 0.0126953125 0.0146484375
1 0.197265625 0.421875 0.009765625 0.01171875
1 0.2158203125 0.41796875 0.0078125 0.0087890625
1 0.228515625 0.4150390625 0.005859375 0.0078125
1 0.2392578125 0.4130859375 0.0048828125 0.0068359375
1 0.248046875 0.4111328125 0.00390625 0.005859375
1 0.25390625 0.41015625 0.00390625 0.0048828125
1 0.2841796875 0.41015625 0.00390625 0.00390625
1 0.3271484375 0.41015625 0.0029296875 0.00390625
1 0.3828125 0.412109375 0.0029296875 0.00390625
1 0.443359375 0.4150390625 0.0029296875 0.00390625
1 0.5048828125 0.4169921875 0.0029296875 0.00390625
1 0.5439453125 0.4189453125 0.0029296875 0.00390625
1 0.5751953125 0.421875 0.0029296875 0.0048828125
1 0.60546875 0.4248046875 0.00390625 0.005859375
1 0.5927734375 0.42578125 0.00390625 0.005859375
1 0.5732421875 0.4267578125 0.0048828125 0.0068359375
1 0.5576171875 0.4287109375 0.005859375 0.0078125
1 0.564453125 0.431640625 0.0068359375 0.0087890625
1 0.6005859375 0.4365234375 0.0078125 0.0107421875
1 0.705078125 0.4453125 0.0107421875 0.013671875
1 0.8935546875 0.458984375 0.013671875 0.0146484375