1 0.3056640625 0.509765625 0.0302734375 0.03515625
1 0.380859375 0.4794921875 0.0166015625 0.0205078125
1 0.416015625 0.466796875 0.01171875 0.0146484375
1 0.4345703125 0.4599609375 0.0087890625 0.0107421875
1 0.4482421875 0.455078125 0.0068359375 0.0087890625
1 0.45703125 0.4521484375 0.005859375 0.0078125
1 0.462890625 0.4501953125 0.00390625 0.0068359375
1 0.4677734375 0.4482421875 0.00390625 0.005859375
1 0.47265625 0.447265625 0.0029296875 0.0048828125
1 0.474609375 0.4453125 0.00390625 0.0048828125
1 0.478515625 0.4453125 0.0029296875 0.00390625
1 0.482421875 0.443359375 0.0029296875 0.00390625
1 0.484375 0.443359375 0.001953125 0.0029296875
1 0.5 0.4423828125 0.001953125 0.00390625
1 0.52734375 0.4423828125 0.001953125 0.00390625
1 0.5576171875 0.4423828125 0.001953125 0.0029296875
1 0.583984375 0.4423828125 0.001953125 0.0029296875
1 0.6435546875 0.4423828125 0.001953125 0.0029296875
1 0.669921875 0.443359375 0.001953125 0.0029296875
1 0.69140625 0.443359375 0.001953125 0.0029296875
1 0.705078125 0.4443359375 0.0029296875 0.00390625
1 0.720703125 0.4443359375 0.0029296875 0.00390625
1 0.7392578125 0.4453125 0.0029296875 0.0048828125
1 0.78515625 0.4482421875 0.00390625 0.005859375
1 0.818359375 0.44921875 0.00390625 0.005859375
1 0.8583984375 0.451171875 0.0048828125 0.0068359375
1 0.9111328125 0.453125 0.005859375 0.0068359375
1 0.9833984375 0.45703125 0.0078125 0.0087890625
2 0.7587890625 0.509765625 0.03125 0.03515625
2 0.6611328125 0.4794921875 0.0166015625 0.021484375
2 0.6201171875 0.466796875 0.01171875 0.0146484375
2 0.5966796875 0.4609375 0.0087890625 0.01171875
2 0.5810546875 0.4560546875 0.0078125 0.009765625
2 0.5703125 0.453125 0.005859375 0.0078125
2 0.5625 0.4501953125 0.0048828125 0.0068359375
2 0.556640625 0.44921875 0.00390625 0.005859375
2 0.5517578125 0.447265625 0.00390625 0.0048828125
2 0.5478515625 0.4462890625 0.0029296875 0.00390625
2 0.5439453125 0.4453125 0.0029296875 0.00390625
2 0.5390625 0.4443359375 0.0029296875 0.00390625
2 0.537109375 0.443359375 0.0029296875 0.00390625
2 0.5498046875 0.443359375 0.001953125 0.00390625
2 0.580078125 0.4423828125 0.0029296875 0.00390625
2 0.6162109375 0.443359375 0.0029296875 0.00390625
2 0.638671875 0.443359375 0.001953125 0.00390625
2 0.6474609375 0.4443359375 0.0029296875 0.00390625
2 0.6591796875 0.4443359375 0.0029296875 0.00390625
2 0.6728515625 0.4453125 0.0029296875 0.0048828125
2 0.6884765625 0.4462890625 0.00390625 0.0048828125
2 0.70703125 0.447265625 0.00390625 0.005859375
2 0.73046875 0.44921875 0.0048828125 0.0068359375
2 0.759765625 0.4501953125 0.005859375 0.0078125
2 0.798828125 0.453125 0.0068359375 0.0087890625
2 0.8505859375 0.4560546875 0.0078125 0.009765625
2 0.92578125 0.4619140625 0.0107421875 0.0126953125