1 0.8369140625 0.4619140625 0.0068359375 0.0087890625
1 0.7822265625 0.4619140625 0.0078125 0.009765625
1 0.755859375 0.4638671875 0.0087890625 0.0107421875
1 0.7265625 0.4658203125 0.0078125 0.0107421875
1 0.646484375 0.46484375 0.0087890625 0.0126953125
1 0.5322265625 0.4580078125 0.009765625 0.0126953125
1 0.4365234375 0.4501953125 0.0087890625 0.0107421875
1 0.3369140625 0.443359375 0.0087890625 0.0107421875
1 0.228515625 0.4375 0.0078125 0.0107421875
1 0.1044921875 0.435546875 0.009765625 0.0126953125
2 0.1181640625 0.4599609375 0.0185546875 0.0224609375
2 0.0927734375 0.447265625 0.0146484375 0.017578125
2 0.1259765625 0.4423828125 0.0126953125 0.0146484375
2 0.2421875 0.443359375 0.009765625 0.0126953125
2 0.357421875 0.44921875 0.0107421875 0.0146484375
2 0.4609375 0.45703125 0.0107421875 0.0146484375
2 0.59375 0.4677734375 0.0126953125 0.015625
2 0.7216796875 0.4755859375 0.0126953125 0.015625
2 0.8427734375 0.4775390625 0.0126953125 0.0146484375
2 0.8935546875 0.474609375 0.009765625 0.0126953125
2 0.9033203125 0.4716796875 0.0087890625 0.0107421875
2 0.9169921875 0.46875 0.0078125 0.0107421875
2 0.9931640625 0.470703125 0.0087890625 0.0107421875
2 0.5751953125 0.5947265625 0.0576171875 0.05859375
0 0.2587890625 0.48828125 0.03515625 0.060546875
0 0.2841796875 0.4921875 0.0390625 0.0625
2 0.2685546875 0.5009765625 0.0263671875 0.037109375