1 0.0556640625 0.4365234375 0.0166015625 0.0185546875
1 0.1337890625 0.431640625 0.0126953125 0.0146484375
1 0.123046875 0.4287109375 0.0107421875 0.0126953125
1 0.05859375 0.4248046875 0.0107421875 0.0126953125
1 0.0009765625 0.41015625 0.001953125 0.0078125
1 0.048828125 0.41015625 0.005859375 0.0068359375
1 0.0966796875 0.4111328125 0.0048828125 0.005859375
1 0.1376953125 0.412109375 0.005859375 0.005859375
1 0.2333984375 0.4150390625 0.00390625 0.005859375
1 0.2841796875 0.416015625 0.0048828125 0.0048828125
1 0.4013671875 0.4208984375 0.00390625 0.00390625
1 0.4521484375 0.423828125 0.0029296875 0.00390625
1 0.4951171875 0.42578125 0.00390625 0.0048828125
1 0.533203125 0.4287109375 0.00390625 0.005859375
1 0.60546875 0.43359375 0.00390625 0.005859375
1 0.669921875 0.4375 0.005859375 0.0078125
1 0.78125 0.4453125 0.005859375 0.0078125
1 0.90625 0.4541015625 0.0087890625 0.0107421875
1 0.9921875 0.462890625 0.0107421875 0.0126953125
2 0.4443359375 0.552734375 0.052734375 0.064453125
2 0.244140625 0.4716796875 0.025390625 0.03125
2 0.2314453125 0.4501953125 0.017578125 0.021484375
2 0.3056640625 0.4384765625 0.01171875 0.0146484375
2 0.2880859375 0.431640625 0.009765625 0.0126953125
2 0.205078125 0.42578125 0.0087890625 0.0107421875
2 0.1044921875 0.419921875 0.0078125 0.009765625
2 0.087890625 0.4169921875 0.005859375 0.0087890625
2 0.0810546875 0.4140625 0.005859375 0.0078125
2 0.1181640625 0.4130859375 0.005859375 0.0068359375
2 0.177734375 0.4150390625 0.0048828125 0.005859375
2 0.2314453125 0.416015625 0.00390625 0.005859375
2 0.2900390625 0.41796875 0.00390625 0.005859375
2 0.349609375 0.419921875 0.00390625 0.005859375
2 0.9794921875 0.4853515625 0.021484375 0.0234375
2 0.8974609375 0.46875 0.0146484375 0.0166015625
2 0.8271484375 0.4560546875 0.0107421875 0.0126953125
2 0.73828125 0.447265625 0.0087890625 0.0107421875
2 0.658203125 0.4404296875 0.0078125 0.0087890625
2 0.5859375 0.435546875 0.0068359375 0.0087890625
2 0.5234375 0.4306640625 0.0048828125 0.0068359375
2 0.4697265625 0.4267578125 0.0048828125 0.005859375
2 0.4345703125 0.4248046875 0.00390625 0.005859375
2 0.392578125 0.421875 0.00390625 0.005859375