1 0.3935546875 0.4345703125 0.009765625 0.01171875
1 0.525390625 0.4384765625 0.0087890625 0.01171875
1 0.673828125 0.447265625 0.0107421875 0.0126953125
1 0.8095703125 0.4560546875 0.01171875 0.0126953125
1 0.9541015625 0.4677734375 0.015625 0.0166015625
1 0.1142578125 0.4365234375 0.0185546875 0.01953125
1 0.244140625 0.43359375 0.0126953125 0.0146484375
2 0.583984375 0.44921875 0.01171875 0.015625
2 0.7333984375 0.4580078125 0.0126953125 0.0166015625
2 0.890625 0.470703125 0.0166015625 0.01953125
2 0.4140625 0.5341796875 0.048828125 0.0576171875
2 0.255859375 0.4736328125 0.0283203125 0.033203125
2 0.3232421875 0.451171875 0.0185546875 0.021484375
2 0.4375 0.4462890625 0.0126953125 0.0166015625