1 0.0419921875 0.421875 0.01171875 0.0146484375
1 0.1025390625 0.419921875 0.0087890625 0.0107421875
1 0.0966796875 0.4189453125 0.0087890625 0.0107421875
1 0.044921875 0.4150390625 0.0078125 0.0107421875
1 0.037109375 0.4052734375 0.0048828125 0.005859375
1 0.080078125 0.40625 0.00390625 0.0048828125
1 0.1171875 0.4072265625 0.0048828125 0.005859375
1 0.15625 0.4091796875 0.00390625 0.0048828125
1 0.2060546875 0.41015625 0.0029296875 0.00390625
1 0.251953125 0.412109375 0.00390625 0.00390625
1 0.3134765625 0.4140625 0.0029296875 0.00390625
1 0.3583984375 0.416015625 0.0029296875 0.00390625
1 0.4033203125 0.41796875 0.001953125 0.00390625
1 0.4384765625 0.4208984375 0.0029296875 0.00390625
1 0.4697265625 0.4228515625 0.0029296875 0.0048828125
1 0.5244140625 0.42578125 0.00390625 0.0048828125
1 0.572265625 0.4296875 0.0048828125 0.005859375
1 0.65234375 0.435546875 0.0048828125 0.0068359375
1 0.7314453125 0.44140625 0.005859375 0.0078125
1 0.775390625 0.4462890625 0.0087890625 0.009765625
1 0.8037109375 0.4521484375 0.009765625 0.01171875
1 0.8466796875 0.4609375 0.0126953125 0.0146484375
1 0.9296875 0.4775390625 0.0185546875 0.0205078125
2 0.3701171875 0.5205078125 0.0439453125 0.0517578125
2 0.208984375 0.4599609375 0.021484375 0.0263671875
2 0.15625 0.4384765625 0.015625 0.01953125
2 0.1640625 0.4306640625 0.0107421875 0.0146484375
2 0.236328125 0.4267578125 0.0078125 0.0107421875
2 0.23046875 0.421875 0.0068359375 0.0087890625
2 0.166015625 0.41796875 0.0068359375 0.0087890625
2 0.083984375 0.4130859375 0.005859375 0.0078125
2 0.0712890625 0.41015625 0.0048828125 0.0068359375
2 0.0654296875 0.408203125 0.00390625 0.005859375
2 0.0986328125 0.408203125 0.0048828125 0.005859375
2 0.1533203125 0.4091796875 0.00390625 0.0048828125
2 0.2021484375 0.4111328125 0.00390625 0.0048828125
2 0.255859375 0.4130859375 0.00390625 0.0048828125
2 0.310546875 0.4150390625 0.00390625 0.00390625
2 0.7939453125 0.48828125 0.025390625 0.0283203125
2 0.66015625 0.4658203125 0.0146484375 0.0166015625
2 0.6611328125 0.4541015625 0.0107421875 0.0146484375
2 0.6474609375 0.44140625 0.0078125 0.0107421875
2 0.6015625 0.435546875 0.0068359375 0.0087890625
2 0.5478515625 0.431640625 0.005859375 0.0078125
2 0.4970703125 0.427734375 0.0048828125 0.0068359375
2 0.451171875 0.4248046875 0.00390625 0.005859375
2 0.41015625 0.4208984375 0.00390625 0.005859375
2 0.3828125 0.4189453125 0.00390625 0.0048828125
2 0.34765625 0.4169921875 0.00390625 0.005859375