2 0.9140625 0.435546875 0.00390625 0.0048828125
2 0.939453125 0.4365234375 0.0029296875 0.0048828125
2 0.943359375 0.4375 0.00390625 0.005859375
2 0.9189453125 0.4384765625 0.00390625 0.005859375
2 0.88671875 0.439453125 0.00390625 0.005859375
2 0.8427734375 0.44140625 0.0048828125 0.005859375
2 0.8046875 0.4423828125 0.005859375 0.0078125
2 0.78515625 0.4443359375 0.005859375 0.0078125
2 0.7978515625 0.4482421875 0.0068359375 0.0087890625
2 0.8603515625 0.4521484375 0.0087890625 0.01171875
2 0.978515625 0.45703125 0.0126953125 0.0146484375
2 0.7607421875 0.529296875 0.0390625 0.0498046875
2 0.6044921875 0.4873046875 0.0224609375 0.0263671875
2 0.5732421875 0.4677734375 0.013671875 0.0185546875
2 0.6005859375 0.458984375 0.0107421875 0.013671875
2 0.638671875 0.4521484375 0.0078125 0.0107421875
2 0.6650390625 0.4482421875 0.0068359375 0.009765625
2 0.6845703125 0.4453125 0.005859375 0.0078125
2 0.69921875 0.4423828125 0.0048828125 0.0068359375
2 0.7099609375 0.4404296875 0.00390625 0.005859375
2 0.71875 0.439453125 0.00390625 0.005859375
2 0.7265625 0.4384765625 0.0029296875 0.0048828125
2 0.73828125 0.4375 0.0029296875 0.00390625
2 0.7666015625 0.4365234375 0.0029296875 0.0048828125
2 0.8154296875 0.435546875 0.0029296875 0.00390625
2 0.8671875 0.435546875 0.0029296875 0.00390625
1 0.8837890625 0.4345703125 0.001953125 0.00390625
1 0.9306640625 0.435546875 0.0029296875 0.00390625
1 0.9814453125 0.4365234375 0.0029296875 0.0029296875
1 0.970703125 0.439453125 0.0048828125 0.005859375
1 0.9306640625 0.44140625 0.0048828125 0.0068359375
1 0.8994140625 0.443359375 0.005859375 0.0078125
1 0.9130859375 0.4462890625 0.0068359375 0.009765625
1 0.9677734375 0.4501953125 0.0078125 0.0107421875
1 0.244140625 0.5390625 0.0458984375 0.05078125
1 0.302734375 0.486328125 0.0205078125 0.0244140625
1 0.384765625 0.466796875 0.0126953125 0.0166015625
1 0.46875 0.4580078125 0.009765625 0.0126953125
1 0.53125 0.4521484375 0.0087890625 0.009765625
1 0.5703125 0.4482421875 0.0068359375 0.0078125
1 0.6025390625 0.4453125 0.005859375 0.0068359375
1 0.625 0.4423828125 0.0048828125 0.0068359375
1 0.6455078125 0.4404296875 0.00390625 0.005859375
1 0.6552734375 0.439453125 0.00390625 0.0048828125
1 0.6669921875 0.4384765625 0.00390625 0.0048828125
1 0.6787109375 0.4375 0.0029296875 0.00390625
1 0.69921875 0.4365234375 0.0029296875 0.00390625
1 0.7333984375 0.435546875 0.001953125 0.00390625
1 0.7822265625 0.435546875 0.0029296875 0.00390625
1 0.8271484375 0.435546875 0.0029296875 0.00390625