1 0.384765625 0.47265625 0.0087890625 0.0126953125
1 0.375 0.4794921875 0.01171875 0.015625
1 0.2724609375 0.5458984375 0.0400390625 0.0478515625
1 0.9169921875 0.4736328125 0.009765625 0.0126953125
1 0.8125 0.46875 0.0078125 0.0107421875
1 0.71484375 0.46484375 0.005859375 0.009765625
1 0.6240234375 0.462890625 0.005859375 0.0087890625
1 0.5361328125 0.462890625 0.005859375 0.0087890625
1 0.4541015625 0.46484375 0.0078125 0.009765625
1 0.3994140625 0.4677734375 0.0078125 0.0107421875
2 0.5458984375 0.4775390625 0.01171875 0.0146484375
2 0.5302734375 0.470703125 0.0087890625 0.0126953125
2 0.5498046875 0.4677734375 0.0078125 0.0107421875
2 0.6337890625 0.4658203125 0.0078125 0.0107421875
2 0.728515625 0.46875 0.009765625 0.01171875
2 0.826171875 0.4736328125 0.0107421875 0.0146484375
2 0.974609375 0.48046875 0.0146484375 0.0166015625
2 0.7685546875 0.5361328125 0.0390625 0.04296875
0 0.3515625 0.4951171875 0.025390625 0.04296875
0 0.359375 0.4912109375 0.0224609375 0.0400390625
0 0.6259765625 0.48828125 0.0185546875 0.0380859375
0 0.6416015625 0.490234375 0.02734375 0.0400390625
2 0.6328125 0.49609375 0.0146484375 0.0224609375