1 0.05859375 0.447265625 0.0205078125 0.0205078125
1 0.1435546875 0.4384765625 0.0146484375 0.0166015625
1 0.126953125 0.43359375 0.013671875 0.015625
1 0.048828125 0.4296875 0.0126953125 0.013671875
1 0.02734375 0.412109375 0.005859375 0.0078125
1 0.0791015625 0.4130859375 0.0048828125 0.0068359375
1 0.123046875 0.4140625 0.0048828125 0.005859375
1 0.2783203125 0.41796875 0.00390625 0.005859375
1 0.40234375 0.4228515625 0.00390625 0.0048828125
1 0.45703125 0.4248046875 0.00390625 0.005859375
1 0.5048828125 0.427734375 0.00390625 0.00390625
1 0.5478515625 0.4306640625 0.00390625 0.0048828125
1 0.62890625 0.435546875 0.0048828125 0.0068359375
1 0.8310546875 0.44921875 0.0078125 0.009765625
1 0.98046875 0.4599609375 0.0107421875 0.0126953125
2 0.3515625 0.5029296875 0.0361328125 0.0439453125
2 0.2861328125 0.46484375 0.0224609375 0.02734375
2 0.3447265625 0.4462890625 0.013671875 0.0166015625
2 0.310546875 0.4365234375 0.0107421875 0.013671875
2 0.2119140625 0.4296875 0.009765625 0.01171875
2 0.0966796875 0.423828125 0.0087890625 0.0107421875
2 0.07421875 0.4189453125 0.0068359375 0.0087890625
2 0.0634765625 0.416015625 0.005859375 0.0078125
2 0.1669921875 0.416015625 0.0048828125 0.0068359375
2 0.224609375 0.41796875 0.0048828125 0.005859375
2 0.287109375 0.419921875 0.0048828125 0.0068359375
2 0.3505859375 0.421875 0.00390625 0.005859375
2 0.9169921875 0.4638671875 0.0126953125 0.013671875
2 0.798828125 0.4521484375 0.009765625 0.01171875
2 0.7021484375 0.4453125 0.0078125 0.009765625
2 0.6181640625 0.4384765625 0.005859375 0.0078125
2 0.544921875 0.43359375 0.0048828125 0.0068359375
2 0.4833984375 0.4296875 0.0048828125 0.0068359375
2 0.443359375 0.4267578125 0.00390625 0.005859375
2 0.396484375 0.423828125 0.00390625 0.005859375