1 0.0224609375 0.4013671875 0.00390625 0.00390625
1 0.0546875 0.40234375 0.0029296875 0.00390625
1 0.09765625 0.404296875 0.0029296875 0.00390625
1 0.1904296875 0.408203125 0.0029296875 0.00390625
1 0.2275390625 0.41015625 0.001953125 0.0029296875
1 0.2841796875 0.4130859375 0.001953125 0.0029296875
1 0.302734375 0.4140625 0.001953125 0.0029296875
1 0.3330078125 0.416015625 0.0029296875 0.0029296875
1 0.357421875 0.41796875 0.0029296875 0.00390625
1 0.3955078125 0.4208984375 0.0029296875 0.00390625
1 0.423828125 0.4228515625 0.00390625 0.0048828125
1 0.4296875 0.4248046875 0.00390625 0.005859375
1 0.416015625 0.4248046875 0.00390625 0.005859375
1 0.390625 0.42578125 0.005859375 0.0078125
1 0.36328125 0.427734375 0.0068359375 0.0087890625
1 0.3935546875 0.4326171875 0.0078125 0.009765625
1 0.4765625 0.4384765625 0.0078125 0.009765625
1 0.59765625 0.4453125 0.009765625 0.01171875
2 0.890625 0.4609375 0.0087890625 0.01171875
1 0.7314453125 0.4521484375 0.0107421875 0.0126953125
2 0.5478515625 0.5908203125 0.060546875 0.0654296875
2 0.23828125 0.4912109375 0.0341796875 0.0400390625
2 0.1357421875 0.4541015625 0.0224609375 0.0244140625
2 0.0595703125 0.4287109375 0.0126953125 0.0166015625
2 0.0380859375 0.421875 0.009765625 0.0126953125
2 0.0224609375 0.416015625 0.0087890625 0.0107421875
2 0.0126953125 0.412109375 0.0068359375 0.0087890625
2 0.0244140625 0.41015625 0.005859375 0.0078125
2 0.08203125 0.4111328125 0.0048828125 0.005859375
2 0.087890625 0.4091796875 0.00390625 0.005859375
2 0.0458984375 0.4072265625 0.00390625 0.005859375
2 0.0048828125 0.40234375 0.00390625 0.0048828125
2 0.05078125 0.4033203125 0.0029296875 0.00390625
2 0.0927734375 0.4052734375 0.0029296875 0.00390625
2 0.138671875 0.40625 0.00390625 0.00390625
2 0.18359375 0.408203125 0.00390625 0.00390625
2 0.8916015625 0.4697265625 0.0146484375 0.0166015625
2 0.6630859375 0.45703125 0.013671875 0.0166015625
2 0.474609375 0.447265625 0.01171875 0.0146484375
2 0.349609375 0.4375 0.0107421875 0.013671875
2 0.2802734375 0.4306640625 0.0087890625 0.0126953125
2 0.2451171875 0.4267578125 0.0078125 0.009765625
2 0.2529296875 0.423828125 0.0068359375 0.0087890625
2 0.2939453125 0.4228515625 0.005859375 0.0078125
2 0.3251953125 0.421875 0.0048828125 0.0068359375
2 0.3505859375 0.421875 0.00390625 0.005859375
2 0.345703125 0.4189453125 0.00390625 0.005859375
2 0.322265625 0.41796875 0.0029296875 0.0048828125
2 0.298828125 0.416015625 0.0029296875 0.00390625
2 0.2744140625 0.4140625 0.0029296875 0.00390625
2 0.251953125 0.412109375 0.0029296875 0.00390625
2 0.236328125 0.4111328125 0.0029296875 0.00390625
2 0.2119140625 0.41015625 0.001953125 0.00390625
0 0.1005859375 0.43359375 0.0234375 0.03125
0 0.091796875 0.431640625 0.0224609375 0.03125
2 0.0947265625 0.439453125 0.0166015625 0.0185546875