2 0.974609375 0.5927734375 0.0498046875 0.0615234375
2 0.7373046875 0.501953125 0.03125 0.0341796875
2 0.6328125 0.474609375 0.017578125 0.021484375
2 0.546875 0.4638671875 0.0126953125 0.015625
2 0.435546875 0.458984375 0.009765625 0.0126953125
2 0.3349609375 0.45703125 0.0087890625 0.0107421875
2 0.2412109375 0.4560546875 0.0068359375 0.0107421875
2 0.1513671875 0.455078125 0.0078125 0.009765625
2 0.1142578125 0.453125 0.0068359375 0.0087890625
2 0.109375 0.4501953125 0.005859375 0.0078125
2 0.1103515625 0.4453125 0.005859375 0.0078125
2 0.1201171875 0.4423828125 0.0029296875 0.00390625
2 0.140625 0.44140625 0.0029296875 0.00390625
2 0.1767578125 0.44140625 0.0029296875 0.0048828125
2 0.212890625 0.4404296875 0.001953125 0.00390625
2 0.24609375 0.4404296875 0.001953125 0.00390625
2 0.25390625 0.4404296875 0.0029296875 0.0029296875
2 0.2138671875 0.4423828125 0.0029296875 0.00390625
2 0.19140625 0.443359375 0.0029296875 0.00390625
2 0.177734375 0.4453125 0.00390625 0.005859375
2 0.1904296875 0.4462890625 0.00390625 0.005859375
2 0.2294921875 0.4462890625 0.00390625 0.005859375
2 0.2822265625 0.4462890625 0.00390625 0.005859375
2 0.3359375 0.4462890625 0.0048828125 0.0068359375
2 0.3955078125 0.447265625 0.005859375 0.0078125
2 0.4404296875 0.4482421875 0.005859375 0.0078125
2 0.4921875 0.4501953125 0.0078125 0.009765625
2 0.564453125 0.453125 0.0087890625 0.0107421875
2 0.6611328125 0.4580078125 0.0107421875 0.013671875
2 0.8193359375 0.4638671875 0.0146484375 0.017578125
1 0.3466796875 0.515625 0.0341796875 0.0380859375
1 0.37890625 0.4794921875 0.0185546875 0.021484375
1 0.314453125 0.466796875 0.0126953125 0.015625
1 0.109375 0.4609375 0.009765625 0.0126953125
1 0.021484375 0.4599609375 0.0087890625 0.0107421875
1 0.001953125 0.4521484375 0.00390625 0.0078125
1 0.0146484375 0.4501953125 0.005859375 0.0068359375
1 0.025390625 0.44921875 0.0048828125 0.005859375
1 0.033203125 0.447265625 0.00390625 0.0048828125
1 0.0400390625 0.4462890625 0.00390625 0.0048828125
1 0.044921875 0.4453125 0.0029296875 0.00390625
1 0.05078125 0.4453125 0.0029296875 0.0029296875
1 0.083984375 0.4423828125 0.001953125 0.0029296875
1 0.1650390625 0.4404296875 0.001953125 0.00390625
1 0.2587890625 0.439453125 0.001953125 0.0029296875
1 0.2822265625 0.439453125 0.001953125 0.0029296875
1 0.296875 0.439453125 0.001953125 0.0029296875
1 0.306640625 0.439453125 0.001953125 0.0029296875
1 0.291015625 0.4404296875 0.001953125 0.00390625
1 0.2705078125 0.44140625 0.0029296875 0.00390625
1 0.24609375 0.4443359375 0.0029296875 0.00390625
1 0.2412109375 0.443359375 0.0029296875 0.00390625
1 0.2783203125 0.4443359375 0.0029296875 0.0048828125
1 0.3330078125 0.4443359375 0.0048828125 0.005859375
1 0.3974609375 0.4443359375 0.00390625 0.005859375
1 0.4599609375 0.4443359375 0.0048828125 0.005859375
1 0.5048828125 0.4462890625 0.005859375 0.0078125
1 0.56640625 0.4482421875 0.005859375 0.0078125
1 0.6396484375 0.4501953125 0.0078125 0.009765625
1 0.751953125 0.453125 0.0087890625 0.0107421875
1 0.9208984375 0.4580078125 0.0126953125 0.0146484375