1 0.16015625 0.4013671875 0.00390625 0.0048828125
1 0.2177734375 0.4052734375 0.0029296875 0.00390625
1 0.3037109375 0.4091796875 0.0029296875 0.0048828125
1 0.3232421875 0.4111328125 0.0029296875 0.0048828125
1 0.333984375 0.4130859375 0.00390625 0.005859375
1 0.33984375 0.416015625 0.0048828125 0.0068359375
1 0.392578125 0.4189453125 0.0048828125 0.0068359375
1 0.4541015625 0.4228515625 0.005859375 0.0078125
1 0.548828125 0.4287109375 0.0068359375 0.0087890625
1 0.5986328125 0.4345703125 0.0078125 0.009765625
1 0.6474609375 0.44140625 0.0087890625 0.0126953125
1 0.7265625 0.453125 0.01171875 0.0146484375
1 0.9150390625 0.466796875 0.0166015625 0.0166015625
1 0.0400390625 0.3984375 0.0048828125 0.005859375
1 0.0908203125 0.3994140625 0.00390625 0.0048828125
2 0.2080078125 0.4052734375 0.00390625 0.0048828125
2 0.25 0.4072265625 0.00390625 0.0048828125
2 0.2724609375 0.408203125 0.00390625 0.005859375
2 0.2666015625 0.4111328125 0.0048828125 0.0068359375
2 0.2763671875 0.4130859375 0.005859375 0.0078125
2 0.3369140625 0.41796875 0.005859375 0.0078125
2 0.3994140625 0.4228515625 0.0068359375 0.0087890625
2 0.46484375 0.4267578125 0.0078125 0.009765625
2 0.5009765625 0.43359375 0.0087890625 0.01171875
2 0.5419921875 0.4404296875 0.009765625 0.013671875
2 0.6337890625 0.4541015625 0.0146484375 0.0185546875
2 0.826171875 0.4736328125 0.0205078125 0.0234375
2 0.6953125 0.6025390625 0.0419921875 0.0419921875
2 0.3046875 0.4912109375 0.033203125 0.041015625
2 0.1953125 0.4501953125 0.021484375 0.025390625
2 0.1416015625 0.431640625 0.0166015625 0.01953125
2 0.1083984375 0.4208984375 0.0126953125 0.0146484375
2 0.091796875 0.4140625 0.009765625 0.01171875
2 0.0771484375 0.4091796875 0.0087890625 0.0107421875
2 0.0654296875 0.40625 0.0068359375 0.0087890625
2 0.05859375 0.4033203125 0.0048828125 0.0078125
2 0.0546875 0.4013671875 0.0048828125 0.0078125
2 0.0947265625 0.400390625 0.00390625 0.005859375
2 0.1484375 0.40234375 0.00390625 0.005859375