2 0.7421875 0.5146484375 0.037109375 0.0400390625
2 0.5732421875 0.4833984375 0.01953125 0.025390625
2 0.4150390625 0.4697265625 0.013671875 0.017578125
2 0.287109375 0.4638671875 0.01171875 0.0146484375
2 0.1728515625 0.462890625 0.0107421875 0.013671875
2 0.0673828125 0.4599609375 0.0087890625 0.01171875
2 0.0322265625 0.45703125 0.0078125 0.0107421875
2 0.0400390625 0.453125 0.005859375 0.0078125
2 0.0517578125 0.451171875 0.005859375 0.0078125
2 0.060546875 0.4482421875 0.0048828125 0.005859375
2 0.068359375 0.447265625 0.00390625 0.005859375
2 0.0732421875 0.4453125 0.0029296875 0.0048828125
2 0.0771484375 0.4443359375 0.0029296875 0.00390625
2 0.0810546875 0.4443359375 0.001953125 0.00390625
2 0.0849609375 0.443359375 0.001953125 0.00390625
2 0.095703125 0.4423828125 0.001953125 0.00390625
2 0.119140625 0.44140625 0.0029296875 0.00390625
2 0.1591796875 0.4404296875 0.001953125 0.00390625
2 0.1982421875 0.4404296875 0.001953125 0.00390625
2 0.234375 0.439453125 0.001953125 0.0029296875
2 0.2412109375 0.4404296875 0.001953125 0.00390625
2 0.23828125 0.44140625 0.0029296875 0.0029296875
2 0.2236328125 0.44140625 0.0029296875 0.00390625
2 0.1923828125 0.443359375 0.0029296875 0.00390625
2 0.1650390625 0.4443359375 0.0029296875 0.0048828125
2 0.1435546875 0.4462890625 0.0048828125 0.0068359375
2 0.1552734375 0.447265625 0.0048828125 0.005859375
2 0.1962890625 0.447265625 0.0048828125 0.0068359375
2 0.2548828125 0.447265625 0.0048828125 0.0078125
2 0.3154296875 0.4482421875 0.005859375 0.0078125
2 0.3818359375 0.44921875 0.0068359375 0.0087890625
2 0.4326171875 0.4521484375 0.0078125 0.009765625
2 0.494140625 0.4560546875 0.0087890625 0.01171875
2 0.587890625 0.4609375 0.01171875 0.0146484375
2 0.73046875 0.4697265625 0.0166015625 0.01953125
1 0.26953125 0.5224609375 0.037109375 0.0419921875
1 0.2216796875 0.4853515625 0.0205078125 0.0234375
1 0.1416015625 0.4736328125 0.0166015625 0.0185546875
1 0.0029296875 0.4453125 0.00390625 0.005859375
1 0.013671875 0.4443359375 0.00390625 0.00390625
1 0.0234375 0.443359375 0.0029296875 0.00390625
1 0.0302734375 0.443359375 0.001953125 0.0029296875
1 0.0595703125 0.4423828125 0.001953125 0.0029296875
1 0.0986328125 0.44140625 0.001953125 0.0029296875
1 0.1494140625 0.4404296875 0.0029296875 0.0029296875
1 0.201171875 0.439453125 0.001953125 0.0029296875
1 0.2490234375 0.439453125 0.001953125 0.0029296875
1 0.2734375 0.439453125 0.001953125 0.0029296875
1 0.287109375 0.439453125 0.001953125 0.0029296875
1 0.296875 0.4404296875 0.0029296875 0.0029296875
1 0.279296875 0.44140625 0.0029296875 0.00390625
1 0.2548828125 0.4423828125 0.0029296875 0.0048828125
1 0.2265625 0.443359375 0.0029296875 0.00390625
1 0.216796875 0.4443359375 0.00390625 0.0048828125
1 0.2216796875 0.4453125 0.00390625 0.005859375
1 0.31640625 0.4443359375 0.00390625 0.005859375
1 0.388671875 0.4453125 0.005859375 0.0078125
1 0.4580078125 0.447265625 0.005859375 0.0078125
1 0.5107421875 0.44921875 0.0078125 0.0087890625
1 0.5849609375 0.4521484375 0.0078125 0.009765625
1 0.681640625 0.4560546875 0.0107421875 0.0126953125
1 0.845703125 0.462890625 0.0146484375 0.015625