1 0.82421875 0.501953125 0.0419921875 0.0498046875
1 0.728515625 0.4609375 0.0224609375 0.02734375
1 0.6181640625 0.4443359375 0.015625 0.0185546875
1 0.5185546875 0.439453125 0.01171875 0.0146484375
1 0.9638671875 0.41015625 0.0087890625 0.009765625
1 0.8896484375 0.41015625 0.0078125 0.0078125
1 0.7841796875 0.4111328125 0.00390625 0.005859375
1 0.7294921875 0.412109375 0.00390625 0.005859375
1 0.64453125 0.4150390625 0.00390625 0.0048828125
1 0.580078125 0.4169921875 0.00390625 0.005859375
1 0.529296875 0.4189453125 0.00390625 0.005859375
1 0.474609375 0.421875 0.00390625 0.005859375
1 0.4140625 0.4248046875 0.00390625 0.005859375
1 0.3564453125 0.4287109375 0.0048828125 0.005859375
1 0.306640625 0.431640625 0.005859375 0.0078125
1 0.283203125 0.4345703125 0.005859375 0.0078125
1 0.2724609375 0.4365234375 0.0068359375 0.0087890625
1 0.296875 0.4384765625 0.0078125 0.009765625
1 0.357421875 0.4384765625 0.0087890625 0.0107421875
1 0.4384765625 0.4375 0.009765625 0.0126953125
2 0.7470703125 0.4140625 0.005859375 0.0078125
2 0.791015625 0.4150390625 0.0068359375 0.0087890625
2 0.84765625 0.416015625 0.0078125 0.009765625
2 0.9384765625 0.4169921875 0.009765625 0.01171875
2 0.693359375 0.4150390625 0.0048828125 0.0068359375
2 0.6240234375 0.416015625 0.00390625 0.005859375
2 0.55859375 0.4189453125 0.0048828125 0.005859375
2 0.486328125 0.4228515625 0.00390625 0.0068359375
2 0.421875 0.4267578125 0.0048828125 0.0068359375
2 0.3779296875 0.4296875 0.005859375 0.0078125
2 0.375 0.431640625 0.005859375 0.0087890625
2 0.4150390625 0.431640625 0.0068359375 0.0087890625
2 0.490234375 0.4306640625 0.0078125 0.0107421875
2 0.5859375 0.4296875 0.0087890625 0.01171875
2 0.705078125 0.4306640625 0.0107421875 0.0146484375
2 0.8349609375 0.43359375 0.0146484375 0.0185546875
1 0.8291015625 0.41015625 0.0048828125 0.005859375