1 0.951171875 0.4814453125 0.0107421875 0.0126953125
1 0.892578125 0.47265625 0.0087890625 0.0107421875
1 0.8583984375 0.466796875 0.0068359375 0.0087890625
1 0.8349609375 0.462890625 0.005859375 0.0068359375
1 0.8125 0.458984375 0.0048828125 0.0068359375
1 0.7900390625 0.4560546875 0.0048828125 0.005859375
1 0.7578125 0.4521484375 0.00390625 0.0048828125
1 0.712890625 0.44921875 0.0029296875 0.0048828125
1 0.6240234375 0.4462890625 0.00390625 0.0048828125
1 0.5810546875 0.4443359375 0.0029296875 0.0048828125
1 0.53515625 0.4423828125 0.00390625 0.005859375
1 0.486328125 0.44140625 0.00390625 0.005859375
1 0.4443359375 0.439453125 0.0048828125 0.0068359375
1 0.36328125 0.435546875 0.0048828125 0.0068359375
1 0.26953125 0.431640625 0.005859375 0.0078125
1 0.1650390625 0.427734375 0.0068359375 0.0087890625
1 0.0283203125 0.421875 0.0078125 0.0087890625
2 0.5068359375 0.5458984375 0.046875 0.0537109375
2 0.3857421875 0.4921875 0.0263671875 0.03125
2 0.2919921875 0.47265625 0.0205078125 0.0234375
2 0.11328125 0.4541015625 0.01953125 0.0205078125
2 0.0478515625 0.423828125 0.009765625 0.01171875
2 0.189453125 0.4296875 0.0078125 0.0107421875
2 0.3017578125 0.43359375 0.0068359375 0.009765625
2 0.3837890625 0.4375 0.005859375 0.0078125
2 0.4560546875 0.44140625 0.005859375 0.0087890625
2 0.5234375 0.443359375 0.005859375 0.0078125
2 0.560546875 0.4453125 0.00390625 0.0068359375
2 0.5986328125 0.4462890625 0.00390625 0.005859375
2 0.6357421875 0.447265625 0.00390625 0.005859375
2 0.6669921875 0.4482421875 0.00390625 0.0048828125
2 0.69921875 0.44921875 0.00390625 0.005859375
2 0.720703125 0.451171875 0.0029296875 0.0048828125
2 0.873046875 0.4833984375 0.01171875 0.015625
2 0.8017578125 0.470703125 0.0078125 0.01171875
2 0.771484375 0.4638671875 0.0068359375 0.0087890625
2 0.75390625 0.458984375 0.0048828125 0.0078125
2 0.7412109375 0.4560546875 0.00390625 0.0068359375
2 0.73046875 0.4541015625 0.00390625 0.005859375
0 0.96875 0.4970703125 0.0224609375 0.0380859375
0 0.9892578125 0.5009765625 0.0205078125 0.041015625
2 0.9794921875 0.50390625 0.0146484375 0.0224609375