2 0.0439453125 0.4599609375 0.0166015625 0.0166015625
2 0.095703125 0.453125 0.0126953125 0.013671875
2 0.1435546875 0.4482421875 0.009765625 0.01171875
2 0.2509765625 0.4462890625 0.0068359375 0.0078125
2 0.3486328125 0.4443359375 0.005859375 0.0078125
2 0.4365234375 0.4462890625 0.0048828125 0.0068359375
2 0.5234375 0.447265625 0.005859375 0.0087890625
2 0.5546875 0.4521484375 0.0078125 0.0107421875
2 0.56640625 0.45703125 0.0087890625 0.0126953125
2 0.5810546875 0.462890625 0.01171875 0.015625
2 0.611328125 0.4775390625 0.0166015625 0.0205078125
2 0.69140625 0.5126953125 0.033203125 0.0380859375
1 0.2099609375 0.4775390625 0.0185546875 0.021484375
1 0.259765625 0.462890625 0.0126953125 0.013671875
1 0.2470703125 0.455078125 0.009765625 0.01171875
1 0.2626953125 0.451171875 0.0078125 0.0107421875
1 0.3134765625 0.4482421875 0.0078125 0.009765625
1 0.3828125 0.447265625 0.0068359375 0.0087890625
1 0.43359375 0.44921875 0.0068359375 0.0087890625
1 0.45703125 0.451171875 0.0068359375 0.0087890625
1 0.451171875 0.4560546875 0.0078125 0.01171875
1 0.4423828125 0.462890625 0.0107421875 0.013671875
1 0.42578125 0.4765625 0.0166015625 0.01953125
1 0.3564453125 0.5126953125 0.0341796875 0.0380859375