2 0.0556640625 0.4501953125 0.0126953125 0.0146484375
2 0.1708984375 0.4462890625 0.0107421875 0.01171875
2 0.1953125 0.443359375 0.0078125 0.0087890625
2 0.2060546875 0.4404296875 0.0068359375 0.0087890625
2 0.3515625 0.4365234375 0.0048828125 0.005859375
2 0.41796875 0.4365234375 0.001953125 0.0048828125
2 0.482421875 0.4404296875 0.00390625 0.0068359375
2 0.50390625 0.4423828125 0.0048828125 0.0068359375
2 0.5087890625 0.4443359375 0.0048828125 0.0078125
2 0.5146484375 0.447265625 0.005859375 0.0087890625
2 0.5234375 0.451171875 0.0078125 0.0107421875
2 0.5380859375 0.458984375 0.009765625 0.0146484375
2 0.5732421875 0.470703125 0.0146484375 0.0205078125
2 0.6396484375 0.498046875 0.02734375 0.03125
2 0.8837890625 0.591796875 0.0625 0.0625
1 0.0751953125 0.4599609375 0.0166015625 0.017578125
1 0.255859375 0.455078125 0.0107421875 0.0126953125
1 0.3154296875 0.4501953125 0.0078125 0.0107421875
1 0.322265625 0.4453125 0.0068359375 0.0087890625
1 0.3037109375 0.4423828125 0.005859375 0.0078125
1 0.3330078125 0.439453125 0.005859375 0.0068359375
1 0.380859375 0.4384765625 0.00390625 0.005859375
1 0.41796875 0.4404296875 0.00390625 0.005859375
1 0.435546875 0.44140625 0.00390625 0.005859375
1 0.4306640625 0.4462890625 0.005859375 0.0078125
1 0.4267578125 0.451171875 0.0078125 0.009765625
1 0.412109375 0.4580078125 0.009765625 0.013671875
1 0.4033203125 0.4697265625 0.013671875 0.017578125
1 0.3583984375 0.4970703125 0.0244140625 0.03125
1 0.220703125 0.587890625 0.0634765625 0.0693359375
2 0.2197265625 0.4375 0.0048828125 0.0078125
2 0.283203125 0.4365234375 0.0048828125 0.0078125