1 0.9287109375 0.486328125 0.0087890625 0.01171875
2 0.8740234375 0.48828125 0.0107421875 0.0146484375
2 0.4375 0.5009765625 0.0263671875 0.03515625
2 0.3544921875 0.4755859375 0.01953125 0.025390625
2 0.2373046875 0.4560546875 0.0166015625 0.0205078125
2 0.060546875 0.4404296875 0.0166015625 0.0185546875
2 0.060546875 0.4248046875 0.009765625 0.0107421875
2 0.1884765625 0.431640625 0.0078125 0.0107421875
2 0.3193359375 0.439453125 0.0078125 0.009765625
2 0.4208984375 0.4462890625 0.0078125 0.009765625
2 0.5400390625 0.455078125 0.0068359375 0.0107421875
2 0.677734375 0.46875 0.0107421875 0.0126953125
1 0.7509765625 0.470703125 0.0087890625 0.01171875
1 0.626953125 0.458984375 0.0078125 0.0087890625
1 0.5302734375 0.4501953125 0.005859375 0.0078125
1 0.4296875 0.443359375 0.005859375 0.0078125
1 0.1923828125 0.4287109375 0.005859375 0.0068359375
1 0.04296875 0.4208984375 0.0087890625 0.009765625
0 0.8603515625 0.482421875 0.0146484375 0.02734375
0 0.890625 0.484375 0.01953125 0.029296875
0 0.9140625 0.48046875 0.0146484375 0.0244140625
0 0.9423828125 0.482421875 0.0185546875 0.025390625