1 0.9287109375 0.4453125 0.005859375 0.0078125
1 0.3828125 0.53125 0.0400390625 0.0458984375
1 0.5732421875 0.494140625 0.0234375 0.0283203125
1 0.69140625 0.4736328125 0.0166015625 0.01953125
1 0.744140625 0.4638671875 0.0126953125 0.0146484375
1 0.6953125 0.4580078125 0.009765625 0.0126953125
1 0.623046875 0.453125 0.0078125 0.0107421875
1 0.548828125 0.4521484375 0.0068359375 0.0087890625
1 0.8603515625 0.4443359375 0.005859375 0.0068359375
1 0.802734375 0.443359375 0.0048828125 0.0068359375
1 0.7578125 0.4423828125 0.00390625 0.005859375
1 0.6845703125 0.44140625 0.0029296875 0.00390625
1 0.6435546875 0.44140625 0.0029296875 0.0048828125
1 0.578125 0.4423828125 0.0029296875 0.00390625
1 0.5263671875 0.4423828125 0.0029296875 0.00390625
1 0.4873046875 0.443359375 0.0029296875 0.0048828125
1 0.4443359375 0.4443359375 0.0029296875 0.0048828125
1 0.396484375 0.4453125 0.0029296875 0.0048828125
1 0.353515625 0.4462890625 0.00390625 0.005859375
1 0.3212890625 0.447265625 0.00390625 0.005859375
1 0.3134765625 0.44921875 0.00390625 0.005859375
1 0.3193359375 0.4501953125 0.005859375 0.0068359375
1 0.353515625 0.451171875 0.0048828125 0.0068359375
1 0.4111328125 0.451171875 0.005859375 0.0078125
1 0.482421875 0.451171875 0.005859375 0.0078125
2 0.6611328125 0.4423828125 0.00390625 0.005859375
2 0.6943359375 0.443359375 0.00390625 0.005859375
2 0.732421875 0.4443359375 0.0048828125 0.0068359375
2 0.787109375 0.4462890625 0.005859375 0.0078125
2 0.8447265625 0.447265625 0.005859375 0.0087890625
2 0.9345703125 0.44921875 0.0078125 0.009765625
2 0.619140625 0.4423828125 0.00390625 0.005859375
2 0.56640625 0.443359375 0.0029296875 0.0048828125
2 0.515625 0.443359375 0.00390625 0.005859375
2 0.4609375 0.4443359375 0.00390625 0.0048828125
2 0.412109375 0.4462890625 0.00390625 0.005859375
2 0.384765625 0.447265625 0.00390625 0.005859375
2 0.3916015625 0.4482421875 0.0048828125 0.0068359375
2 0.4326171875 0.4482421875 0.0048828125 0.0068359375
2 0.4970703125 0.4482421875 0.005859375 0.0078125
2 0.572265625 0.4482421875 0.005859375 0.0078125
2 0.6552734375 0.44921875 0.0068359375 0.0087890625
2 0.732421875 0.451171875 0.0078125 0.009765625
2 0.8115234375 0.4541015625 0.0087890625 0.01171875
2 0.904296875 0.4580078125 0.01171875 0.013671875
2 0.98046875 0.4765625 0.01953125 0.0263671875
2 0.984375 0.49609375 0.0283203125 0.0341796875
0 0.9248046875 0.4365234375 0.005859375 0.01171875