2 0.8662109375 0.435546875 0.00390625 0.005859375
2 0.904296875 0.435546875 0.0048828125 0.005859375
2 0.9267578125 0.4375 0.0048828125 0.0068359375
2 0.9189453125 0.439453125 0.005859375 0.0078125
2 0.8994140625 0.44140625 0.0068359375 0.0087890625
2 0.8662109375 0.4443359375 0.0078125 0.009765625
2 0.84375 0.4482421875 0.0087890625 0.0107421875
2 0.857421875 0.453125 0.0107421875 0.0146484375
2 0.9765625 0.4638671875 0.0185546875 0.0185546875
2 0.955078125 0.578125 0.0703125 0.0712890625
2 0.7626953125 0.490234375 0.02734375 0.0302734375
2 0.7109375 0.466796875 0.015625 0.01953125
2 0.6923828125 0.4560546875 0.0107421875 0.013671875
2 0.6796875 0.44921875 0.0078125 0.0107421875
2 0.671875 0.4453125 0.005859375 0.0087890625
2 0.6650390625 0.443359375 0.0048828125 0.0068359375
2 0.662109375 0.4404296875 0.00390625 0.005859375
2 0.6650390625 0.4384765625 0.00390625 0.0048828125
2 0.69140625 0.4375 0.00390625 0.0048828125
2 0.744140625 0.4365234375 0.00390625 0.0048828125
2 0.8056640625 0.435546875 0.00390625 0.005859375
1 0.8134765625 0.4345703125 0.0029296875 0.00390625
1 0.8720703125 0.4345703125 0.00390625 0.0048828125
1 0.939453125 0.4345703125 0.00390625 0.005859375
1 0.2509765625 0.5791015625 0.0634765625 0.0712890625
1 0.4619140625 0.4912109375 0.025390625 0.0283203125
1 0.515625 0.4697265625 0.0146484375 0.0185546875
1 0.5458984375 0.45703125 0.0107421875 0.013671875
1 0.560546875 0.451171875 0.0078125 0.0107421875
1 0.5732421875 0.4462890625 0.005859375 0.0087890625
1 0.5771484375 0.4443359375 0.00390625 0.0068359375
1 0.58203125 0.44140625 0.00390625 0.005859375
1 0.5888671875 0.4404296875 0.00390625 0.005859375
1 0.607421875 0.4384765625 0.00390625 0.005859375
1 0.6455078125 0.4375 0.00390625 0.0048828125
1 0.6982421875 0.4365234375 0.0029296875 0.00390625
1 0.748046875 0.4345703125 0.0029296875 0.0048828125