1 0.3056640625 0.52734375 0.0390625 0.0458984375
1 0.400390625 0.4853515625 0.0205078125 0.0234375
1 0.4365234375 0.470703125 0.0126953125 0.0166015625
1 0.4560546875 0.462890625 0.009765625 0.01171875
1 0.46875 0.4580078125 0.0078125 0.009765625
1 0.4765625 0.4541015625 0.005859375 0.0078125
1 0.4833984375 0.4521484375 0.0048828125 0.0068359375
1 0.4873046875 0.4501953125 0.00390625 0.005859375
1 0.4912109375 0.447265625 0.0029296875 0.00390625
1 0.494140625 0.447265625 0.0029296875 0.0048828125
1 0.4970703125 0.4453125 0.0029296875 0.00390625
1 0.5009765625 0.4443359375 0.0029296875 0.00390625
1 0.517578125 0.4443359375 0.001953125 0.00390625
1 0.546875 0.4443359375 0.001953125 0.00390625
1 0.5791015625 0.4443359375 0.001953125 0.0029296875
1 0.6083984375 0.443359375 0.001953125 0.00390625
1 0.6416015625 0.4443359375 0.001953125 0.0029296875
1 0.6728515625 0.443359375 0.001953125 0.00390625
1 0.703125 0.4443359375 0.001953125 0.00390625
1 0.728515625 0.4453125 0.0029296875 0.00390625
1 0.74609375 0.4453125 0.0029296875 0.00390625
1 0.765625 0.4462890625 0.00390625 0.0048828125
1 0.7890625 0.447265625 0.00390625 0.0048828125
1 0.818359375 0.44921875 0.00390625 0.005859375
1 0.853515625 0.4501953125 0.0048828125 0.005859375
1 0.900390625 0.4521484375 0.005859375 0.0068359375
1 0.9609375 0.455078125 0.0068359375 0.0078125
2 0.880859375 0.5263671875 0.0400390625 0.0439453125
2 0.724609375 0.486328125 0.01953125 0.0234375
2 0.6630859375 0.470703125 0.0126953125 0.0166015625
2 0.6298828125 0.462890625 0.009765625 0.0126953125
2 0.609375 0.4580078125 0.0078125 0.0107421875
2 0.5966796875 0.4541015625 0.005859375 0.0078125
2 0.5869140625 0.4521484375 0.0048828125 0.0078125
2 0.5791015625 0.4501953125 0.00390625 0.005859375
2 0.5732421875 0.4482421875 0.00390625 0.005859375
2 0.568359375 0.447265625 0.00390625 0.0048828125
2 0.564453125 0.447265625 0.0029296875 0.00390625
2 0.560546875 0.4453125 0.0029296875 0.00390625
2 0.556640625 0.4453125 0.001953125 0.00390625
2 0.572265625 0.4443359375 0.001953125 0.00390625
2 0.60546875 0.4443359375 0.0029296875 0.00390625
2 0.64453125 0.4453125 0.0029296875 0.00390625
2 0.6708984375 0.4453125 0.0029296875 0.00390625
2 0.681640625 0.4462890625 0.0029296875 0.00390625
2 0.6962890625 0.447265625 0.00390625 0.0048828125
2 0.7138671875 0.447265625 0.00390625 0.005859375
2 0.7353515625 0.44921875 0.0048828125 0.0068359375
2 0.7607421875 0.4501953125 0.005859375 0.0068359375
2 0.7939453125 0.4521484375 0.005859375 0.0078125
2 0.837890625 0.455078125 0.0078125 0.0087890625
2 0.8994140625 0.4580078125 0.0087890625 0.0107421875
2 0.98828125 0.4638671875 0.01171875 0.013671875