2 0.04296875 0.4521484375 0.013671875 0.015625
2 0.203125 0.44921875 0.0068359375 0.009765625
2 0.3271484375 0.4462890625 0.0078125 0.009765625
2 0.43359375 0.447265625 0.005859375 0.0087890625
2 0.5380859375 0.451171875 0.0078125 0.009765625
2 0.5810546875 0.4580078125 0.009765625 0.0126953125
2 0.6015625 0.4658203125 0.013671875 0.017578125
2 0.6328125 0.478515625 0.017578125 0.0224609375
2 0.7255859375 0.51953125 0.037109375 0.041015625
1 0.14453125 0.478515625 0.01953125 0.0244140625
1 0.1572265625 0.4638671875 0.0146484375 0.017578125
1 0.1962890625 0.4560546875 0.01171875 0.013671875
1 0.2734375 0.4521484375 0.0107421875 0.01171875
1 0.365234375 0.4501953125 0.0087890625 0.0107421875
1 0.4267578125 0.453125 0.0078125 0.0107421875
1 0.455078125 0.45703125 0.009765625 0.0126953125
1 0.4443359375 0.46484375 0.01171875 0.015625
1 0.4248046875 0.4775390625 0.0166015625 0.0205078125
1 0.3759765625 0.5166015625 0.03125 0.0400390625