1 0.3896484375 0.521484375 0.0380859375 0.041015625
2 0.939453125 0.515625 0.0390625 0.04296875
1 0.595703125 0.482421875 0.0205078125 0.0234375
2 0.9453125 0.4775390625 0.0205078125 0.0234375
1 0.7001953125 0.466796875 0.0146484375 0.017578125
2 0.9638671875 0.4638671875 0.0146484375 0.0185546875
1 0.806640625 0.4521484375 0.009765625 0.0126953125
2 0.9716796875 0.4541015625 0.0107421875 0.013671875
1 0.765625 0.4580078125 0.01171875 0.0146484375
1 0.8564453125 0.4443359375 0.0068359375 0.0087890625
1 0.8349609375 0.447265625 0.0078125 0.0107421875
1 0.873046875 0.44140625 0.005859375 0.0078125
1 0.888671875 0.439453125 0.0048828125 0.005859375
1 0.900390625 0.4384765625 0.00390625 0.005859375
1 0.9091796875 0.4365234375 0.00390625 0.0048828125
2 0.978515625 0.4482421875 0.0078125 0.009765625
2 0.98828125 0.4375 0.0048828125 0.0068359375
2 0.984375 0.439453125 0.005859375 0.0078125
2 0.9833984375 0.4453125 0.005859375 0.0078125
1 0.9482421875 0.435546875 0.00390625 0.0048828125