2 0.01171875 0.4541015625 0.0126953125 0.0146484375
2 0.1689453125 0.4501953125 0.01171875 0.01171875
2 0.2529296875 0.447265625 0.0078125 0.009765625
2 0.26171875 0.4443359375 0.005859375 0.0087890625
2 0.2421875 0.4423828125 0.0048828125 0.005859375
2 0.2392578125 0.439453125 0.005859375 0.0068359375
2 0.291015625 0.439453125 0.00390625 0.005859375
2 0.34375 0.4384765625 0.00390625 0.0048828125
2 0.373046875 0.4375 0.0029296875 0.0048828125
2 0.3671875 0.4345703125 0.0029296875 0.00390625
2 0.3505859375 0.43359375 0.0029296875 0.00390625
2 0.3720703125 0.43359375 0.001953125 0.00390625
2 0.4150390625 0.4326171875 0.001953125 0.00390625
2 0.408203125 0.4306640625 0.001953125 0.0029296875
2 0.4267578125 0.4306640625 0.001953125 0.0029296875
2 0.482421875 0.4306640625 0.001953125 0.0029296875
2 0.513671875 0.431640625 0.001953125 0.0029296875
2 0.5224609375 0.43359375 0.001953125 0.00390625
2 0.5234375 0.4345703125 0.001953125 0.00390625
2 0.5283203125 0.4365234375 0.001953125 0.00390625
2 0.5322265625 0.4384765625 0.0029296875 0.00390625
2 0.53515625 0.439453125 0.00390625 0.005859375
2 0.51171875 0.44140625 0.00390625 0.005859375
2 0.4931640625 0.4423828125 0.00390625 0.0068359375
2 0.505859375 0.443359375 0.0048828125 0.0068359375
2 0.541015625 0.4462890625 0.005859375 0.0078125
2 0.5595703125 0.4482421875 0.0078125 0.009765625
2 0.572265625 0.4541015625 0.0087890625 0.0126953125
2 0.595703125 0.4619140625 0.01171875 0.0166015625
2 0.6357421875 0.478515625 0.0185546875 0.0224609375
2 0.724609375 0.5126953125 0.0341796875 0.0380859375
1 0.0498046875 0.4619140625 0.0166015625 0.017578125
1 0.197265625 0.455078125 0.01171875 0.013671875
1 0.3251953125 0.4521484375 0.0087890625 0.01171875
1 0.376953125 0.447265625 0.0078125 0.0107421875
1 0.3369140625 0.443359375 0.0048828125 0.0068359375
1 0.33203125 0.44140625 0.00390625 0.005859375
1 0.3671875 0.4404296875 0.00390625 0.005859375
1 0.419921875 0.439453125 0.00390625 0.0048828125
1 0.4365234375 0.4365234375 0.00390625 0.0048828125
1 0.4072265625 0.435546875 0.0029296875 0.00390625
1 0.3994140625 0.4345703125 0.001953125 0.00390625
1 0.4189453125 0.4345703125 0.001953125 0.00390625
1 0.44921875 0.43359375 0.001953125 0.00390625
1 0.458984375 0.43359375 0.001953125 0.0029296875
1 0.455078125 0.43359375 0.001953125 0.0029296875
1 0.4453125 0.4326171875 0.001953125 0.0029296875
1 0.44140625 0.431640625 0.001953125 0.0029296875
1 0.4501953125 0.4306640625 0.001953125 0.0029296875
1 0.46875 0.431640625 0.001953125 0.0029296875
1 0.484375 0.431640625 0.001953125 0.0029296875
1 0.4931640625 0.43359375 0.0029296875 0.00390625
1 0.4912109375 0.4345703125 0.0029296875 0.00390625
1 0.48828125 0.4375 0.0029296875 0.0048828125
1 0.4814453125 0.439453125 0.00390625 0.005859375
1 0.4453125 0.4404296875 0.00390625 0.005859375
1 0.4296875 0.4423828125 0.00390625 0.005859375
1 0.4326171875 0.443359375 0.0048828125 0.0068359375
1 0.44921875 0.4453125 0.0048828125 0.0078125
1 0.4619140625 0.4482421875 0.0068359375 0.0087890625
1 0.44921875 0.4609375 0.0107421875 0.0146484375
1 0.419921875 0.4775390625 0.0166015625 0.0224609375
1 0.3642578125 0.5107421875 0.0322265625 0.0390625
1 0.4619140625 0.4541015625 0.0078125 0.009765625