1 0.056640625 0.4619140625 0.02734375 0.029296875
1 0.2255859375 0.4541015625 0.01953125 0.0224609375
1 0.333984375 0.4501953125 0.015625 0.0185546875
1 0.4228515625 0.447265625 0.0126953125 0.015625
1 0.533203125 0.447265625 0.0107421875 0.013671875
1 0.6259765625 0.447265625 0.009765625 0.01171875
1 0.767578125 0.4521484375 0.0087890625 0.0107421875
1 0.90625 0.4580078125 0.0078125 0.0107421875
2 0.4541015625 0.556640625 0.0498046875 0.0654296875
2 0.4189453125 0.482421875 0.02734375 0.033203125
2 0.53515625 0.4658203125 0.0166015625 0.0205078125
2 0.6328125 0.4609375 0.0146484375 0.017578125
2 0.7431640625 0.4599609375 0.013671875 0.0166015625
2 0.896484375 0.46484375 0.0126953125 0.0146484375