1 0.255859375 0.5263671875 0.0400390625 0.0439453125
2 0.77734375 0.5283203125 0.0419921875 0.0458984375
2 0.583984375 0.474609375 0.013671875 0.0185546875
2 0.6298828125 0.4892578125 0.021484375 0.025390625
1 0.349609375 0.482421875 0.0185546875 0.021484375
1 0.408203125 0.46875 0.01171875 0.0146484375
2 0.6123046875 0.46484375 0.0107421875 0.013671875
1 0.466796875 0.462890625 0.0087890625 0.01171875
2 0.6796875 0.458984375 0.0087890625 0.0107421875
2 0.974609375 0.4501953125 0.0078125 0.0087890625
1 0.5380859375 0.458984375 0.0078125 0.0107421875
1 0.533203125 0.447265625 0.00390625 0.005859375
1 0.4853515625 0.447265625 0.0029296875 0.0048828125
2 0.728515625 0.4560546875 0.0078125 0.009765625
1 0.609375 0.455078125 0.0068359375 0.0087890625
1 0.4765625 0.4443359375 0.0029296875 0.00390625
1 0.6494140625 0.4501953125 0.005859375 0.0078125
1 0.6171875 0.4482421875 0.0048828125 0.0068359375
2 0.7685546875 0.453125 0.0068359375 0.0087890625
2 0.693359375 0.447265625 0.0048828125 0.005859375
2 0.728515625 0.4482421875 0.0048828125 0.0068359375
2 0.7607421875 0.4501953125 0.005859375 0.0078125
2 0.82421875 0.4462890625 0.0048828125 0.0068359375
1 0.6591796875 0.4521484375 0.005859375 0.0078125
2 0.5966796875 0.4462890625 0.00390625 0.0048828125
2 0.546875 0.4462890625 0.00390625 0.0048828125
2 0.7001953125 0.443359375 0.0029296875 0.0048828125
1 0.8115234375 0.443359375 0.00390625 0.005859375
2 0.751953125 0.4453125 0.00390625 0.005859375
1 0.57421875 0.447265625 0.00390625 0.005859375
2 0.501953125 0.4462890625 0.0029296875 0.0048828125
2 0.72265625 0.4443359375 0.00390625 0.0048828125
1 0.4453125 0.4443359375 0.0029296875 0.00390625
1 0.447265625 0.447265625 0.00390625 0.0048828125
1 0.41796875 0.4462890625 0.0029296875 0.0048828125
2 0.48828125 0.4453125 0.0029296875 0.00390625
2 0.525390625 0.4443359375 0.0029296875 0.00390625
2 0.568359375 0.443359375 0.0029296875 0.00390625
2 0.6796875 0.443359375 0.0029296875 0.00390625
1 0.4228515625 0.447265625 0.00390625 0.0048828125
2 0.46875 0.4453125 0.0029296875 0.0048828125
2 0.6083984375 0.443359375 0.001953125 0.00390625
2 0.78125 0.4453125 0.00390625 0.005859375
1 0.580078125 0.4423828125 0.0029296875 0.00390625
2 0.47265625 0.4462890625 0.00390625 0.0048828125
1 0.970703125 0.447265625 0.0048828125 0.005859375
1 0.513671875 0.4443359375 0.001953125 0.00390625
1 0.62109375 0.4423828125 0.001953125 0.0029296875
1 0.7041015625 0.4423828125 0.001953125 0.00390625
2 0.8828125 0.4482421875 0.0048828125 0.0068359375
2 0.650390625 0.443359375 0.0029296875 0.0048828125
1 0.673828125 0.44140625 0.0029296875 0.00390625
1 0.7763671875 0.443359375 0.00390625 0.0107421875
1 0.7841796875 0.443359375 0.005859375 0.0107421875