1 0.0078125 0.4072265625 0.005859375 0.0068359375
1 0.03515625 0.40234375 0.0029296875 0.00390625
1 0.0673828125 0.4033203125 0.0029296875 0.00390625
1 0.1103515625 0.4052734375 0.0029296875 0.00390625
1 0.2021484375 0.408203125 0.0029296875 0.00390625
1 0.23828125 0.41015625 0.001953125 0.0029296875
1 0.2724609375 0.412109375 0.001953125 0.0029296875
1 0.296875 0.4130859375 0.001953125 0.0029296875
1 0.314453125 0.4150390625 0.001953125 0.0029296875
1 0.345703125 0.4169921875 0.0029296875 0.0029296875
1 0.37109375 0.41796875 0.001953125 0.00390625
1 0.4091796875 0.421875 0.00390625 0.00390625
1 0.439453125 0.423828125 0.0029296875 0.0048828125
1 0.4453125 0.42578125 0.00390625 0.005859375
1 0.4326171875 0.42578125 0.00390625 0.005859375
1 0.408203125 0.427734375 0.0048828125 0.0078125
1 0.3818359375 0.4296875 0.0068359375 0.0087890625
1 0.4140625 0.43359375 0.0078125 0.009765625
1 0.5 0.439453125 0.0087890625 0.0107421875
1 0.6279296875 0.4482421875 0.0107421875 0.0126953125
1 0.9375 0.4638671875 0.01171875 0.013671875
1 0.76953125 0.455078125 0.01171875 0.013671875
2 0.2783203125 0.5029296875 0.037109375 0.0439453125
2 0.1572265625 0.458984375 0.0234375 0.02734375
2 0.07421875 0.4306640625 0.0126953125 0.0166015625
2 0.0517578125 0.4228515625 0.0107421875 0.0126953125
2 0.03515625 0.4169921875 0.0078125 0.0107421875
2 0.025390625 0.4130859375 0.0068359375 0.0087890625
2 0.037109375 0.4111328125 0.0068359375 0.0087890625
2 0.0947265625 0.4111328125 0.0048828125 0.0068359375
2 0.1005859375 0.41015625 0.00390625 0.005859375
2 0.05859375 0.4072265625 0.0048828125 0.005859375
2 0.001953125 0.404296875 0.00390625 0.005859375
2 0.017578125 0.40234375 0.00390625 0.0048828125
2 0.0634765625 0.404296875 0.0029296875 0.00390625
2 0.1044921875 0.4052734375 0.0029296875 0.00390625
2 0.1513671875 0.4072265625 0.00390625 0.00390625
2 0.1953125 0.4091796875 0.0029296875 0.00390625
2 0.951171875 0.4736328125 0.017578125 0.0185546875
2 0.7041015625 0.4609375 0.013671875 0.0185546875
2 0.5048828125 0.4501953125 0.0126953125 0.0166015625
2 0.3720703125 0.439453125 0.009765625 0.013671875
2 0.2998046875 0.4326171875 0.0087890625 0.0126953125
2 0.26171875 0.427734375 0.0078125 0.0107421875
2 0.2685546875 0.4248046875 0.0068359375 0.0087890625
2 0.3095703125 0.423828125 0.005859375 0.0078125
2 0.3408203125 0.4228515625 0.0048828125 0.0068359375
2 0.3662109375 0.421875 0.00390625 0.005859375
2 0.359375 0.419921875 0.00390625 0.0048828125
2 0.3359375 0.41796875 0.00390625 0.0048828125
2 0.310546875 0.416015625 0.0029296875 0.0048828125
2 0.287109375 0.4150390625 0.0029296875 0.00390625
2 0.2646484375 0.4130859375 0.0029296875 0.00390625
2 0.248046875 0.4111328125 0.0029296875 0.00390625
2 0.2236328125 0.41015625 0.0029296875 0.00390625
0 0.1083984375 0.4345703125 0.01953125 0.0322265625
0 0.1181640625 0.4365234375 0.0224609375 0.0341796875
2 0.111328125 0.44140625 0.0146484375 0.0185546875