2 0.9140625 0.4560546875 0.025390625 0.0283203125
2 0.8173828125 0.4404296875 0.0166015625 0.01953125
1 0.638671875 0.51171875 0.0419921875 0.0478515625
2 0.7939453125 0.4306640625 0.01171875 0.0146484375
2 0.8193359375 0.423828125 0.009765625 0.0107421875
2 0.859375 0.4189453125 0.0078125 0.009765625
1 0.6103515625 0.462890625 0.01953125 0.0244140625
2 0.8896484375 0.4140625 0.0068359375 0.0087890625
1 0.8251953125 0.4130859375 0.005859375 0.0068359375
1 0.5986328125 0.4443359375 0.0126953125 0.0166015625
2 0.958984375 0.4033203125 0.00390625 0.005859375
1 0.849609375 0.41015625 0.0048828125 0.0068359375
1 0.7001953125 0.4267578125 0.0087890625 0.0107421875
2 0.9140625 0.41015625 0.005859375 0.0078125
1 0.7919921875 0.416015625 0.005859375 0.0068359375
1 0.7548828125 0.4208984375 0.0078125 0.0087890625
2 0.986328125 0.400390625 0.00390625 0.0048828125
2 0.947265625 0.4052734375 0.0048828125 0.0068359375
2 0.970703125 0.40234375 0.00390625 0.005859375
1 0.873046875 0.4072265625 0.00390625 0.005859375
2 0.9326171875 0.4072265625 0.0048828125 0.0078125
1 0.6376953125 0.43359375 0.009765625 0.0126953125
1 0.8994140625 0.404296875 0.00390625 0.0048828125
1 0.884765625 0.4052734375 0.00390625 0.0048828125
1 0.9833984375 0.3994140625 0.0029296875 0.00390625
1 0.9140625 0.4033203125 0.00390625 0.0048828125
1 0.939453125 0.4013671875 0.0029296875 0.00390625