2 0.7626953125 0.517578125 0.0390625 0.04296875
2 0.6904296875 0.4794921875 0.0205078125 0.0234375
2 0.6279296875 0.46484375 0.013671875 0.0166015625
2 0.5615234375 0.4580078125 0.0107421875 0.013671875
2 0.466796875 0.453125 0.0087890625 0.0107421875
2 0.3779296875 0.4521484375 0.0078125 0.009765625
2 0.2958984375 0.451171875 0.005859375 0.0087890625
2 0.216796875 0.4501953125 0.005859375 0.0087890625
2 0.1806640625 0.4482421875 0.005859375 0.0078125
2 0.171875 0.447265625 0.00390625 0.0068359375
2 0.1669921875 0.4443359375 0.00390625 0.005859375
2 0.1640625 0.4423828125 0.00390625 0.00390625
2 0.16015625 0.439453125 0.0029296875 0.00390625
2 0.166015625 0.4404296875 0.0029296875 0.00390625
2 0.18359375 0.4384765625 0.0029296875 0.00390625
2 0.216796875 0.4384765625 0.001953125 0.0029296875
2 0.2509765625 0.4375 0.001953125 0.0029296875
2 0.2822265625 0.4375 0.001953125 0.0029296875
2 0.2890625 0.4384765625 0.001953125 0.00390625
2 0.2783203125 0.439453125 0.0029296875 0.00390625
2 0.2548828125 0.4404296875 0.001953125 0.00390625
2 0.2353515625 0.4404296875 0.0029296875 0.00390625
2 0.2216796875 0.44140625 0.0029296875 0.00390625
2 0.224609375 0.4423828125 0.00390625 0.0048828125
2 0.2373046875 0.443359375 0.0029296875 0.0048828125
2 0.2734375 0.443359375 0.00390625 0.005859375
2 0.322265625 0.443359375 0.00390625 0.005859375
2 0.3720703125 0.443359375 0.0048828125 0.005859375
2 0.4267578125 0.4443359375 0.005859375 0.0078125
2 0.4677734375 0.4453125 0.005859375 0.0078125
2 0.515625 0.447265625 0.0068359375 0.0087890625
2 0.5791015625 0.4501953125 0.0078125 0.0087890625
2 0.6611328125 0.453125 0.009765625 0.01171875
2 0.7890625 0.4580078125 0.01171875 0.013671875
2 0.984375 0.4658203125 0.0185546875 0.0185546875
1 0.296875 0.5380859375 0.0419921875 0.05078125
1 0.4169921875 0.486328125 0.021484375 0.025390625
1 0.4267578125 0.466796875 0.0126953125 0.017578125
1 0.3681640625 0.458984375 0.0107421875 0.013671875
1 0.3017578125 0.4560546875 0.0087890625 0.01171875
1 0.189453125 0.455078125 0.0078125 0.0107421875
1 0.1123046875 0.453125 0.0068359375 0.0087890625
1 0.072265625 0.4521484375 0.0068359375 0.0087890625
1 0.0693359375 0.44921875 0.0048828125 0.0068359375
1 0.078125 0.4482421875 0.00390625 0.0068359375
1 0.0859375 0.4462890625 0.00390625 0.005859375
1 0.091796875 0.4453125 0.00390625 0.0048828125
1 0.095703125 0.443359375 0.00390625 0.0048828125
1 0.1025390625 0.4423828125 0.0029296875 0.0029296875
1 0.10546875 0.44140625 0.00390625 0.0029296875
1 0.111328125 0.4404296875 0.001953125 0.0029296875
1 0.1328125 0.439453125 0.001953125 0.0029296875
1 0.2060546875 0.4375 0.001953125 0.0029296875
1 0.29296875 0.4375 0.001953125 0.0029296875
1 0.3154296875 0.4375 0.001953125 0.0029296875
1 0.328125 0.4375 0.0029296875 0.00390625
1 0.33984375 0.4375 0.001953125 0.00390625
1 0.3251953125 0.4384765625 0.0029296875 0.00390625
1 0.306640625 0.439453125 0.0029296875 0.00390625
1 0.287109375 0.44140625 0.0029296875 0.0048828125
1 0.28125 0.44140625 0.0029296875 0.00390625
1 0.3173828125 0.44140625 0.00390625 0.0048828125
1 0.3681640625 0.44140625 0.00390625 0.005859375
1 0.427734375 0.4404296875 0.00390625 0.0048828125
1 0.4853515625 0.4423828125 0.0048828125 0.005859375
1 0.52734375 0.443359375 0.0048828125 0.0068359375
1 0.5830078125 0.4453125 0.005859375 0.0078125
1 0.6474609375 0.447265625 0.0068359375 0.0078125
1 0.744140625 0.4501953125 0.0087890625 0.009765625
1 0.8837890625 0.453125 0.01171875 0.0126953125