1 0.53125 0.4287109375 0.00390625 0.005859375
1 0.587890625 0.4326171875 0.0048828125 0.0068359375
1 0.6650390625 0.4375 0.005859375 0.0078125
1 0.7724609375 0.4453125 0.0068359375 0.0087890625
1 0.8984375 0.4541015625 0.0087890625 0.0107421875
1 0.01171875 0.4619140625 0.0234375 0.0302734375
1 0.185546875 0.447265625 0.017578125 0.021484375
1 0.302734375 0.439453125 0.01171875 0.0146484375
1 0.361328125 0.4345703125 0.0087890625 0.01171875
1 0.333984375 0.4287109375 0.0078125 0.009765625
1 0.27734375 0.423828125 0.0078125 0.0087890625
1 0.208984375 0.4189453125 0.0068359375 0.0078125
1 0.4892578125 0.42578125 0.00390625 0.005859375
1 0.44921875 0.4228515625 0.00390625 0.0048828125
1 0.416015625 0.4208984375 0.0029296875 0.0048828125
1 0.357421875 0.4169921875 0.0029296875 0.00390625
1 0.3203125 0.4150390625 0.0029296875 0.00390625
1 0.2548828125 0.412109375 0.0029296875 0.00390625
1 0.19921875 0.41015625 0.0029296875 0.00390625
1 0.1533203125 0.408203125 0.00390625 0.0048828125
1 0.1015625 0.40625 0.00390625 0.0048828125
1 0.0400390625 0.404296875 0.00390625 0.005859375
1 0.0556640625 0.4111328125 0.0068359375 0.0078125
1 0.1396484375 0.4150390625 0.005859375 0.0078125
2 0.333984375 0.4169921875 0.00390625 0.005859375
2 0.361328125 0.4189453125 0.00390625 0.0048828125
2 0.390625 0.4208984375 0.00390625 0.005859375
2 0.4296875 0.423828125 0.0048828125 0.0068359375
2 0.46875 0.4267578125 0.0048828125 0.005859375
2 0.5234375 0.431640625 0.005859375 0.0078125
2 0.5966796875 0.4365234375 0.005859375 0.0087890625
2 0.7060546875 0.4453125 0.0078125 0.0107421875
2 0.845703125 0.455078125 0.009765625 0.0126953125
2 0.9912109375 0.466796875 0.013671875 0.0146484375
2 0.2958984375 0.4140625 0.00390625 0.005859375
2 0.2421875 0.412109375 0.00390625 0.0048828125
2 0.1865234375 0.41015625 0.00390625 0.0048828125
2 0.12109375 0.408203125 0.0048828125 0.005859375
2 0.060546875 0.4072265625 0.0048828125 0.005859375
2 0.0234375 0.40625 0.0048828125 0.0068359375
2 0.0322265625 0.4072265625 0.0048828125 0.0068359375
2 0.0849609375 0.41015625 0.005859375 0.0078125
2 0.16015625 0.4140625 0.005859375 0.0068359375
2 0.2392578125 0.4169921875 0.005859375 0.0078125
2 0.3154296875 0.421875 0.005859375 0.0078125
2 0.376953125 0.42578125 0.005859375 0.0078125
2 0.4306640625 0.4306640625 0.0068359375 0.0087890625
2 0.4833984375 0.435546875 0.0078125 0.009765625
2 0.513671875 0.44140625 0.009765625 0.0126953125
2 0.4873046875 0.447265625 0.01171875 0.0146484375
2 0.4521484375 0.455078125 0.0146484375 0.01953125
2 0.3916015625 0.4765625 0.025390625 0.029296875
2 0.47265625 0.5517578125 0.0546875 0.064453125
0 0.4638671875 0.4248046875 0.00390625 0.0126953125
0 0.4736328125 0.42578125 0.005859375 0.01171875
0 0.5283203125 0.4267578125 0.0048828125 0.01171875
0 0.5361328125 0.4267578125 0.005859375 0.01171875