2 0.0634765625 0.4521484375 0.0244140625 0.02734375
2 0.23828125 0.482421875 0.03515625 0.0380859375
2 0.470703125 0.4541015625 0.0185546875 0.0224609375
2 0.2548828125 0.439453125 0.0166015625 0.01953125
2 0.7529296875 0.4755859375 0.0224609375 0.025390625
1 0.212890625 0.423828125 0.0107421875 0.0126953125
2 0.09765625 0.427734375 0.013671875 0.0166015625
1 0.8134765625 0.4619140625 0.015625 0.0185546875
2 0.5498046875 0.5859375 0.0673828125 0.0751953125
1 0.3623046875 0.43359375 0.01171875 0.013671875
1 0.1005859375 0.4130859375 0.005859375 0.0048828125
1 0.546875 0.439453125 0.005859375 0.005859375