2 0.283203125 0.49609375 0.03515625 0.0419921875
2 0.0869140625 0.46875 0.0341796875 0.03515625
2 0.7138671875 0.4873046875 0.02734375 0.03125
2 0.4013671875 0.4580078125 0.0205078125 0.0234375
2 0.18359375 0.4384765625 0.0185546875 0.0205078125
1 0.3701171875 0.4365234375 0.0126953125 0.0146484375
1 0.1357421875 0.4189453125 0.0107421875 0.01171875
2 0.0302734375 0.4248046875 0.015625 0.0166015625
1 0.244140625 0.4267578125 0.01171875 0.013671875
2 0.654296875 0.5966796875 0.0419921875 0.052734375
1 0.05078125 0.4130859375 0.009765625 0.0107421875
1 0.5302734375 0.4482421875 0.0126953125 0.0166015625
1 0.7646484375 0.4658203125 0.0166015625 0.01953125