1 0.076171875 0.4150390625 0.01171875 0.01171875
1 0.201171875 0.4189453125 0.0087890625 0.0107421875
1 0.2880859375 0.4208984375 0.0087890625 0.0107421875
1 0.3857421875 0.42578125 0.0087890625 0.0107421875
1 0.462890625 0.4306640625 0.0087890625 0.0107421875
1 0.560546875 0.4384765625 0.0087890625 0.01171875
1 0.677734375 0.4482421875 0.0107421875 0.0126953125
1 0.7919921875 0.45703125 0.0126953125 0.0146484375
1 0.9736328125 0.4736328125 0.0126953125 0.0146484375
2 0.42578125 0.544921875 0.0517578125 0.0615234375
2 0.2314453125 0.4677734375 0.02734375 0.03125
2 0.00390625 0.4501953125 0.0078125 0.02734375
2 0.0615234375 0.4228515625 0.0146484375 0.0166015625
2 0.2255859375 0.4267578125 0.0107421875 0.013671875
2 0.3369140625 0.431640625 0.0107421875 0.0146484375
2 0.44921875 0.4384765625 0.01171875 0.015625
2 0.5712890625 0.44921875 0.013671875 0.017578125
2 0.734375 0.46484375 0.017578125 0.0205078125
2 0.9794921875 0.486328125 0.0224609375 0.0244140625