2 0.3447265625 0.435546875 0.001953125 0.0029296875
2 0.361328125 0.435546875 0.001953125 0.0029296875
2 0.349609375 0.4365234375 0.001953125 0.0029296875
2 0.333984375 0.4365234375 0.0029296875 0.00390625
2 0.3115234375 0.4375 0.0029296875 0.00390625
2 0.2919921875 0.4384765625 0.0029296875 0.00390625
2 0.2861328125 0.439453125 0.00390625 0.0048828125
2 0.2998046875 0.4404296875 0.00390625 0.005859375
2 0.3349609375 0.44140625 0.00390625 0.005859375
2 0.3818359375 0.44140625 0.00390625 0.005859375
2 0.439453125 0.44140625 0.0048828125 0.005859375
2 0.4814453125 0.44140625 0.0048828125 0.0068359375
2 0.5244140625 0.443359375 0.005859375 0.0078125
2 0.56640625 0.4453125 0.005859375 0.0087890625
2 0.63671875 0.4482421875 0.0087890625 0.0107421875
2 0.73828125 0.453125 0.0107421875 0.013671875
2 0.890625 0.4599609375 0.015625 0.0166015625
2 0.8056640625 0.5009765625 0.029296875 0.03515625
2 0.712890625 0.4716796875 0.017578125 0.021484375
2 0.65625 0.4599609375 0.0126953125 0.015625
2 0.59375 0.455078125 0.0107421875 0.013671875
2 0.529296875 0.4521484375 0.0087890625 0.01171875
2 0.4365234375 0.4501953125 0.0078125 0.0107421875
2 0.349609375 0.4482421875 0.0068359375 0.009765625
2 0.2841796875 0.4482421875 0.0068359375 0.0087890625
2 0.236328125 0.4462890625 0.005859375 0.0087890625
2 0.22265625 0.4453125 0.005859375 0.0078125
2 0.2255859375 0.4404296875 0.00390625 0.005859375
2 0.23046875 0.4375 0.0029296875 0.00390625
2 0.2490234375 0.4365234375 0.001953125 0.0029296875
2 0.2822265625 0.435546875 0.001953125 0.0029296875
2 0.31640625 0.4345703125 0.001953125 0.00390625
1 0.3251953125 0.4345703125 0.001953125 0.0029296875
1 0.3525390625 0.435546875 0.001953125 0.0029296875
1 0.400390625 0.4345703125 0.001953125 0.0029296875
1 0.4033203125 0.4345703125 0.001953125 0.0029296875
1 0.390625 0.435546875 0.001953125 0.00390625
1 0.3759765625 0.4365234375 0.001953125 0.0029296875
1 0.357421875 0.4375 0.001953125 0.0029296875
1 0.3447265625 0.4384765625 0.0029296875 0.00390625
1 0.3525390625 0.439453125 0.0029296875 0.00390625
1 0.376953125 0.439453125 0.0029296875 0.0048828125
1 0.4345703125 0.439453125 0.00390625 0.005859375
1 0.4853515625 0.4384765625 0.00390625 0.0048828125
1 0.5283203125 0.439453125 0.00390625 0.005859375
1 0.572265625 0.4404296875 0.0048828125 0.005859375
1 0.6171875 0.4423828125 0.005859375 0.0078125
1 0.6767578125 0.4443359375 0.0068359375 0.0087890625
1 0.7509765625 0.4462890625 0.0068359375 0.0087890625
1 0.853515625 0.44921875 0.0107421875 0.01171875
1 0.375 0.5244140625 0.037109375 0.0439453125
1 0.4794921875 0.4775390625 0.0166015625 0.021484375
1 0.46875 0.46484375 0.0126953125 0.0166015625
1 0.4296875 0.4580078125 0.009765625 0.0126953125
1 0.3505859375 0.455078125 0.0078125 0.0107421875
1 0.2548828125 0.4521484375 0.0078125 0.0107421875
1 0.1728515625 0.451171875 0.0068359375 0.0087890625
1 0.134765625 0.44921875 0.0068359375 0.0078125
1 0.1416015625 0.4462890625 0.0048828125 0.0068359375
1 0.150390625 0.4443359375 0.00390625 0.005859375
1 0.1572265625 0.443359375 0.00390625 0.005859375
1 0.1640625 0.44140625 0.00390625 0.0048828125
1 0.16796875 0.4404296875 0.0029296875 0.0048828125
1 0.173828125 0.439453125 0.0029296875 0.00390625
1 0.177734375 0.4384765625 0.0029296875 0.00390625
1 0.181640625 0.4375 0.001953125 0.0029296875
1 0.220703125 0.4365234375 0.001953125 0.0029296875
1 0.2568359375 0.435546875 0.001953125 0.0029296875
1 0.2880859375 0.435546875 0.001953125 0.0029296875