2 0.953125 0.4423828125 0.005859375 0.0078125
2 0.9091796875 0.4443359375 0.005859375 0.0078125
2 0.890625 0.4462890625 0.0078125 0.009765625
2 0.9130859375 0.451171875 0.0087890625 0.0107421875
2 0.998046875 0.4580078125 0.0029296875 0.013671875
2 0.724609375 0.51171875 0.0341796875 0.0380859375
2 0.66015625 0.4765625 0.017578125 0.0224609375
2 0.685546875 0.4638671875 0.0126953125 0.0166015625
2 0.7255859375 0.4560546875 0.009765625 0.0126953125
2 0.7509765625 0.4501953125 0.0078125 0.0107421875
2 0.7705078125 0.4462890625 0.0068359375 0.0087890625
2 0.7841796875 0.443359375 0.005859375 0.0078125
2 0.794921875 0.44140625 0.0048828125 0.0068359375
2 0.8017578125 0.4404296875 0.00390625 0.005859375
2 0.8095703125 0.4384765625 0.00390625 0.005859375
2 0.8212890625 0.4375 0.00390625 0.0048828125
2 0.853515625 0.4365234375 0.00390625 0.0048828125
2 0.908203125 0.4365234375 0.0029296875 0.00390625
2 0.970703125 0.4365234375 0.0029296875 0.0048828125
1 0.98828125 0.435546875 0.0029296875 0.00390625
1 0.310546875 0.5029296875 0.0283203125 0.0341796875
1 0.4287109375 0.47265625 0.015625 0.01953125
1 0.5283203125 0.4609375 0.01171875 0.0146484375
1 0.599609375 0.4541015625 0.0087890625 0.01171875
1 0.642578125 0.44921875 0.0078125 0.009765625
1 0.67578125 0.4462890625 0.0068359375 0.0078125
1 0.69921875 0.443359375 0.005859375 0.0068359375
1 0.7197265625 0.44140625 0.00390625 0.005859375
1 0.7294921875 0.439453125 0.00390625 0.005859375
1 0.7421875 0.4384765625 0.00390625 0.005859375
1 0.75390625 0.4375 0.0029296875 0.0048828125
1 0.775390625 0.4365234375 0.0029296875 0.00390625
1 0.814453125 0.435546875 0.0029296875 0.00390625
1 0.869140625 0.435546875 0.0029296875 0.00390625
1 0.9208984375 0.435546875 0.0029296875 0.0048828125