2 0.8623046875 0.5478515625 0.052734375 0.05859375
2 0.6591796875 0.4892578125 0.0234375 0.02734375
2 0.5439453125 0.47265625 0.015625 0.0205078125
2 0.4130859375 0.462890625 0.01171875 0.0146484375
2 0.298828125 0.4599609375 0.009765625 0.0126953125
2 0.193359375 0.4580078125 0.0087890625 0.01171875
2 0.0947265625 0.45703125 0.0087890625 0.0107421875
2 0.056640625 0.4541015625 0.0078125 0.0107421875
2 0.0634765625 0.44921875 0.0048828125 0.0068359375
2 0.068359375 0.447265625 0.00390625 0.005859375
2 0.072265625 0.4453125 0.00390625 0.0048828125
2 0.076171875 0.4443359375 0.00390625 0.0048828125
2 0.080078125 0.44140625 0.0029296875 0.00390625
2 0.0908203125 0.44140625 0.001953125 0.00390625
2 0.11328125 0.4404296875 0.0029296875 0.00390625
2 0.1513671875 0.439453125 0.001953125 0.00390625
2 0.2255859375 0.439453125 0.001953125 0.0029296875
2 0.232421875 0.439453125 0.0029296875 0.00390625
2 0.2314453125 0.4404296875 0.001953125 0.00390625
2 0.216796875 0.4404296875 0.0029296875 0.00390625
2 0.1875 0.4423828125 0.0029296875 0.00390625
2 0.162109375 0.443359375 0.0029296875 0.0048828125
2 0.1435546875 0.4443359375 0.00390625 0.005859375
2 0.1572265625 0.4453125 0.00390625 0.005859375
2 0.1982421875 0.4462890625 0.0048828125 0.0068359375
2 0.25390625 0.4462890625 0.0048828125 0.0068359375
2 0.3125 0.447265625 0.0048828125 0.0068359375
2 0.375 0.447265625 0.005859375 0.0078125
2 0.423828125 0.44921875 0.0068359375 0.0087890625
2 0.48046875 0.4521484375 0.0078125 0.0107421875
2 0.5615234375 0.45703125 0.009765625 0.0126953125
2 0.677734375 0.462890625 0.013671875 0.0166015625
2 0.8818359375 0.4736328125 0.0205078125 0.021484375
1 0.205078125 0.5810546875 0.0615234375 0.0673828125
1 0.322265625 0.4951171875 0.025390625 0.029296875
1 0.259765625 0.4736328125 0.0166015625 0.0185546875
1 0.1796875 0.466796875 0.0126953125 0.015625
1 0.029296875 0.4638671875 0.0126953125 0.0146484375
1 0.0048828125 0.4443359375 0.00390625 0.0048828125
1 0.013671875 0.443359375 0.0029296875 0.00390625
1 0.0205078125 0.4423828125 0.0029296875 0.00390625
1 0.0263671875 0.44140625 0.001953125 0.0029296875
1 0.0537109375 0.4404296875 0.001953125 0.0029296875
1 0.1416015625 0.439453125 0.0029296875 0.0029296875
1 0.19140625 0.439453125 0.001953125 0.001953125
1 0.2392578125 0.4384765625 0.001953125 0.0029296875
1 0.263671875 0.4384765625 0.001953125 0.0029296875
1 0.2783203125 0.4384765625 0.001953125 0.0029296875
1 0.2880859375 0.439453125 0.001953125 0.0029296875
1 0.2705078125 0.4404296875 0.001953125 0.00390625
1 0.248046875 0.44140625 0.0029296875 0.00390625
1 0.2216796875 0.44140625 0.0029296875 0.0048828125
1 0.2138671875 0.443359375 0.0029296875 0.0048828125
1 0.21875 0.443359375 0.00390625 0.0048828125
1 0.3115234375 0.4423828125 0.00390625 0.00390625
1 0.3798828125 0.4443359375 0.0048828125 0.0068359375
1 0.4462890625 0.4453125 0.005859375 0.0068359375
1 0.4951171875 0.447265625 0.005859375 0.0078125
1 0.5625 0.447265625 0.0048828125 0.0048828125
1 0.6455078125 0.453125 0.0087890625 0.0107421875
1 0.7783203125 0.4580078125 0.01171875 0.013671875
1 0.990234375 0.46484375 0.017578125 0.0185546875