2 0.970703125 0.4443359375 0.025390625 0.0244140625
1 0.783203125 0.5048828125 0.04296875 0.0478515625
2 0.6767578125 0.4326171875 0.01171875 0.0146484375
1 0.5888671875 0.447265625 0.015625 0.0185546875
1 0.6962890625 0.462890625 0.0234375 0.02734375
2 0.904296875 0.4189453125 0.009765625 0.0126953125
2 0.5595703125 0.431640625 0.0087890625 0.0126953125
2 0.802734375 0.435546875 0.0146484375 0.0185546875
1 0.9296875 0.412109375 0.0087890625 0.009765625
1 0.412109375 0.4404296875 0.009765625 0.0126953125
1 0.4921875 0.44140625 0.0107421875 0.0146484375
1 0.2685546875 0.4404296875 0.0078125 0.0087890625
2 0.8173828125 0.41796875 0.0078125 0.009765625
1 0.330078125 0.4404296875 0.0078125 0.0107421875
1 0.8583984375 0.412109375 0.0068359375 0.0078125
2 0.396484375 0.4287109375 0.005859375 0.0068359375
2 0.46484375 0.4326171875 0.0078125 0.009765625
2 0.3525390625 0.431640625 0.005859375 0.0078125
1 0.3310546875 0.4306640625 0.0048828125 0.005859375
1 0.5048828125 0.4208984375 0.00390625 0.005859375
2 0.388671875 0.43359375 0.0068359375 0.0087890625
1 0.2548828125 0.4365234375 0.005859375 0.0078125
2 0.599609375 0.4189453125 0.00390625 0.005859375
2 0.7197265625 0.416015625 0.005859375 0.0078125
2 0.66796875 0.416015625 0.0048828125 0.0068359375
1 0.244140625 0.439453125 0.005859375 0.0087890625
2 0.76171875 0.4169921875 0.005859375 0.0078125
1 0.279296875 0.43359375 0.005859375 0.0078125
2 0.3486328125 0.43359375 0.0068359375 0.0087890625
1 0.4501953125 0.423828125 0.00390625 0.005859375
1 0.5556640625 0.4189453125 0.00390625 0.005859375
1 0.388671875 0.427734375 0.00390625 0.005859375
2 0.5341796875 0.4208984375 0.00390625 0.005859375
1 0.7568359375 0.4130859375 0.00390625 0.005859375
2 0.4619140625 0.4248046875 0.0048828125 0.0068359375
1 0.7041015625 0.4140625 0.00390625 0.005859375
1 0.6201171875 0.4169921875 0.00390625 0.005859375
0 0.9951171875 0.416015625 0.0087890625 0.025390625
1 0.7998046875 0.412109375 0.005859375 0.0078125