2 0.7734375 0.505859375 0.03125 0.03515625
2 0.671875 0.47265625 0.015625 0.0205078125
2 0.6337890625 0.4609375 0.0107421875 0.0146484375
2 0.6142578125 0.4541015625 0.0087890625 0.0107421875
2 0.5986328125 0.44921875 0.0068359375 0.0087890625
2 0.587890625 0.447265625 0.0048828125 0.0068359375
2 0.5830078125 0.4443359375 0.00390625 0.0068359375
2 0.58984375 0.4423828125 0.00390625 0.005859375
2 0.61328125 0.44140625 0.00390625 0.005859375
2 0.662109375 0.4404296875 0.00390625 0.0048828125
2 0.7197265625 0.4404296875 0.00390625 0.005859375
2 0.82421875 0.44140625 0.00390625 0.0068359375
2 0.822265625 0.4453125 0.005859375 0.0087890625
2 0.79296875 0.4482421875 0.0068359375 0.0087890625
2 0.7744140625 0.4521484375 0.0078125 0.0107421875
2 0.767578125 0.45703125 0.0107421875 0.0126953125
2 0.810546875 0.4619140625 0.0126953125 0.015625
2 0.90234375 0.4697265625 0.017578125 0.01953125
1 0.232421875 0.5615234375 0.0556640625 0.0625
1 0.3955078125 0.4921875 0.0234375 0.0283203125
1 0.4453125 0.4716796875 0.0146484375 0.0185546875
1 0.4677734375 0.4619140625 0.0107421875 0.013671875
1 0.482421875 0.455078125 0.0078125 0.0107421875
1 0.4912109375 0.4501953125 0.005859375 0.0087890625
1 0.5 0.447265625 0.0048828125 0.0078125
1 0.505859375 0.4443359375 0.00390625 0.0068359375
1 0.509765625 0.443359375 0.00390625 0.005859375
1 0.5400390625 0.44140625 0.0048828125 0.0048828125
1 0.5810546875 0.4404296875 0.0029296875 0.00390625
1 0.640625 0.439453125 0.00390625 0.0048828125
1 0.7099609375 0.439453125 0.0029296875 0.0048828125
1 0.787109375 0.439453125 0.00390625 0.0048828125
1 0.8427734375 0.439453125 0.00390625 0.005859375
1 0.8955078125 0.44140625 0.005859375 0.005859375
1 0.947265625 0.443359375 0.005859375 0.0068359375
1 0.9375 0.4453125 0.0068359375 0.0087890625
1 0.919921875 0.447265625 0.0078125 0.0087890625
1 0.9140625 0.4521484375 0.0087890625 0.0107421875
1 0.9443359375 0.45703125 0.0126953125 0.013671875