1 0.1015625 0.4755859375 0.0322265625 0.033203125
1 0.3076171875 0.4541015625 0.017578125 0.0205078125
1 0.419921875 0.4462890625 0.0126953125 0.015625
1 0.51953125 0.4404296875 0.0087890625 0.01171875
1 0.5615234375 0.4384765625 0.0078125 0.009765625
1 0.599609375 0.435546875 0.005859375 0.0087890625
1 0.6376953125 0.4345703125 0.005859375 0.0078125
1 0.67578125 0.435546875 0.0048828125 0.0068359375
1 0.7265625 0.4375 0.0048828125 0.005859375
1 0.7861328125 0.4384765625 0.00390625 0.005859375
1 0.8369140625 0.439453125 0.0029296875 0.0048828125
1 0.830078125 0.4375 0.0029296875 0.00390625
1 0.8037109375 0.435546875 0.0029296875 0.00390625
1 0.8515625 0.4345703125 0.001953125 0.0029296875
1 0.818359375 0.4326171875 0.001953125 0.0029296875
1 0.78515625 0.431640625 0.0029296875 0.0029296875
1 0.75 0.4306640625 0.001953125 0.00390625
1 0.7216796875 0.4296875 0.001953125 0.00390625
1 0.7001953125 0.4287109375 0.001953125 0.0029296875
1 0.6953125 0.4296875 0.0029296875 0.0029296875
1 0.7119140625 0.4306640625 0.001953125 0.00390625
1 0.740234375 0.431640625 0.0029296875 0.00390625
1 0.7744140625 0.43359375 0.0029296875 0.00390625
2 0.833984375 0.43359375 0.001953125 0.0029296875
2 0.791015625 0.4326171875 0.0029296875 0.00390625
2 0.7568359375 0.4306640625 0.001953125 0.00390625
2 0.7373046875 0.4306640625 0.0029296875 0.00390625
2 0.7587890625 0.4326171875 0.0029296875 0.00390625
2 0.8720703125 0.4384765625 0.0029296875 0.0048828125
2 0.9150390625 0.4384765625 0.001953125 0.0029296875
2 0.9091796875 0.4443359375 0.00390625 0.005859375
2 0.8603515625 0.443359375 0.0048828125 0.005859375
2 0.80859375 0.44140625 0.0048828125 0.0068359375
2 0.7451171875 0.4404296875 0.0048828125 0.0068359375
2 0.7021484375 0.4404296875 0.005859375 0.0078125
2 0.689453125 0.44140625 0.0068359375 0.0087890625
2 0.6767578125 0.4453125 0.0078125 0.0107421875
2 0.65625 0.4501953125 0.009765625 0.0126953125
2 0.615234375 0.458984375 0.0146484375 0.0185546875
2 0.5634765625 0.4716796875 0.0185546875 0.0234375
2 0.5283203125 0.5107421875 0.0380859375 0.04296875
2 0.8994140625 0.4404296875 0.0029296875 0.0048828125
2 0.92578125 0.4443359375 0.001953125 0.005859375
2 0.916015625 0.4423828125 0.0029296875 0.0048828125