2 0.11328125 0.4560546875 0.0263671875 0.0283203125
2 0.2509765625 0.4921875 0.037109375 0.0419921875
2 0.4501953125 0.455078125 0.0185546875 0.0224609375
2 0.06640625 0.42578125 0.015625 0.0166015625
2 0.7666015625 0.4775390625 0.021484375 0.02734375
1 0.130859375 0.4189453125 0.0107421875 0.01171875
2 0.2392578125 0.439453125 0.015625 0.0185546875
1 0.03125 0.412109375 0.0107421875 0.0107421875
1 0.369140625 0.4345703125 0.01171875 0.013671875
1 0.240234375 0.42578125 0.0087890625 0.01171875
1 0.5390625 0.4453125 0.0126953125 0.0146484375
1 0.771484375 0.458984375 0.0107421875 0.0166015625