2 0.3544921875 0.5185546875 0.0458984375 0.0537109375
2 0.2001953125 0.45703125 0.0244140625 0.0283203125
2 0.14453125 0.435546875 0.0166015625 0.01953125
2 0.109375 0.423828125 0.0126953125 0.0146484375
2 0.0888671875 0.416015625 0.0087890625 0.01171875
2 0.078125 0.41015625 0.0078125 0.009765625
2 0.0888671875 0.408203125 0.0078125 0.0087890625
2 0.1259765625 0.4072265625 0.005859375 0.0078125
2 0.197265625 0.4091796875 0.005859375 0.0068359375
2 0.271484375 0.4111328125 0.005859375 0.0068359375
2 0.3466796875 0.4150390625 0.0048828125 0.0068359375
2 0.3798828125 0.4169921875 0.005859375 0.0078125
2 0.3994140625 0.419921875 0.005859375 0.0078125
2 0.4072265625 0.423828125 0.0078125 0.009765625
2 0.3896484375 0.427734375 0.0078125 0.01171875
2 0.3857421875 0.435546875 0.0107421875 0.013671875
2 0.4033203125 0.447265625 0.0146484375 0.01953125
2 0.4921875 0.4609375 0.021484375 0.0244140625
2 0.669921875 0.4833984375 0.025390625 0.0302734375
1 0.1650390625 0.4052734375 0.005859375 0.0068359375
1 0.255859375 0.4091796875 0.0048828125 0.005859375
1 0.34375 0.4130859375 0.00390625 0.0048828125
1 0.4033203125 0.416015625 0.00390625 0.0048828125
1 0.4580078125 0.419921875 0.005859375 0.0068359375
1 0.5126953125 0.4248046875 0.005859375 0.0078125
1 0.5126953125 0.431640625 0.0078125 0.009765625
1 0.5341796875 0.4384765625 0.0107421875 0.013671875
1 0.5927734375 0.4482421875 0.013671875 0.0166015625
1 0.7255859375 0.4638671875 0.017578125 0.0205078125