1 0.388671875 0.470703125 0.0126953125 0.0166015625
1 0.4072265625 0.4619140625 0.0087890625 0.0126953125
1 0.4189453125 0.455078125 0.0078125 0.0107421875
1 0.4296875 0.451171875 0.0068359375 0.0087890625
1 0.443359375 0.44921875 0.0048828125 0.0078125
1 0.484375 0.447265625 0.0048828125 0.0068359375
1 0.5107421875 0.4453125 0.0048828125 0.005859375
1 0.4541015625 0.4443359375 0.00390625 0.005859375
1 0.443359375 0.4443359375 0.00390625 0.0048828125
1 0.447265625 0.4423828125 0.0029296875 0.00390625
1 0.4580078125 0.44140625 0.0029296875 0.00390625
1 0.4794921875 0.44140625 0.001953125 0.00390625
1 0.5029296875 0.44140625 0.001953125 0.00390625
1 0.5244140625 0.4404296875 0.001953125 0.00390625
1 0.5478515625 0.439453125 0.001953125 0.0029296875
1 0.580078125 0.439453125 0.0029296875 0.00390625
1 0.6591796875 0.4384765625 0.001953125 0.0029296875
1 0.6943359375 0.439453125 0.001953125 0.0029296875
1 0.7294921875 0.4384765625 0.001953125 0.00390625
1 0.7568359375 0.439453125 0.0029296875 0.00390625
1 0.818359375 0.4404296875 0.0029296875 0.00390625
1 0.853515625 0.44140625 0.00390625 0.00390625
1 0.9111328125 0.4423828125 0.00390625 0.005859375
1 0.9638671875 0.4443359375 0.00390625 0.005859375
1 0.978515625 0.4453125 0.005859375 0.0078125
1 0.966796875 0.4482421875 0.005859375 0.0087890625
1 0.939453125 0.451171875 0.0087890625 0.009765625
1 0.9140625 0.455078125 0.009765625 0.01171875
1 0.982421875 0.4599609375 0.0126953125 0.013671875
1 0.27734375 0.525390625 0.0400390625 0.0439453125
2 0.75 0.513671875 0.037109375 0.0400390625
2 0.5888671875 0.46875 0.013671875 0.017578125
2 0.55859375 0.4599609375 0.009765625 0.0126953125
2 0.5390625 0.4541015625 0.0078125 0.009765625
2 0.5283203125 0.4501953125 0.005859375 0.0087890625
2 0.53515625 0.4482421875 0.005859375 0.0078125
2 0.5771484375 0.4462890625 0.005859375 0.0078125
2 0.5458984375 0.443359375 0.00390625 0.005859375
2 0.50390625 0.4443359375 0.0029296875 0.0048828125
2 0.4970703125 0.4423828125 0.0029296875 0.0048828125
2 0.494140625 0.44140625 0.00390625 0.00390625
2 0.5126953125 0.44140625 0.0029296875 0.00390625
2 0.5439453125 0.4404296875 0.001953125 0.00390625
2 0.576171875 0.439453125 0.0029296875 0.00390625
2 0.61328125 0.439453125 0.00390625 0.0048828125
2 0.65234375 0.439453125 0.0029296875 0.00390625
2 0.9599609375 0.4716796875 0.0185546875 0.0205078125
2 0.8232421875 0.462890625 0.013671875 0.0146484375
2 0.7607421875 0.45703125 0.0107421875 0.0126953125
2 0.80078125 0.4501953125 0.0078125 0.0087890625
2 0.833984375 0.4482421875 0.005859375 0.0078125
2 0.859375 0.4462890625 0.0048828125 0.0068359375
2 0.845703125 0.4443359375 0.0048828125 0.0068359375
2 0.8125 0.4423828125 0.0048828125 0.005859375
2 0.779296875 0.44140625 0.00390625 0.005859375
2 0.7490234375 0.44140625 0.00390625 0.0048828125
2 0.72265625 0.4404296875 0.0029296875 0.0048828125
2 0.705078125 0.439453125 0.0029296875 0.00390625
2 0.6796875 0.439453125 0.001953125 0.00390625
0 0.34765625 0.482421875 0.0234375 0.044921875
0 0.3623046875 0.4775390625 0.0205078125 0.041015625
0 0.640625 0.47265625 0.015625 0.0380859375
0 0.658203125 0.4765625 0.0224609375 0.041015625
1 0.3603515625 0.486328125 0.01171875 0.025390625
2 0.646484375 0.482421875 0.0146484375 0.0224609375
1 0.0908203125 0.4814453125 0.017578125 0.025390625
1 0.234375 0.462890625 0.0107421875 0.0146484375