1 0.0439453125 0.4208984375 0.009765625 0.0126953125
1 0.1904296875 0.427734375 0.009765625 0.0126953125
1 0.3564453125 0.435546875 0.0107421875 0.0126953125
1 0.54296875 0.443359375 0.009765625 0.0126953125
1 0.71875 0.451171875 0.0107421875 0.0126953125
1 0.9033203125 0.4609375 0.01171875 0.0146484375
2 0.078125 0.431640625 0.0146484375 0.0166015625
2 0.28515625 0.44140625 0.013671875 0.017578125
2 0.53515625 0.453125 0.013671875 0.0166015625
2 0.77734375 0.462890625 0.0166015625 0.01953125
2 0.9970703125 0.4775390625 0.005859375 0.0205078125
2 0.091796875 0.4638671875 0.03125 0.03125
2 0.333984375 0.494140625 0.03515625 0.0400390625
2 0.6025390625 0.5869140625 0.0654296875 0.072265625
0 0.033203125 0.4169921875 0.013671875 0.0224609375
0 0.05859375 0.4169921875 0.0146484375 0.0224609375
1 0.3701171875 0.4287109375 0.0078125 0.01171875