1 0.8720703125 0.5 0.0458984375 0.048828125
2 0.9013671875 0.412109375 0.0078125 0.009765625
1 0.9775390625 0.4189453125 0.0126953125 0.013671875
2 0.7978515625 0.4140625 0.0068359375 0.0087890625
1 0.7763671875 0.4169921875 0.0078125 0.009765625
1 0.8642578125 0.41796875 0.009765625 0.0107421875
1 0.4716796875 0.58203125 0.060546875 0.083984375
1 0.6923828125 0.4189453125 0.005859375 0.0087890625
1 0.630859375 0.4189453125 0.005859375 0.0078125
1 0.603515625 0.416015625 0.00390625 0.005859375
1 0.59375 0.4169921875 0.0029296875 0.0068359375
1 0.5966796875 0.4189453125 0.00390625 0.005859375
1 0.63671875 0.4140625 0.00390625 0.005859375
1 0.68359375 0.4111328125 0.0029296875 0.005859375
1 0.73828125 0.4091796875 0.00390625 0.00390625
1 0.7900390625 0.40625 0.00390625 0.0048828125
1 0.8408203125 0.4052734375 0.0029296875 0.00390625
1 0.9111328125 0.40234375 0.0029296875 0.0048828125
2 0.6689453125 0.4140625 0.00390625 0.005859375
2 0.6748046875 0.4150390625 0.0048828125 0.0068359375
2 0.69921875 0.412109375 0.0029296875 0.0048828125
2 0.7197265625 0.4150390625 0.0048828125 0.0078125
2 0.7568359375 0.4091796875 0.0029296875 0.005859375
2 0.9736328125 0.40234375 0.00390625 0.005859375
2 0.8251953125 0.40625 0.00390625 0.0048828125
2 0.89453125 0.404296875 0.0029296875 0.005859375