2 0.8974609375 0.5498046875 0.0556640625 0.05859375
2 0.6845703125 0.4853515625 0.0224609375 0.0263671875
2 0.6171875 0.46484375 0.0126953125 0.0166015625
2 0.5908203125 0.45703125 0.009765625 0.0126953125
2 0.595703125 0.451171875 0.0078125 0.0107421875
2 0.6279296875 0.4482421875 0.0078125 0.0087890625
2 0.7021484375 0.4462890625 0.0068359375 0.0087890625
2 0.7978515625 0.4462890625 0.0078125 0.0087890625
2 0.888671875 0.4462890625 0.0078125 0.009765625
2 0.978515625 0.44921875 0.0107421875 0.0126953125
1 0.2509765625 0.5537109375 0.052734375 0.05859375
1 0.3779296875 0.4873046875 0.0224609375 0.0263671875
1 0.423828125 0.466796875 0.013671875 0.0166015625
1 0.4453125 0.4580078125 0.009765625 0.0126953125
1 0.45703125 0.451171875 0.0078125 0.009765625
1 0.5068359375 0.447265625 0.0068359375 0.0078125
1 0.5712890625 0.4453125 0.005859375 0.0078125
1 0.6591796875 0.4443359375 0.005859375 0.0078125
1 0.763671875 0.443359375 0.0068359375 0.0078125
1 0.8935546875 0.443359375 0.0068359375 0.0078125