2 0.87109375 0.5478515625 0.0546875 0.0595703125
2 0.6064453125 0.4931640625 0.0244140625 0.0302734375
2 0.4150390625 0.47265625 0.0166015625 0.0205078125
2 0.2734375 0.4658203125 0.013671875 0.0166015625
2 0.1474609375 0.462890625 0.0126953125 0.015625
2 0.0341796875 0.4609375 0.0107421875 0.0126953125
2 0.00390625 0.45703125 0.0068359375 0.01171875
2 0.015625 0.4521484375 0.0078125 0.009765625
2 0.0322265625 0.44921875 0.005859375 0.0078125
2 0.0439453125 0.447265625 0.005859375 0.0068359375
2 0.0546875 0.4453125 0.00390625 0.005859375
2 0.0625 0.4443359375 0.00390625 0.005859375
2 0.0673828125 0.443359375 0.0029296875 0.0048828125
2 0.072265625 0.44140625 0.0029296875 0.00390625
2 0.0771484375 0.4404296875 0.0029296875 0.00390625
2 0.08984375 0.4404296875 0.0029296875 0.00390625
2 0.1142578125 0.439453125 0.0029296875 0.0048828125
2 0.1552734375 0.4384765625 0.0029296875 0.00390625
2 0.1962890625 0.4384765625 0.0029296875 0.00390625
2 0.236328125 0.4384765625 0.00390625 0.00390625
2 0.2197265625 0.4404296875 0.0029296875 0.00390625
2 0.1865234375 0.44140625 0.00390625 0.0048828125
2 0.1572265625 0.4423828125 0.00390625 0.005859375
2 0.1328125 0.4443359375 0.0048828125 0.0068359375
2 0.14453125 0.4453125 0.0048828125 0.0068359375
2 0.1875 0.4462890625 0.005859375 0.0078125
2 0.2470703125 0.4462890625 0.005859375 0.0078125
2 0.310546875 0.447265625 0.0068359375 0.0087890625
2 0.380859375 0.4482421875 0.0068359375 0.009765625
2 0.435546875 0.451171875 0.0078125 0.009765625
2 0.5029296875 0.4560546875 0.009765625 0.0126953125
2 0.609375 0.462890625 0.013671875 0.0166015625
2 0.78125 0.474609375 0.01953125 0.0224609375
1 0.2021484375 0.560546875 0.0517578125 0.0615234375
1 0.1806640625 0.494140625 0.0244140625 0.0283203125
1 0.0986328125 0.478515625 0.0185546875 0.0205078125
1 0.0029296875 0.443359375 0.00390625 0.0048828125
1 0.013671875 0.4423828125 0.0029296875 0.00390625
1 0.0224609375 0.44140625 0.0029296875 0.00390625
1 0.052734375 0.4404296875 0.001953125 0.00390625
1 0.09375 0.4384765625 0.001953125 0.00390625
1 0.146484375 0.4375 0.0029296875 0.00390625
1 0.1982421875 0.4375 0.001953125 0.00390625
1 0.2470703125 0.4375 0.001953125 0.00390625
1 0.2724609375 0.4375 0.001953125 0.00390625
1 0.2861328125 0.4375 0.0029296875 0.0029296875
1 0.296875 0.4384765625 0.0029296875 0.00390625
1 0.27734375 0.4384765625 0.0029296875 0.00390625
1 0.251953125 0.4404296875 0.0029296875 0.00390625
1 0.22265625 0.44140625 0.0029296875 0.0048828125
1 0.2119140625 0.4423828125 0.00390625 0.005859375
1 0.21484375 0.443359375 0.00390625 0.0048828125
1 0.3134765625 0.4443359375 0.0048828125 0.0068359375
1 0.388671875 0.4443359375 0.005859375 0.0078125
1 0.462890625 0.4462890625 0.0068359375 0.0078125
1 0.51953125 0.4482421875 0.0078125 0.0087890625
1 0.6005859375 0.4521484375 0.0087890625 0.0107421875
1 0.7099609375 0.45703125 0.0107421875 0.013671875
1 0.9052734375 0.4658203125 0.0166015625 0.0185546875