2 0.607421875 0.5009765625 0.02734375 0.033203125
2 0.4111328125 0.4794921875 0.0185546875 0.0224609375
2 0.275390625 0.4716796875 0.0146484375 0.0185546875
2 0.1748046875 0.4658203125 0.01171875 0.0146484375
2 0.1591796875 0.4599609375 0.009765625 0.01171875
2 0.1875 0.4541015625 0.0078125 0.009765625
2 0.2109375 0.451171875 0.005859375 0.0078125
2 0.228515625 0.4482421875 0.0048828125 0.0068359375
2 0.2431640625 0.4462890625 0.00390625 0.005859375
2 0.2529296875 0.4453125 0.00390625 0.0048828125
2 0.2607421875 0.443359375 0.0029296875 0.00390625
2 0.267578125 0.4423828125 0.001953125 0.00390625
2 0.2734375 0.44140625 0.001953125 0.00390625
2 0.2861328125 0.4404296875 0.0029296875 0.00390625
2 0.3076171875 0.439453125 0.001953125 0.00390625
2 0.34375 0.439453125 0.001953125 0.00390625
2 0.3798828125 0.4384765625 0.001953125 0.0029296875
2 0.4140625 0.439453125 0.0029296875 0.00390625
2 0.41796875 0.439453125 0.0029296875 0.00390625
2 0.3984375 0.439453125 0.001953125 0.00390625
2 0.3662109375 0.4423828125 0.0029296875 0.0048828125
2 0.337890625 0.443359375 0.00390625 0.0048828125
2 0.3125 0.4453125 0.00390625 0.005859375
2 0.3203125 0.4462890625 0.0048828125 0.0068359375
2 0.357421875 0.447265625 0.005859375 0.0078125
2 0.4150390625 0.44921875 0.005859375 0.0078125
2 0.48046875 0.4501953125 0.0068359375 0.0087890625
2 0.5576171875 0.4521484375 0.0087890625 0.0107421875
2 0.625 0.45703125 0.009765625 0.0126953125
2 0.72265625 0.4658203125 0.0146484375 0.017578125
2 0.9228515625 0.4833984375 0.025390625 0.0263671875
1 0.18359375 0.5517578125 0.0498046875 0.0556640625
1 0.1650390625 0.4990234375 0.02734375 0.029296875
1 0.0087890625 0.484375 0.0166015625 0.021484375
1 0.0146484375 0.4599609375 0.0107421875 0.01171875
1 0.0693359375 0.455078125 0.0078125 0.009765625
1 0.111328125 0.451171875 0.0068359375 0.0087890625
1 0.162109375 0.447265625 0.0048828125 0.005859375
1 0.1806640625 0.4453125 0.00390625 0.005859375
1 0.1953125 0.4443359375 0.00390625 0.0048828125
1 0.208984375 0.443359375 0.0029296875 0.00390625
1 0.220703125 0.4423828125 0.0029296875 0.00390625
1 0.2294921875 0.44140625 0.0029296875 0.00390625
1 0.255859375 0.4404296875 0.001953125 0.0029296875
1 0.291015625 0.439453125 0.001953125 0.0029296875
1 0.3359375 0.4384765625 0.001953125 0.00390625
1 0.3828125 0.4384765625 0.001953125 0.0029296875
1 0.427734375 0.4375 0.0029296875 0.00390625
1 0.451171875 0.4384765625 0.0029296875 0.00390625
1 0.4638671875 0.4384765625 0.0029296875 0.0029296875
1 0.4736328125 0.439453125 0.0029296875 0.00390625
1 0.4541015625 0.4404296875 0.0029296875 0.00390625
1 0.4287109375 0.44140625 0.00390625 0.0048828125
1 0.3984375 0.4423828125 0.00390625 0.005859375
1 0.3876953125 0.4443359375 0.0048828125 0.005859375
1 0.4208984375 0.4462890625 0.0048828125 0.0068359375
1 0.4853515625 0.4462890625 0.005859375 0.0078125
1 0.5673828125 0.447265625 0.0068359375 0.0078125
1 0.65625 0.44921875 0.0078125 0.009765625
1 0.734375 0.453125 0.009765625 0.01171875
1 0.8642578125 0.4619140625 0.013671875 0.015625