1 0.0888671875 0.59375 0.0556640625 0.0556640625
1 0.3193359375 0.5009765625 0.0263671875 0.0302734375
1 0.3798828125 0.474609375 0.0146484375 0.0185546875
1 0.41015625 0.462890625 0.0107421875 0.013671875
1 0.4365234375 0.45703125 0.0078125 0.0107421875
1 0.498046875 0.453125 0.0068359375 0.0087890625
1 0.53515625 0.4501953125 0.005859375 0.0078125
1 0.53125 0.44921875 0.005859375 0.0078125
1 0.498046875 0.447265625 0.0048828125 0.0068359375
1 0.4580078125 0.4482421875 0.0048828125 0.0068359375
1 0.4443359375 0.447265625 0.00390625 0.005859375
1 0.447265625 0.4453125 0.00390625 0.0048828125
1 0.4521484375 0.4453125 0.00390625 0.0048828125
1 0.46484375 0.443359375 0.0029296875 0.00390625
1 0.4912109375 0.443359375 0.0029296875 0.00390625
1 0.5185546875 0.4423828125 0.001953125 0.00390625
1 0.5439453125 0.4423828125 0.0029296875 0.00390625
1 0.5712890625 0.44140625 0.0029296875 0.00390625
1 0.6103515625 0.4404296875 0.0029296875 0.00390625
2 0.96484375 0.5859375 0.0673828125 0.0751953125
2 0.6806640625 0.4970703125 0.0263671875 0.0302734375
2 0.6005859375 0.4716796875 0.0146484375 0.0185546875
2 0.5693359375 0.4609375 0.0107421875 0.013671875
2 0.5751953125 0.4560546875 0.0078125 0.0107421875
2 0.62890625 0.451171875 0.0078125 0.0107421875
2 0.578125 0.447265625 0.005859375 0.0078125
2 0.521484375 0.447265625 0.00390625 0.005859375
2 0.5126953125 0.4453125 0.00390625 0.005859375
2 0.5087890625 0.4443359375 0.00390625 0.0048828125
2 0.53125 0.443359375 0.00390625 0.0048828125
2 0.5693359375 0.4423828125 0.00390625 0.00390625
2 0.65234375 0.44140625 0.00390625 0.00390625
2 0.7001953125 0.4404296875 0.00390625 0.00390625
2 0.736328125 0.44140625 0.00390625 0.0048828125
2 0.771484375 0.44140625 0.00390625 0.0048828125
2 0.7998046875 0.4423828125 0.00390625 0.005859375
2 0.84375 0.443359375 0.0048828125 0.005859375
2 0.8955078125 0.4443359375 0.0068359375 0.0078125
2 0.9580078125 0.4462890625 0.0078125 0.0087890625
1 0.705078125 0.439453125 0.00390625 0.005859375
1 0.7490234375 0.4404296875 0.00390625 0.0048828125
1 0.7958984375 0.4404296875 0.0048828125 0.0048828125
1 0.8349609375 0.4404296875 0.0048828125 0.005859375
1 0.8701171875 0.4404296875 0.005859375 0.005859375
1 0.9375 0.4423828125 0.0078125 0.0078125
1 0.9970703125 0.443359375 0.00390625 0.009765625