2 0.091796875 0.4853515625 0.0263671875 0.0283203125
2 0.3037109375 0.458984375 0.0166015625 0.0205078125
2 0.3876953125 0.4443359375 0.009765625 0.0146484375
2 0.4345703125 0.4365234375 0.0087890625 0.0126953125
2 0.544921875 0.4306640625 0.0068359375 0.0107421875
2 0.654296875 0.42578125 0.0078125 0.0107421875
2 0.7255859375 0.4208984375 0.0068359375 0.0087890625
2 0.732421875 0.4169921875 0.0048828125 0.0068359375
2 0.712890625 0.4169921875 0.00390625 0.005859375
2 0.7099609375 0.4140625 0.00390625 0.005859375
2 0.7578125 0.4111328125 0.00390625 0.0068359375
2 0.8154296875 0.4091796875 0.00390625 0.005859375
2 0.8486328125 0.40625 0.00390625 0.005859375
2 0.84765625 0.40234375 0.0029296875 0.00390625
2 0.89453125 0.3974609375 0.0029296875 0.00390625
2 0.8916015625 0.3974609375 0.0029296875 0.00390625
2 0.916015625 0.396484375 0.0029296875 0.00390625
2 0.953125 0.3955078125 0.001953125 0.0029296875
2 0.99609375 0.39453125 0.001953125 0.0029296875
1 0.3046875 0.513671875 0.0390625 0.0439453125
1 0.5078125 0.466796875 0.021484375 0.025390625
1 0.5400390625 0.4462890625 0.013671875 0.0166015625
1 0.5732421875 0.435546875 0.0107421875 0.013671875
1 0.6787109375 0.4296875 0.0087890625 0.01171875
1 0.796875 0.4228515625 0.009765625 0.01171875
1 0.8544921875 0.41796875 0.0087890625 0.0107421875
1 0.80859375 0.4140625 0.005859375 0.0078125
1 0.802734375 0.412109375 0.0048828125 0.0068359375
1 0.8427734375 0.41015625 0.00390625 0.005859375
1 0.90625 0.4072265625 0.00390625 0.005859375
1 0.9296875 0.4033203125 0.00390625 0.005859375
1 0.890625 0.40234375 0.00390625 0.0048828125
1 0.8798828125 0.40234375 0.0029296875 0.0048828125
1 0.9052734375 0.400390625 0.00390625 0.0048828125
1 0.94140625 0.3974609375 0.001953125 0.0029296875
1 0.935546875 0.396484375 0.001953125 0.0029296875
1 0.947265625 0.3955078125 0.0029296875 0.00390625
1 0.998046875 0.39453125 0.001953125 0.00390625
1 0.9931640625 0.404296875 0.005859375 0.0068359375
1 0.9404296875 0.408203125 0.0048828125 0.005859375
1 0.9189453125 0.41015625 0.005859375 0.0078125
1 0.923828125 0.4111328125 0.005859375 0.0078125
1 0.9453125 0.4130859375 0.0068359375 0.0087890625
1 0.9638671875 0.416015625 0.0087890625 0.01171875
1 0.9453125 0.4296875 0.013671875 0.0166015625
1 0.908203125 0.447265625 0.021484375 0.0234375
1 0.84765625 0.4765625 0.033203125 0.0361328125
1 0.6552734375 0.5703125 0.068359375 0.0732421875
1 0.962890625 0.4208984375 0.0078125 0.0107421875