2 0.9296875 0.482421875 0.01953125 0.021484375
2 0.861328125 0.4658203125 0.0126953125 0.015625
1 0.5703125 0.57421875 0.05859375 0.06640625
1 0.62890625 0.494140625 0.025390625 0.033203125
1 0.849609375 0.4462890625 0.005859375 0.0068359375
1 0.662109375 0.462890625 0.013671875 0.0166015625
2 0.826171875 0.45703125 0.0087890625 0.0126953125
2 0.8095703125 0.4521484375 0.0078125 0.0107421875
2 0.837890625 0.451171875 0.0068359375 0.0087890625
2 0.8037109375 0.4384765625 0.0029296875 0.00390625
2 0.8994140625 0.451171875 0.005859375 0.0078125
2 0.94921875 0.4521484375 0.005859375 0.0078125
1 0.7880859375 0.4453125 0.005859375 0.0078125
1 0.701171875 0.4443359375 0.0068359375 0.0087890625
1 0.6708984375 0.4541015625 0.009765625 0.0126953125
1 0.6787109375 0.447265625 0.0078125 0.009765625
1 0.865234375 0.443359375 0.00390625 0.005859375
2 0.78515625 0.435546875 0.001953125 0.00390625
2 0.8701171875 0.4384765625 0.0029296875 0.00390625
2 0.8515625 0.4404296875 0.00390625 0.0048828125
2 0.76171875 0.435546875 0.0029296875 0.00390625
1 0.8271484375 0.4404296875 0.00390625 0.0048828125
1 0.7900390625 0.4384765625 0.0029296875 0.00390625
1 0.736328125 0.4443359375 0.005859375 0.0078125
1 0.708984375 0.431640625 0.0029296875 0.00390625
1 0.8076171875 0.435546875 0.001953125 0.0029296875
2 0.828125 0.4365234375 0.001953125 0.00390625
1 0.712890625 0.43359375 0.0029296875 0.00390625
2 0.73046875 0.43359375 0.0029296875 0.00390625
1 0.8408203125 0.4375 0.001953125 0.0029296875
1 0.8974609375 0.447265625 0.00390625 0.005859375
1 0.73828125 0.4326171875 0.001953125 0.00390625
2 0.7490234375 0.43359375 0.001953125 0.00390625
1 0.7734375 0.4345703125 0.001953125 0.00390625
1 0.69140625 0.4326171875 0.0029296875 0.0048828125
2 0.734375 0.4345703125 0.0029296875 0.00390625
1 0.6865234375 0.431640625 0.0029296875 0.00390625
1 0.748046875 0.435546875 0.001953125 0.00390625
2 0.9736328125 0.44921875 0.0029296875 0.0048828125
2 0.9951171875 0.453125 0.0048828125 0.0068359375
2 0.9423828125 0.4453125 0.001953125 0.0048828125
2 0.96484375 0.4443359375 0.001953125 0.00390625
2 0.9013671875 0.4443359375 0.0029296875 0.005859375