2 0.8505859375 0.4462890625 0.0146484375 0.0185546875
2 0.7529296875 0.439453125 0.0107421875 0.0146484375
2 0.75 0.43359375 0.0078125 0.0107421875
2 0.7958984375 0.4306640625 0.0078125 0.0107421875
2 0.890625 0.427734375 0.0087890625 0.0107421875
1 0.9794921875 0.421875 0.0087890625 0.009765625
1 0.8271484375 0.42578125 0.0078125 0.0087890625
1 0.69921875 0.4296875 0.0068359375 0.0087890625
1 0.62890625 0.435546875 0.0078125 0.009765625
1 0.57421875 0.443359375 0.0087890625 0.0126953125
1 0.57421875 0.453125 0.0126953125 0.015625
1 0.6728515625 0.466796875 0.01953125 0.0244140625
1 0.6474609375 0.501953125 0.0361328125 0.0400390625
1 0.1318359375 0.5888671875 0.0595703125 0.0693359375