1 0.880859375 0.44140625 0.00390625 0.0048828125
1 0.92578125 0.4423828125 0.0048828125 0.005859375
1 0.986328125 0.4443359375 0.005859375 0.0068359375
1 0.3427734375 0.51171875 0.029296875 0.037109375
1 0.4072265625 0.48046875 0.0185546875 0.0224609375
1 0.44140625 0.46484375 0.0107421875 0.0146484375
1 0.4794921875 0.4580078125 0.0087890625 0.0107421875
1 0.5244140625 0.455078125 0.0078125 0.009765625
1 0.5830078125 0.4521484375 0.0068359375 0.0087890625
1 0.646484375 0.4501953125 0.005859375 0.0078125
1 0.693359375 0.447265625 0.0048828125 0.005859375
1 0.6865234375 0.4462890625 0.00390625 0.005859375
1 0.6591796875 0.4453125 0.00390625 0.005859375
1 0.6220703125 0.4443359375 0.00390625 0.005859375
1 0.8486328125 0.44140625 0.0029296875 0.0048828125
1 0.8203125 0.4404296875 0.001953125 0.00390625
1 0.794921875 0.4404296875 0.001953125 0.00390625
1 0.7529296875 0.439453125 0.0029296875 0.00390625
1 0.7236328125 0.4384765625 0.001953125 0.00390625
1 0.6728515625 0.439453125 0.001953125 0.0029296875
1 0.6328125 0.439453125 0.001953125 0.0029296875
1 0.6025390625 0.439453125 0.001953125 0.00390625
1 0.5703125 0.4404296875 0.001953125 0.00390625
1 0.5361328125 0.44140625 0.001953125 0.00390625
1 0.505859375 0.44140625 0.001953125 0.00390625
1 0.486328125 0.4423828125 0.00390625 0.0048828125
1 0.4814453125 0.4423828125 0.00390625 0.0048828125
1 0.5078125 0.443359375 0.0029296875 0.0048828125
1 0.54296875 0.443359375 0.0029296875 0.0048828125
1 0.5859375 0.443359375 0.0029296875 0.0048828125
2 0.7265625 0.4404296875 0.001953125 0.00390625
2 0.744140625 0.4404296875 0.0029296875 0.00390625
2 0.7646484375 0.44140625 0.0029296875 0.00390625
2 0.7900390625 0.44140625 0.0029296875 0.0048828125
2 0.8154296875 0.4423828125 0.00390625 0.0048828125
2 0.8515625 0.443359375 0.00390625 0.005859375
2 0.900390625 0.4453125 0.0048828125 0.005859375
2 0.974609375 0.447265625 0.0068359375 0.0087890625
2 0.7001953125 0.439453125 0.001953125 0.0029296875
2 0.66015625 0.4404296875 0.001953125 0.00390625
2 0.62109375 0.4404296875 0.0029296875 0.00390625
2 0.5810546875 0.4404296875 0.0029296875 0.00390625
2 0.5458984375 0.44140625 0.001953125 0.00390625
2 0.52734375 0.4423828125 0.0029296875 0.00390625
2 0.53125 0.4423828125 0.0029296875 0.00390625
2 0.5576171875 0.4423828125 0.0029296875 0.0048828125
2 0.5986328125 0.4423828125 0.00390625 0.00390625
2 0.64453125 0.4423828125 0.00390625 0.0048828125
2 0.6923828125 0.443359375 0.0029296875 0.0048828125
2 0.73046875 0.4443359375 0.00390625 0.005859375
2 0.759765625 0.4453125 0.00390625 0.0068359375
2 0.7861328125 0.447265625 0.005859375 0.0078125
2 0.7470703125 0.4501953125 0.0068359375 0.0087890625
2 0.7001953125 0.453125 0.0068359375 0.0087890625
2 0.638671875 0.4560546875 0.0078125 0.0107421875
2 0.6083984375 0.4619140625 0.009765625 0.0126953125
2 0.6298828125 0.46875 0.0126953125 0.0166015625
2 0.6845703125 0.482421875 0.01953125 0.0234375
2 0.8388671875 0.5224609375 0.041015625 0.0439453125
0 0.87890625 0.4404296875 0.005859375 0.009765625
0 0.884765625 0.4404296875 0.0048828125 0.009765625
0 0.8125 0.4404296875 0.0048828125 0.0087890625
0 0.818359375 0.4404296875 0.005859375 0.0087890625