2 0.2744140625 0.4072265625 0.001953125 0.00390625
2 0.2529296875 0.40625 0.0029296875 0.0048828125
2 0.2353515625 0.40625 0.0029296875 0.00390625
2 0.2294921875 0.40625 0.0029296875 0.00390625
2 0.2421875 0.408203125 0.00390625 0.0048828125
2 0.2724609375 0.41015625 0.00390625 0.0048828125
2 0.3134765625 0.412109375 0.00390625 0.0048828125
2 0.361328125 0.4140625 0.00390625 0.005859375
2 0.3955078125 0.416015625 0.00390625 0.005859375
2 0.4248046875 0.4189453125 0.00390625 0.005859375
2 0.4521484375 0.421875 0.00390625 0.0068359375
2 0.4951171875 0.42578125 0.005859375 0.0078125
2 0.5498046875 0.431640625 0.0068359375 0.0087890625
2 0.619140625 0.4384765625 0.0078125 0.0107421875
2 0.7314453125 0.44921875 0.0107421875 0.0126953125
2 0.9287109375 0.46875 0.0166015625 0.0185546875
2 0.3896484375 0.4970703125 0.037109375 0.041015625
2 0.421875 0.4599609375 0.0185546875 0.0234375
2 0.4765625 0.4453125 0.01171875 0.015625
2 0.4853515625 0.4365234375 0.0078125 0.01171875
2 0.4775390625 0.431640625 0.0078125 0.009765625
2 0.447265625 0.427734375 0.0068359375 0.0087890625
2 0.4091796875 0.423828125 0.0068359375 0.0087890625
2 0.3447265625 0.419921875 0.0068359375 0.0078125
2 0.279296875 0.416015625 0.005859375 0.0078125
2 0.2265625 0.4130859375 0.0048828125 0.0068359375
2 0.1865234375 0.4091796875 0.005859375 0.0068359375
2 0.173828125 0.408203125 0.00390625 0.005859375
2 0.1728515625 0.404296875 0.00390625 0.005859375
2 0.177734375 0.4013671875 0.0029296875 0.00390625
2 0.1953125 0.40234375 0.001953125 0.0029296875
2 0.2265625 0.4033203125 0.001953125 0.0029296875
2 0.2587890625 0.404296875 0.001953125 0.0029296875
1 0.3388671875 0.408203125 0.0029296875 0.001953125
1 0.3271484375 0.408203125 0.001953125 0.0029296875
1 0.2958984375 0.408203125 0.001953125 0.0029296875
1 0.283203125 0.408203125 0.001953125 0.0029296875
1 0.2900390625 0.4091796875 0.001953125 0.00390625
1 0.310546875 0.4111328125 0.0029296875 0.00390625
1 0.40234375 0.4150390625 0.0029296875 0.00390625
1 0.4375 0.4169921875 0.0029296875 0.0048828125
1 0.4697265625 0.4189453125 0.00390625 0.0048828125
1 0.5009765625 0.421875 0.00390625 0.005859375
1 0.5380859375 0.4248046875 0.0048828125 0.005859375
1 0.58203125 0.4287109375 0.005859375 0.0068359375
1 0.6376953125 0.43359375 0.005859375 0.0078125
1 0.7158203125 0.4404296875 0.0078125 0.0087890625
1 0.837890625 0.4501953125 0.009765625 0.0107421875
1 0.1005859375 0.4521484375 0.0234375 0.0263671875
1 0.26171875 0.44140625 0.0146484375 0.017578125
1 0.341796875 0.4326171875 0.0087890625 0.0126953125
1 0.3486328125 0.427734375 0.0078125 0.0107421875
1 0.330078125 0.423828125 0.0068359375 0.009765625
1 0.2763671875 0.4189453125 0.005859375 0.0078125
1 0.203125 0.4140625 0.0068359375 0.0078125
1 0.1357421875 0.41015625 0.005859375 0.0068359375
1 0.1015625 0.4072265625 0.0048828125 0.0068359375
1 0.103515625 0.4052734375 0.00390625 0.005859375
1 0.1083984375 0.404296875 0.00390625 0.005859375
1 0.11328125 0.4033203125 0.00390625 0.0048828125
1 0.1181640625 0.40234375 0.00390625 0.0048828125
1 0.1240234375 0.400390625 0.0029296875 0.00390625
1 0.126953125 0.3994140625 0.0029296875 0.0029296875
1 0.130859375 0.3994140625 0.001953125 0.0029296875
1 0.1416015625 0.3994140625 0.001953125 0.0029296875
1 0.1669921875 0.400390625 0.001953125 0.0029296875
1 0.201171875 0.4013671875 0.001953125 0.0029296875
1 0.232421875 0.4033203125 0.0029296875 0.00390625