1 0.876953125 0.490234375 0.0390625 0.0419921875
1 0.5771484375 0.5517578125 0.052734375 0.0673828125
2 0.8876953125 0.4052734375 0.00390625 0.005859375
2 0.896484375 0.40625 0.0048828125 0.0068359375
2 0.923828125 0.4033203125 0.00390625 0.0048828125
2 0.951171875 0.40625 0.005859375 0.0068359375
2 0.9931640625 0.400390625 0.00390625 0.005859375
1 0.8046875 0.408203125 0.00390625 0.0068359375
1 0.8115234375 0.4091796875 0.0048828125 0.0068359375
1 0.8134765625 0.40625 0.00390625 0.005859375
1 0.8505859375 0.4091796875 0.005859375 0.0078125
1 0.849609375 0.404296875 0.0048828125 0.005859375
1 0.9033203125 0.40234375 0.00390625 0.005859375
1 0.921875 0.4091796875 0.0068359375 0.0078125
1 0.9697265625 0.400390625 0.0029296875 0.0048828125