2 0.6171875 0.4775390625 0.0185546875 0.021484375
1 0.052734375 0.47265625 0.013671875 0.015625
1 0.3046875 0.4833984375 0.017578125 0.021484375
1 0.3916015625 0.5009765625 0.0244140625 0.03125
2 0.4794921875 0.4697265625 0.013671875 0.0166015625
2 0.783203125 0.49609375 0.02734375 0.03125
1 0.2412109375 0.58203125 0.0634765625 0.068359375
1 0.1845703125 0.474609375 0.015625 0.017578125
2 0.3671875 0.46484375 0.01171875 0.0146484375
2 0.95703125 0.548828125 0.0556640625 0.0556640625
2 0.7607421875 0.462890625 0.01171875 0.0146484375
2 0.123046875 0.4638671875 0.0107421875 0.0126953125
2 0.2548828125 0.4638671875 0.0107421875 0.0126953125
2 0.6044921875 0.458984375 0.009765625 0.0126953125
2 0.4306640625 0.455078125 0.0078125 0.009765625
1 0.39453125 0.4501953125 0.005859375 0.0068359375
2 0.3662109375 0.453125 0.005859375 0.0087890625
1 0.0166015625 0.4541015625 0.005859375 0.0068359375
2 0.318359375 0.4521484375 0.005859375 0.0078125
2 0.146484375 0.4521484375 0.005859375 0.0078125
1 0.0869140625 0.4521484375 0.0048828125 0.005859375
1 0.4453125 0.451171875 0.005859375 0.0078125
2 0.5009765625 0.45703125 0.0078125 0.0107421875
1 0.8359375 0.45703125 0.0107421875 0.0126953125
1 0.2578125 0.44921875 0.00390625 0.005859375
2 0.2236328125 0.451171875 0.0048828125 0.0068359375
2 0.2783203125 0.451171875 0.005859375 0.0078125
1 0.30859375 0.44921875 0.00390625 0.005859375
2 0.0615234375 0.4541015625 0.005859375 0.0078125
1 0.1669921875 0.4501953125 0.00390625 0.005859375
0 0.4921875 0.453125 0.0068359375 0.017578125
0 0.5078125 0.453125 0.0087890625 0.0185546875