1 0.689453125 0.4443359375 0.00390625 0.0048828125
1 0.8681640625 0.447265625 0.005859375 0.0078125
1 0.94921875 0.4482421875 0.005859375 0.0087890625
1 0.07421875 0.5947265625 0.0546875 0.056640625
1 0.3271484375 0.4990234375 0.02734375 0.033203125
1 0.388671875 0.4716796875 0.017578125 0.0205078125
1 0.4228515625 0.4609375 0.0107421875 0.0146484375
1 0.4375 0.4521484375 0.0087890625 0.01171875
1 0.453125 0.44921875 0.0078125 0.009765625
1 0.5 0.447265625 0.0068359375 0.0087890625
1 0.5498046875 0.4453125 0.005859375 0.0078125
1 0.60546875 0.4443359375 0.005859375 0.0078125
2 0.7724609375 0.447265625 0.005859375 0.0078125
2 0.8544921875 0.44921875 0.0068359375 0.0087890625
2 0.9169921875 0.451171875 0.0087890625 0.0107421875
2 0.943359375 0.455078125 0.009765625 0.01171875
2 0.7275390625 0.4970703125 0.02734375 0.0322265625
2 0.6357421875 0.4716796875 0.015625 0.01953125
2 0.6015625 0.4609375 0.0107421875 0.013671875
2 0.5830078125 0.453125 0.0078125 0.0107421875
2 0.5751953125 0.4501953125 0.0068359375 0.009765625
2 0.6171875 0.447265625 0.005859375 0.0087890625
2 0.6845703125 0.447265625 0.0048828125 0.0068359375