2 0.3203125 0.4931640625 0.0322265625 0.0380859375
2 0.224609375 0.45703125 0.01953125 0.0234375
2 0.7392578125 0.462890625 0.0146484375 0.0166015625
2 0.421875 0.44140625 0.009765625 0.013671875
2 0.1552734375 0.4326171875 0.01171875 0.0146484375
2 0.35546875 0.4345703125 0.0087890625 0.01171875
2 0.630859375 0.59375 0.0556640625 0.0595703125
2 0.544921875 0.451171875 0.01171875 0.015625
2 0.9912109375 0.4765625 0.0166015625 0.01953125
2 0.1357421875 0.42578125 0.0087890625 0.01171875
1 0.8125 0.4580078125 0.0107421875 0.013671875
2 0.322265625 0.4306640625 0.0078125 0.009765625
1 0.669921875 0.4501953125 0.0107421875 0.0126953125
1 0.4638671875 0.435546875 0.0068359375 0.0087890625
2 0.3671875 0.4267578125 0.005859375 0.0078125
2 0.1123046875 0.4169921875 0.005859375 0.0087890625
2 0.1416015625 0.412109375 0.00390625 0.005859375
2 0.3291015625 0.427734375 0.005859375 0.0087890625
1 0.4345703125 0.431640625 0.005859375 0.0087890625
2 0.421875 0.42578125 0.00390625 0.005859375
2 0.1201171875 0.4208984375 0.0068359375 0.0087890625
1 0.0625 0.412109375 0.005859375 0.0078125
2 0.3974609375 0.4267578125 0.0048828125 0.005859375
2 0.123046875 0.416015625 0.005859375 0.0078125
2 0.1787109375 0.4140625 0.00390625 0.005859375
2 0.1728515625 0.416015625 0.00390625 0.005859375
2 0.328125 0.416015625 0.0029296875 0.00390625
1 0.0654296875 0.41015625 0.00390625 0.005859375
1 0.4853515625 0.4296875 0.0048828125 0.005859375
1 0.498046875 0.4287109375 0.00390625 0.0048828125
1 0.4931640625 0.4267578125 0.0029296875 0.0048828125
2 0.2236328125 0.4111328125 0.0029296875 0.00390625
2 0.1044921875 0.4072265625 0.0029296875 0.00390625
2 0.416015625 0.423828125 0.00390625 0.005859375
1 0.4287109375 0.421875 0.001953125 0.00390625
2 0.39453125 0.421875 0.00390625 0.00390625
1 0.4609375 0.4306640625 0.0048828125 0.0078125
2 0.37109375 0.419921875 0.0029296875 0.00390625
1 0.0947265625 0.4111328125 0.00390625 0.005859375
2 0.0908203125 0.4091796875 0.00390625 0.0048828125
1 0.0068359375 0.412109375 0.0068359375 0.0078125
2 0.083984375 0.408203125 0.0029296875 0.00390625
2 0.181640625 0.41015625 0.0029296875 0.00390625
1 0.0244140625 0.4072265625 0.0048828125 0.005859375
2 0.3125 0.416015625 0.001953125 0.00390625
2 0.263671875 0.4130859375 0.0029296875 0.00390625
1 0.03125 0.404296875 0.00390625 0.0048828125
1 0.1865234375 0.4091796875 0.0029296875 0.00390625
2 0.3486328125 0.41796875 0.0029296875 0.00390625
2 0.1455078125 0.408203125 0.0029296875 0.00390625
2 0.2900390625 0.4140625 0.0029296875 0.00390625
1 0.1494140625 0.408203125 0.0029296875 0.00390625
1 0.09765625 0.4111328125 0.00390625 0.005859375
1 0.12109375 0.4072265625 0.0029296875 0.00390625
1 0.2705078125 0.4130859375 0.0029296875 0.0029296875
1 0.375 0.41796875 0.001953125 0.0029296875
1 0.009765625 0.40625 0.00390625 0.0048828125
1 0.5458984375 0.4423828125 0.0078125 0.0107421875
1 0.0615234375 0.4052734375 0.0029296875 0.00390625
1 0.404296875 0.419921875 0.001953125 0.0029296875
2 0.0810546875 0.4072265625 0.0029296875 0.00390625
1 0.3046875 0.4140625 0.001953125 0.001953125
1 0.013671875 0.4052734375 0.00390625 0.00390625
1 0.0166015625 0.404296875 0.00390625 0.0048828125
1 0.4658203125 0.42578125 0.00390625 0.0048828125
1 0.0927734375 0.4072265625 0.0029296875 0.00390625
1 0.98828125 0.4677734375 0.0107421875 0.0126953125
0 0.185546875 0.435546875 0.013671875 0.029296875
0 0.1943359375 0.4375 0.013671875 0.0302734375