2 0.109375 0.4423828125 0.0185546875 0.0205078125
2 0.234375 0.4619140625 0.0234375 0.025390625
2 0.5126953125 0.505859375 0.037109375 0.041015625
2 0.0390625 0.431640625 0.0146484375 0.0166015625
2 0.521484375 0.4365234375 0.0078125 0.009765625
2 0.0048828125 0.4248046875 0.0087890625 0.0146484375
2 0.4501953125 0.4306640625 0.0068359375 0.0087890625
2 0.1484375 0.41796875 0.0068359375 0.0087890625
1 0.552734375 0.43359375 0.0068359375 0.0078125
2 0.7880859375 0.4482421875 0.0087890625 0.0107421875
2 0.646484375 0.4423828125 0.0078125 0.0107421875
2 0.1005859375 0.4189453125 0.0078125 0.009765625
2 0.9931640625 0.4599609375 0.0107421875 0.0146484375
1 0.494140625 0.427734375 0.0048828125 0.005859375
2 0.0322265625 0.4208984375 0.0087890625 0.0107421875
1 0.078125 0.412109375 0.0048828125 0.005859375
1 0.04296875 0.4091796875 0.0048828125 0.005859375
2 0.126953125 0.4111328125 0.0048828125 0.005859375
1 0.44140625 0.423828125 0.00390625 0.005859375
1 0.0869140625 0.4140625 0.005859375 0.0068359375
2 0.42578125 0.4267578125 0.005859375 0.0078125
2 0.0830078125 0.4091796875 0.00390625 0.0048828125
1 0.9638671875 0.4541015625 0.0087890625 0.0107421875
1 0.5947265625 0.4365234375 0.005859375 0.0078125
2 0.1591796875 0.4130859375 0.0048828125 0.005859375
2 0.2431640625 0.4150390625 0.00390625 0.005859375
1 0.7578125 0.443359375 0.0068359375 0.0087890625
2 0.33203125 0.419921875 0.0048828125 0.005859375
1 0.3408203125 0.41796875 0.00390625 0.005859375
1 0.6650390625 0.439453125 0.0068359375 0.0087890625
2 0.28125 0.4169921875 0.00390625 0.005859375
2 0.1865234375 0.4169921875 0.005859375 0.0078125
1 0.2412109375 0.4130859375 0.0029296875 0.00390625
2 0.162109375 0.41015625 0.00390625 0.0048828125
1 0.390625 0.4208984375 0.00390625 0.005859375
1 0.83203125 0.447265625 0.0078125 0.0087890625
2 0.140625 0.408203125 0.0029296875 0.0048828125
2 0.0205078125 0.40625 0.0048828125 0.005859375
2 0.3857421875 0.4228515625 0.0048828125 0.0068359375
1 0.1474609375 0.4072265625 0.001953125 0.00390625
1 0.525390625 0.4306640625 0.005859375 0.0078125
1 0.21484375 0.4111328125 0.0029296875 0.0048828125
1 0.033203125 0.4140625 0.0068359375 0.0078125
2 0.037109375 0.4033203125 0.0029296875 0.00390625
2 0.1875 0.4111328125 0.00390625 0.005859375
2 0.0888671875 0.4052734375 0.0029296875 0.00390625
2 0.1201171875 0.4072265625 0.0029296875 0.00390625
1 0.1923828125 0.41015625 0.001953125 0.00390625
1 0.0517578125 0.404296875 0.0029296875 0.0029296875
1 0.115234375 0.4052734375 0.001953125 0.00390625
2 0.2109375 0.412109375 0.0029296875 0.0048828125
1 0.298828125 0.416015625 0.00390625 0.00390625