2 0.978515625 0.4873046875 0.02734375 0.029296875
2 0.4541015625 0.498046875 0.025390625 0.029296875
2 0.294921875 0.4853515625 0.01953125 0.0224609375
2 0.1318359375 0.48046875 0.017578125 0.0185546875
2 0.7236328125 0.4736328125 0.013671875 0.01953125
2 0.5146484375 0.4609375 0.0087890625 0.01171875
2 0.703125 0.5380859375 0.0478515625 0.0498046875
2 0.6044921875 0.4658203125 0.0107421875 0.0146484375
1 0.5068359375 0.453125 0.005859375 0.0078125
2 0.458984375 0.4580078125 0.0078125 0.0107421875
1 0.5625 0.455078125 0.0078125 0.0087890625
1 0.009765625 0.5302734375 0.0185546875 0.0439453125
1 0.630859375 0.45703125 0.0087890625 0.0107421875
1 0.23046875 0.455078125 0.005859375 0.0078125
2 0.41796875 0.4560546875 0.0068359375 0.0087890625
1 0.0703125 0.4599609375 0.005859375 0.0078125
1 0.158203125 0.45703125 0.005859375 0.0078125
2 0.19140625 0.4580078125 0.0068359375 0.0078125
2 0.28125 0.4560546875 0.005859375 0.0078125
1 0.4638671875 0.4521484375 0.005859375 0.0068359375
2 0.36328125 0.455078125 0.005859375 0.0078125
1 0.4091796875 0.4521484375 0.0048828125 0.0068359375
1 0.73046875 0.4609375 0.0087890625 0.0126953125
1 0.3125 0.453125 0.00390625 0.005859375
2 0.0771484375 0.4619140625 0.0068359375 0.0087890625
0 0.70703125 0.466796875 0.0205078125 0.033203125
0 0.73828125 0.4677734375 0.0234375 0.03515625