2 0.880859375 0.5185546875 0.0390625 0.044921875
2 0.7783203125 0.4853515625 0.0234375 0.0263671875
1 0.359375 0.533203125 0.0439453125 0.048828125
1 0.3701171875 0.474609375 0.0146484375 0.0185546875
1 0.44921875 0.4873046875 0.01953125 0.0244140625
2 0.642578125 0.470703125 0.0146484375 0.0185546875
2 0.5205078125 0.46484375 0.01171875 0.015625
1 0.2626953125 0.4677734375 0.0126953125 0.015625
1 0.037109375 0.46484375 0.01171875 0.0126953125
2 0.4189453125 0.4609375 0.009765625 0.0126953125
2 0.3173828125 0.458984375 0.009765625 0.01171875
2 0.08203125 0.458984375 0.0087890625 0.0107421875
2 0.78125 0.458984375 0.01171875 0.013671875
1 0.1484375 0.4658203125 0.01171875 0.013671875
1 0.0224609375 0.4521484375 0.005859375 0.0068359375
1 0.8583984375 0.4541015625 0.0107421875 0.01171875
2 0.474609375 0.4521484375 0.0068359375 0.0087890625
2 0.2001953125 0.458984375 0.009765625 0.0107421875
1 0.439453125 0.447265625 0.0048828125 0.0068359375
2 0.4140625 0.4501953125 0.0068359375 0.0078125
2 0.6357421875 0.4560546875 0.0087890625 0.0107421875
1 0.09375 0.4501953125 0.0048828125 0.0068359375
2 0.5390625 0.453125 0.0068359375 0.009765625
2 0.044921875 0.453125 0.005859375 0.0068359375
1 0.1552734375 0.44921875 0.00390625 0.005859375
2 0.369140625 0.44921875 0.005859375 0.0078125
2 0.3310546875 0.4482421875 0.0048828125 0.0068359375
2 0.2099609375 0.44921875 0.0048828125 0.005859375
1 0.3583984375 0.4462890625 0.00390625 0.005859375
1 0.310546875 0.4462890625 0.00390625 0.005859375
1 0.4873046875 0.4482421875 0.005859375 0.0078125
2 0.2802734375 0.4482421875 0.0048828125 0.005859375
2 0.1357421875 0.4501953125 0.0048828125 0.0068359375
1 0.2275390625 0.447265625 0.00390625 0.005859375
0 0.53125 0.44921875 0.0078125 0.0166015625
0 0.546875 0.4501953125 0.009765625 0.017578125