2 0.7119140625 0.4013671875 0.001953125 0.00390625
2 0.73046875 0.4013671875 0.0029296875 0.00390625
2 0.7373046875 0.40234375 0.0029296875 0.00390625
2 0.74609375 0.40234375 0.0029296875 0.0048828125
2 0.7431640625 0.4033203125 0.00390625 0.0048828125
2 0.7197265625 0.404296875 0.00390625 0.0048828125
2 0.705078125 0.40625 0.00390625 0.0048828125
2 0.7265625 0.4072265625 0.00390625 0.005859375
2 0.7890625 0.4072265625 0.005859375 0.0068359375
2 0.84375 0.4072265625 0.0078125 0.009765625
2 0.8193359375 0.412109375 0.0078125 0.0107421875
2 0.7607421875 0.4169921875 0.0087890625 0.01171875
2 0.7294921875 0.4248046875 0.0107421875 0.013671875
2 0.8076171875 0.4326171875 0.0146484375 0.017578125
2 0.1259765625 0.47265625 0.0234375 0.025390625
2 0.2265625 0.4541015625 0.0166015625 0.01953125
2 0.2578125 0.4443359375 0.01171875 0.0146484375
2 0.3349609375 0.43359375 0.0087890625 0.01171875
2 0.4013671875 0.42578125 0.0078125 0.009765625
2 0.4453125 0.4208984375 0.005859375 0.0087890625
2 0.4794921875 0.4169921875 0.0048828125 0.0068359375
2 0.5009765625 0.4150390625 0.0048828125 0.0068359375
2 0.5205078125 0.412109375 0.00390625 0.005859375
2 0.5322265625 0.4111328125 0.00390625 0.005859375
2 0.5439453125 0.41015625 0.0029296875 0.00390625
2 0.5537109375 0.4091796875 0.0029296875 0.00390625
2 0.5615234375 0.408203125 0.0029296875 0.00390625
2 0.5703125 0.4072265625 0.0029296875 0.00390625
2 0.58203125 0.4052734375 0.001953125 0.0029296875
2 0.603515625 0.4052734375 0.001953125 0.00390625
2 0.6357421875 0.404296875 0.001953125 0.00390625
1 0.6611328125 0.404296875 0.001953125 0.0029296875
1 0.6806640625 0.40234375 0.001953125 0.0029296875
1 0.693359375 0.4033203125 0.001953125 0.00390625
1 0.701171875 0.4033203125 0.001953125 0.00390625
1 0.6845703125 0.4052734375 0.0029296875 0.00390625
1 0.6455078125 0.4072265625 0.00390625 0.0048828125
1 0.625 0.4091796875 0.00390625 0.005859375
1 0.6357421875 0.41015625 0.00390625 0.005859375
1 0.6767578125 0.41015625 0.0048828125 0.0068359375
1 0.712890625 0.412109375 0.005859375 0.0087890625
1 0.6826171875 0.416015625 0.0068359375 0.009765625
1 0.60546875 0.4208984375 0.0078125 0.0107421875
1 0.55859375 0.427734375 0.0087890625 0.01171875
1 0.5595703125 0.4375 0.01171875 0.0146484375
1 0.6806640625 0.447265625 0.0166015625 0.021484375
1 0.7978515625 0.4736328125 0.029296875 0.03515625
1 0.66796875 0.55078125 0.0537109375 0.06640625
1 0.0751953125 0.5234375 0.0439453125 0.046875
1 0.33984375 0.474609375 0.0263671875 0.0283203125
1 0.4111328125 0.451171875 0.0166015625 0.01953125
1 0.4287109375 0.4384765625 0.01171875 0.0146484375
1 0.4501953125 0.4306640625 0.009765625 0.0126953125
1 0.48828125 0.423828125 0.0078125 0.009765625
1 0.51953125 0.4189453125 0.005859375 0.0078125
1 0.544921875 0.4150390625 0.00390625 0.005859375
1 0.5595703125 0.4130859375 0.00390625 0.005859375
1 0.572265625 0.4111328125 0.00390625 0.0048828125
1 0.5810546875 0.4091796875 0.0029296875 0.00390625
1 0.58984375 0.408203125 0.0029296875 0.00390625
1 0.5966796875 0.4072265625 0.001953125 0.00390625
1 0.6015625 0.40625 0.001953125 0.00390625
1 0.6083984375 0.4052734375 0.001953125 0.0029296875
1 0.62890625 0.404296875 0.001953125 0.00390625