1 0.03125 0.40625 0.0048828125 0.005859375
1 0.091796875 0.408203125 0.00390625 0.0048828125
1 0.1474609375 0.41015625 0.0048828125 0.0048828125
1 0.21875 0.412109375 0.0029296875 0.00390625
1 0.2705078125 0.4140625 0.00390625 0.00390625
1 0.3203125 0.416015625 0.0029296875 0.00390625
1 0.3603515625 0.41796875 0.0029296875 0.00390625
1 0.39453125 0.419921875 0.00390625 0.0048828125
1 0.4560546875 0.4248046875 0.00390625 0.005859375
1 0.5087890625 0.427734375 0.0048828125 0.005859375
1 0.5947265625 0.43359375 0.0048828125 0.0068359375
1 0.681640625 0.439453125 0.0068359375 0.0087890625
1 0.732421875 0.4453125 0.0078125 0.009765625
1 0.771484375 0.451171875 0.009765625 0.01171875
1 0.8359375 0.4619140625 0.013671875 0.0166015625
1 0.958984375 0.48046875 0.0205078125 0.0224609375
2 0.5009765625 0.59375 0.0595703125 0.05859375
2 0.138671875 0.4794921875 0.03125 0.0361328125
2 0.0478515625 0.447265625 0.021484375 0.025390625
2 0.0537109375 0.4345703125 0.0146484375 0.0185546875
2 0.140625 0.427734375 0.0107421875 0.0126953125
2 0.1318359375 0.421875 0.0087890625 0.0107421875
2 0.048828125 0.4169921875 0.0087890625 0.009765625
2 0.02734375 0.4072265625 0.005859375 0.005859375
2 0.087890625 0.4091796875 0.00390625 0.0048828125
2 0.1533203125 0.4111328125 0.00390625 0.005859375
2 0.2158203125 0.4130859375 0.00390625 0.0048828125
2 0.884765625 0.50390625 0.03125 0.0341796875
2 0.67578125 0.470703125 0.0185546875 0.0224609375
2 0.6484375 0.45703125 0.0126953125 0.0166015625
2 0.6298828125 0.4482421875 0.0107421875 0.0126953125
2 0.6044921875 0.44140625 0.0078125 0.0107421875
2 0.548828125 0.4345703125 0.0078125 0.009765625
2 0.4892578125 0.4306640625 0.005859375 0.0087890625
2 0.4306640625 0.4267578125 0.0048828125 0.0068359375
2 0.37890625 0.4228515625 0.00390625 0.005859375
2 0.33203125 0.419921875 0.00390625 0.005859375
2 0.2998046875 0.4169921875 0.00390625 0.005859375
2 0.2587890625 0.4150390625 0.00390625 0.005859375