2 0.509765625 0.5859375 0.0673828125 0.0751953125
2 0.3681640625 0.470703125 0.0234375 0.03125
2 0.3515625 0.4453125 0.0146484375 0.0205078125
2 0.337890625 0.431640625 0.0107421875 0.0146484375
2 0.33203125 0.423828125 0.0078125 0.0107421875
2 0.3291015625 0.419921875 0.0048828125 0.0087890625
2 0.32421875 0.4169921875 0.00390625 0.0068359375
2 0.3212890625 0.4130859375 0.0048828125 0.0068359375
2 0.3310546875 0.4111328125 0.00390625 0.005859375
2 0.3544921875 0.4111328125 0.00390625 0.0048828125
2 0.3994140625 0.412109375 0.0029296875 0.0048828125
2 0.4482421875 0.4140625 0.0029296875 0.0048828125
2 0.4970703125 0.416015625 0.0029296875 0.0048828125
2 0.513671875 0.4169921875 0.00390625 0.0048828125
2 0.51953125 0.4189453125 0.00390625 0.005859375
2 0.5107421875 0.419921875 0.00390625 0.005859375
2 0.4814453125 0.421875 0.0048828125 0.0078125
2 0.4580078125 0.4228515625 0.005859375 0.0078125
2 0.4404296875 0.4248046875 0.0078125 0.009765625
2 0.45703125 0.4296875 0.0078125 0.0107421875
2 0.4970703125 0.4345703125 0.009765625 0.0126953125
2 0.61328125 0.4443359375 0.0126953125 0.0166015625
2 0.810546875 0.4599609375 0.017578125 0.01953125
1 0.0068359375 0.51953125 0.0107421875 0.0498046875
1 0.0048828125 0.4580078125 0.009765625 0.029296875
1 0.109375 0.4345703125 0.0185546875 0.0205078125
1 0.162109375 0.42578125 0.0126953125 0.0146484375
1 0.1904296875 0.419921875 0.009765625 0.01171875
1 0.2109375 0.416015625 0.0078125 0.009765625
1 0.2255859375 0.4130859375 0.005859375 0.0078125
1 0.2373046875 0.4111328125 0.005859375 0.0068359375
1 0.2470703125 0.4091796875 0.00390625 0.005859375
1 0.25390625 0.408203125 0.00390625 0.0048828125
1 0.2841796875 0.408203125 0.00390625 0.005859375
1 0.3271484375 0.4091796875 0.0029296875 0.00390625
1 0.3828125 0.41015625 0.00390625 0.00390625
1 0.443359375 0.412109375 0.0029296875 0.00390625
1 0.5048828125 0.4150390625 0.0029296875 0.00390625
1 0.5439453125 0.4169921875 0.0029296875 0.00390625
1 0.5751953125 0.4189453125 0.00390625 0.0048828125
1 0.6025390625 0.421875 0.00390625 0.0048828125
1 0.58984375 0.4228515625 0.0048828125 0.0068359375
1 0.5703125 0.423828125 0.0048828125 0.0068359375
1 0.5517578125 0.42578125 0.005859375 0.0078125
1 0.5576171875 0.4287109375 0.0068359375 0.0087890625
1 0.5908203125 0.43359375 0.0087890625 0.0107421875
1 0.693359375 0.4423828125 0.0107421875 0.0126953125
1 0.8779296875 0.4541015625 0.013671875 0.015625