1 0.0390625 0.4140625 0.0078125 0.0087890625
1 0.125 0.416015625 0.005859375 0.0078125
1 0.1904296875 0.41796875 0.0048828125 0.0068359375
1 0.2607421875 0.421875 0.005859375 0.0068359375
1 0.32421875 0.4248046875 0.005859375 0.0068359375
1 0.3876953125 0.427734375 0.0048828125 0.005859375
1 0.44921875 0.431640625 0.005859375 0.0078125
1 0.5078125 0.4365234375 0.005859375 0.0078125
1 0.580078125 0.4423828125 0.0078125 0.0087890625
1 0.677734375 0.4521484375 0.0078125 0.0087890625
1 0.8125 0.462890625 0.0107421875 0.0126953125
2 0.412109375 0.5185546875 0.041015625 0.048828125
2 0.23828125 0.466796875 0.0234375 0.02734375
2 0.1650390625 0.4462890625 0.0166015625 0.01953125
2 0.1240234375 0.4345703125 0.01171875 0.0146484375
2 0.09765625 0.4267578125 0.009765625 0.0126953125
2 0.0791015625 0.4208984375 0.0087890625 0.0107421875
2 0.115234375 0.419921875 0.0068359375 0.0087890625
2 0.1953125 0.421875 0.005859375 0.0078125
2 0.2841796875 0.4248046875 0.005859375 0.0078125
2 0.3505859375 0.4287109375 0.0068359375 0.0087890625
2 0.3984375 0.43359375 0.0078125 0.009765625
2 0.46875 0.4404296875 0.0087890625 0.0107421875
2 0.560546875 0.4501953125 0.009765625 0.013671875
2 0.697265625 0.4638671875 0.0146484375 0.0166015625
2 0.91796875 0.4853515625 0.0205078125 0.0205078125