1 0.419921875 0.423828125 0.00390625 0.0068359375
1 0.490234375 0.4287109375 0.005859375 0.0078125
1 0.58203125 0.4345703125 0.0068359375 0.0087890625
1 0.705078125 0.4423828125 0.0068359375 0.0087890625
1 0.8447265625 0.451171875 0.0087890625 0.0107421875
1 0.0126953125 0.4814453125 0.025390625 0.0390625
1 0.189453125 0.4501953125 0.021484375 0.0224609375
1 0.2529296875 0.4384765625 0.0126953125 0.015625
1 0.2001953125 0.4296875 0.01171875 0.013671875
1 0.1103515625 0.421875 0.0107421875 0.0126953125
1 0.00390625 0.4150390625 0.0068359375 0.01171875
1 0.3662109375 0.4208984375 0.0048828125 0.0068359375
1 0.3154296875 0.4169921875 0.00390625 0.005859375
1 0.2724609375 0.4150390625 0.0048828125 0.005859375
1 0.193359375 0.41015625 0.00390625 0.0048828125
1 0.14453125 0.4072265625 0.00390625 0.005859375
1 0.0546875 0.4033203125 0.0048828125 0.005859375
2 0.166015625 0.41015625 0.0048828125 0.005859375
2 0.2041015625 0.4130859375 0.005859375 0.0068359375
2 0.24609375 0.416015625 0.005859375 0.0078125
2 0.2998046875 0.419921875 0.005859375 0.0078125
2 0.3525390625 0.4228515625 0.0048828125 0.0078125
2 0.4228515625 0.4287109375 0.005859375 0.0087890625
2 0.517578125 0.4345703125 0.0078125 0.009765625
2 0.6552734375 0.4443359375 0.0087890625 0.01171875
2 0.8212890625 0.455078125 0.0107421875 0.0126953125
2 0.994140625 0.46875 0.0107421875 0.0166015625
2 0.11328125 0.4072265625 0.0048828125 0.005859375
2 0.037109375 0.404296875 0.0048828125 0.005859375
2 0.04296875 0.412109375 0.0078125 0.009765625
2 0.1552734375 0.41796875 0.0078125 0.009765625
2 0.244140625 0.4228515625 0.0087890625 0.0107421875
2 0.322265625 0.4287109375 0.0087890625 0.01171875
2 0.4013671875 0.4365234375 0.0107421875 0.0126953125
2 0.4599609375 0.4453125 0.01171875 0.015625
2 0.458984375 0.4560546875 0.0146484375 0.01953125
2 0.4658203125 0.4765625 0.0224609375 0.0283203125
2 0.5419921875 0.5556640625 0.0498046875 0.0625
0 0.345703125 0.419921875 0.0078125 0.0146484375
0 0.357421875 0.4208984375 0.0078125 0.015625
0 0.4150390625 0.421875 0.0068359375 0.013671875
0 0.4267578125 0.421875 0.0078125 0.0146484375
1 0.6123046875 0.4326171875 0.005859375 0.0078125