1 0.3564453125 0.4912109375 0.017578125 0.0224609375
1 0.3076171875 0.52734375 0.0341796875 0.0400390625
1 0.982421875 0.466796875 0.0087890625 0.0107421875
1 0.8837890625 0.4658203125 0.0078125 0.009765625
1 0.7841796875 0.462890625 0.0068359375 0.0087890625
1 0.6396484375 0.45703125 0.005859375 0.0078125
1 0.5673828125 0.455078125 0.00390625 0.005859375
1 0.4951171875 0.4560546875 0.0048828125 0.0068359375
1 0.42578125 0.45703125 0.0068359375 0.0078125
1 0.3828125 0.4599609375 0.005859375 0.0087890625
2 0.5 0.46484375 0.0078125 0.01171875
2 0.48828125 0.4609375 0.0078125 0.009765625
2 0.5048828125 0.458984375 0.005859375 0.0087890625
2 0.5712890625 0.4580078125 0.005859375 0.0087890625
2 0.64453125 0.4599609375 0.005859375 0.0087890625
2 0.7109375 0.4619140625 0.0078125 0.0107421875
2 0.8056640625 0.4658203125 0.009765625 0.0126953125
2 0.9130859375 0.470703125 0.0107421875 0.0126953125
2 0.6044921875 0.4873046875 0.0185546875 0.021484375
2 0.7470703125 0.51953125 0.033203125 0.037109375
0 0.373046875 0.4716796875 0.0166015625 0.02734375
0 0.5498046875 0.4697265625 0.0126953125 0.025390625
0 0.55859375 0.4697265625 0.013671875 0.025390625
2 0.552734375 0.4736328125 0.005859375 0.013671875