2 0.7861328125 0.5263671875 0.0439453125 0.0478515625
2 0.6962890625 0.4833984375 0.0224609375 0.0263671875
2 0.6279296875 0.466796875 0.0146484375 0.017578125
2 0.55859375 0.458984375 0.0107421875 0.0146484375
2 0.4609375 0.455078125 0.0087890625 0.0107421875
2 0.369140625 0.453125 0.0078125 0.009765625
2 0.28515625 0.4521484375 0.0068359375 0.0087890625
2 0.2041015625 0.4521484375 0.005859375 0.0087890625
2 0.16796875 0.4501953125 0.005859375 0.0078125
2 0.1591796875 0.4482421875 0.00390625 0.0068359375
2 0.1552734375 0.4453125 0.00390625 0.005859375
2 0.150390625 0.44140625 0.0029296875 0.00390625
2 0.1572265625 0.4404296875 0.001953125 0.00390625
2 0.1748046875 0.4404296875 0.0029296875 0.00390625
2 0.208984375 0.439453125 0.001953125 0.0029296875
2 0.2431640625 0.439453125 0.001953125 0.0029296875
2 0.2744140625 0.4384765625 0.001953125 0.0029296875
2 0.2822265625 0.439453125 0.001953125 0.00390625
2 0.2705078125 0.4404296875 0.0029296875 0.00390625
2 0.24609375 0.44140625 0.001953125 0.00390625
2 0.2265625 0.44140625 0.0029296875 0.00390625
2 0.2119140625 0.443359375 0.0029296875 0.00390625
2 0.2158203125 0.443359375 0.0029296875 0.0048828125
2 0.228515625 0.4443359375 0.0029296875 0.0048828125
2 0.2646484375 0.4443359375 0.00390625 0.0048828125
2 0.314453125 0.4443359375 0.00390625 0.005859375
2 0.365234375 0.4443359375 0.00390625 0.005859375
2 0.419921875 0.4453125 0.005859375 0.0068359375
2 0.4619140625 0.4462890625 0.005859375 0.0078125
2 0.5107421875 0.4482421875 0.0068359375 0.0087890625
2 0.576171875 0.4501953125 0.0078125 0.009765625
2 0.66015625 0.4541015625 0.0087890625 0.01171875
2 0.79296875 0.458984375 0.0126953125 0.0146484375
2 0.9951171875 0.466796875 0.009765625 0.0205078125
1 0.2626953125 0.5556640625 0.0498046875 0.05859375
1 0.4052734375 0.4912109375 0.0234375 0.0263671875
1 0.41796875 0.4697265625 0.0146484375 0.0185546875
1 0.357421875 0.4619140625 0.0107421875 0.013671875
1 0.2900390625 0.4580078125 0.0087890625 0.0107421875
1 0.173828125 0.45703125 0.0087890625 0.0107421875
1 0.0947265625 0.455078125 0.0078125 0.009765625
1 0.0546875 0.4541015625 0.0078125 0.0107421875
1 0.0625 0.44921875 0.005859375 0.0068359375
1 0.0712890625 0.4482421875 0.0048828125 0.005859375
1 0.078125 0.4462890625 0.0029296875 0.0048828125
1 0.0830078125 0.4443359375 0.0029296875 0.00390625
1 0.0869140625 0.4453125 0.0029296875 0.0029296875
1 0.08984375 0.4443359375 0.001953125 0.0029296875
1 0.1220703125 0.44140625 0.001953125 0.001953125
1 0.197265625 0.439453125 0.001953125 0.0029296875
1 0.2861328125 0.4384765625 0.001953125 0.0029296875
1 0.30859375 0.4384765625 0.001953125 0.0029296875
1 0.322265625 0.4384765625 0.001953125 0.00390625
1 0.3330078125 0.4384765625 0.001953125 0.00390625
1 0.318359375 0.439453125 0.0029296875 0.00390625
1 0.298828125 0.4404296875 0.0029296875 0.00390625
1 0.2783203125 0.4423828125 0.0029296875 0.00390625
1 0.2724609375 0.4423828125 0.001953125 0.00390625
1 0.30859375 0.443359375 0.0029296875 0.005859375
1 0.361328125 0.4423828125 0.00390625 0.005859375
1 0.4794921875 0.443359375 0.0048828125 0.005859375
1 0.5224609375 0.4443359375 0.005859375 0.0068359375
1 0.5791015625 0.4462890625 0.005859375 0.0078125
1 0.6455078125 0.447265625 0.0068359375 0.0078125
1 0.7451171875 0.4501953125 0.0087890625 0.0107421875
1 0.888671875 0.4541015625 0.0107421875 0.0126953125