1 0.2998046875 0.55859375 0.0537109375 0.0615234375
1 0.5380859375 0.50390625 0.0302734375 0.0341796875
1 0.6884765625 0.4765625 0.0166015625 0.0205078125
1 0.751953125 0.4677734375 0.0126953125 0.0166015625
1 0.7001953125 0.4599609375 0.009765625 0.0126953125
1 0.6396484375 0.4541015625 0.0078125 0.009765625
1 0.6328125 0.4501953125 0.005859375 0.0078125
1 0.65234375 0.4482421875 0.005859375 0.0078125
1 0.685546875 0.447265625 0.00390625 0.005859375
1 0.7138671875 0.4453125 0.00390625 0.005859375
1 0.68359375 0.4443359375 0.00390625 0.005859375
1 0.6611328125 0.443359375 0.00390625 0.0048828125
1 0.67578125 0.4423828125 0.0029296875 0.00390625
1 0.70703125 0.4423828125 0.0029296875 0.00390625
1 0.8642578125 0.4404296875 0.00390625 0.0048828125
1 0.9609375 0.44140625 0.00390625 0.0048828125
1 0.9951171875 0.4423828125 0.00390625 0.005859375
2 0.9560546875 0.5947265625 0.052734375 0.056640625
2 0.9677734375 0.5126953125 0.0390625 0.041015625
2 0.9619140625 0.4853515625 0.021484375 0.025390625
2 0.93359375 0.4697265625 0.0166015625 0.0185546875
2 0.8427734375 0.4599609375 0.01171875 0.013671875
2 0.763671875 0.4541015625 0.0087890625 0.0107421875
2 0.728515625 0.451171875 0.0078125 0.009765625
2 0.7421875 0.44921875 0.005859375 0.0087890625
2 0.76953125 0.447265625 0.005859375 0.0078125
2 0.78515625 0.4453125 0.0048828125 0.0068359375
2 0.751953125 0.4443359375 0.00390625 0.005859375
2 0.791015625 0.4423828125 0.00390625 0.0048828125
2 0.8515625 0.4423828125 0.0048828125 0.005859375
2 0.89453125 0.4423828125 0.0048828125 0.005859375
2 0.93359375 0.443359375 0.005859375 0.0068359375
2 0.9580078125 0.4453125 0.005859375 0.0078125
2 0.986328125 0.447265625 0.0068359375 0.0078125