2 0.0576171875 0.482421875 0.0263671875 0.02734375
2 0.3369140625 0.4599609375 0.0185546875 0.021484375
2 0.4462890625 0.4423828125 0.0126953125 0.015625
2 0.470703125 0.43359375 0.0087890625 0.0126953125
2 0.5029296875 0.42578125 0.0087890625 0.0107421875
2 0.59375 0.421875 0.005859375 0.0087890625
2 0.689453125 0.416015625 0.005859375 0.0087890625
2 0.748046875 0.412109375 0.005859375 0.0078125
2 0.7744140625 0.4033203125 0.00390625 0.005859375
2 0.8505859375 0.3994140625 0.00390625 0.005859375
2 0.845703125 0.3974609375 0.0029296875 0.0048828125
2 0.876953125 0.39453125 0.0029296875 0.00390625
2 0.9755859375 0.3916015625 0.0029296875 0.00390625
2 0.9765625 0.4208984375 0.013671875 0.0166015625
1 0.2373046875 0.505859375 0.037109375 0.0400390625
1 0.5537109375 0.4658203125 0.0234375 0.0263671875
1 0.6416015625 0.4423828125 0.015625 0.0185546875
1 0.6064453125 0.43359375 0.0107421875 0.0126953125
1 0.6318359375 0.42578125 0.0087890625 0.0107421875
1 0.7109375 0.419921875 0.0078125 0.009765625
1 0.8203125 0.4150390625 0.0068359375 0.0107421875
1 0.86328125 0.41015625 0.005859375 0.0078125
1 0.8681640625 0.40625 0.0048828125 0.0068359375
1 0.8212890625 0.4052734375 0.0048828125 0.0068359375
1 0.8125 0.404296875 0.0048828125 0.005859375
1 0.8486328125 0.40234375 0.00390625 0.005859375
1 0.8994140625 0.3955078125 0.0029296875 0.0048828125
1 0.978515625 0.392578125 0.0029296875 0.00390625
1 0.9931640625 0.392578125 0.0029296875 0.0048828125
1 0.9921875 0.3955078125 0.0029296875 0.0048828125
1 0.9892578125 0.3994140625 0.0048828125 0.005859375
1 0.9833984375 0.40234375 0.0048828125 0.0068359375
1 0.978515625 0.404296875 0.005859375 0.0078125
1 0.9736328125 0.4072265625 0.0078125 0.0087890625
1 0.9541015625 0.4111328125 0.009765625 0.01171875
1 0.861328125 0.41796875 0.0107421875 0.01171875
1 0.814453125 0.423828125 0.0107421875 0.0126953125
1 0.80078125 0.431640625 0.0126953125 0.0166015625
1 0.818359375 0.443359375 0.017578125 0.0234375
1 0.8154296875 0.46875 0.029296875 0.03515625
1 0.6396484375 0.5751953125 0.0634765625 0.0732421875