2 0.9599609375 0.44921875 0.025390625 0.025390625
2 0.7802734375 0.4375 0.015625 0.017578125
2 0.6640625 0.43359375 0.0107421875 0.0146484375
2 0.58203125 0.431640625 0.0087890625 0.0107421875
2 0.5634765625 0.427734375 0.0078125 0.009765625
2 0.5751953125 0.423828125 0.005859375 0.0078125
2 0.587890625 0.4208984375 0.0048828125 0.0068359375
2 0.59765625 0.4189453125 0.00390625 0.005859375
2 0.6064453125 0.4169921875 0.00390625 0.005859375
2 0.6123046875 0.4150390625 0.0029296875 0.00390625
2 0.6171875 0.4140625 0.001953125 0.00390625
2 0.62109375 0.4130859375 0.001953125 0.00390625
2 0.6259765625 0.412109375 0.001953125 0.00390625
2 0.6357421875 0.4111328125 0.001953125 0.00390625
2 0.654296875 0.41015625 0.0029296875 0.00390625
2 0.6875 0.4091796875 0.001953125 0.00390625
2 0.7236328125 0.4072265625 0.001953125 0.00390625
2 0.7578125 0.40625 0.001953125 0.00390625
2 0.7646484375 0.40625 0.001953125 0.00390625
2 0.7607421875 0.4072265625 0.001953125 0.00390625
2 0.7451171875 0.408203125 0.0029296875 0.00390625
2 0.7138671875 0.41015625 0.0029296875 0.0048828125
2 0.6875 0.412109375 0.00390625 0.0048828125
2 0.666015625 0.4140625 0.00390625 0.005859375
2 0.6748046875 0.4150390625 0.00390625 0.0068359375
2 0.7109375 0.416015625 0.0048828125 0.0068359375
2 0.767578125 0.416015625 0.005859375 0.0078125
2 0.8359375 0.4150390625 0.0068359375 0.0087890625
2 0.9248046875 0.4150390625 0.009765625 0.0107421875
1 0.6328125 0.5556640625 0.0546875 0.0693359375
1 0.6689453125 0.46875 0.0224609375 0.0283203125
1 0.6142578125 0.4482421875 0.015625 0.01953125
1 0.5 0.44140625 0.01171875 0.013671875
1 0.44921875 0.4375 0.0087890625 0.0107421875
1 0.4384765625 0.4345703125 0.0078125 0.009765625
1 0.466796875 0.4296875 0.005859375 0.0078125
1 0.4921875 0.42578125 0.005859375 0.0068359375
1 0.5146484375 0.4228515625 0.0048828125 0.005859375
1 0.5322265625 0.4208984375 0.00390625 0.005859375
1 0.5439453125 0.4189453125 0.0029296875 0.0048828125
1 0.5556640625 0.4169921875 0.0029296875 0.00390625
1 0.5654296875 0.416015625 0.0029296875 0.00390625
1 0.57421875 0.4150390625 0.0029296875 0.00390625
1 0.58203125 0.4140625 0.001953125 0.00390625
1 0.587890625 0.4130859375 0.001953125 0.0029296875
1 0.609375 0.4111328125 0.001953125 0.0029296875
1 0.6396484375 0.41015625 0.001953125 0.0029296875
1 0.6806640625 0.408203125 0.001953125 0.0029296875
1 0.7265625 0.40625 0.001953125 0.0029296875
1 0.7744140625 0.404296875 0.001953125 0.00390625
1 0.80078125 0.404296875 0.0029296875 0.00390625
1 0.8154296875 0.404296875 0.001953125 0.0029296875
1 0.826171875 0.404296875 0.0029296875 0.00390625
1 0.8046875 0.40625 0.0029296875 0.00390625
1 0.7763671875 0.408203125 0.0029296875 0.00390625
1 0.74609375 0.41015625 0.0029296875 0.0048828125
1 0.736328125 0.4111328125 0.00390625 0.0048828125
1 0.73828125 0.412109375 0.00390625 0.005859375
1 0.7724609375 0.412109375 0.00390625 0.005859375
1 0.841796875 0.4111328125 0.005859375 0.0078125
1 0.9384765625 0.41015625 0.0078125 0.0087890625