2 0.9765625 0.4365234375 0.00390625 0.0048828125
2 0.984375 0.439453125 0.0048828125 0.005859375
2 0.94921875 0.4404296875 0.0048828125 0.0068359375
2 0.90234375 0.4423828125 0.0048828125 0.0068359375
2 0.861328125 0.4443359375 0.005859375 0.0078125
2 0.841796875 0.4462890625 0.0068359375 0.0087890625
2 0.859375 0.4501953125 0.0078125 0.009765625
2 0.9345703125 0.455078125 0.0107421875 0.0126953125
2 0.9013671875 0.5654296875 0.056640625 0.0654296875
2 0.662109375 0.4970703125 0.02734375 0.03125
2 0.619140625 0.4716796875 0.015625 0.0205078125
2 0.6455078125 0.4619140625 0.01171875 0.0146484375
2 0.685546875 0.4541015625 0.0087890625 0.01171875
2 0.7119140625 0.44921875 0.0078125 0.009765625
2 0.7314453125 0.4462890625 0.005859375 0.0078125
2 0.74609375 0.443359375 0.0048828125 0.0078125
2 0.7568359375 0.44140625 0.0048828125 0.005859375
2 0.7646484375 0.4404296875 0.00390625 0.005859375
2 0.7724609375 0.4384765625 0.00390625 0.0048828125
2 0.78515625 0.4375 0.0029296875 0.0048828125
2 0.8154296875 0.4365234375 0.00390625 0.0048828125
2 0.8671875 0.4365234375 0.0029296875 0.00390625
2 0.923828125 0.4365234375 0.0029296875 0.00390625
1 0.94140625 0.4365234375 0.0029296875 0.00390625
1 0.994140625 0.4365234375 0.0029296875 0.00390625
1 0.96875 0.4453125 0.0068359375 0.0087890625
1 0.9873046875 0.44921875 0.0087890625 0.009765625
1 0.20703125 0.572265625 0.05859375 0.0712890625
1 0.3154296875 0.4921875 0.0244140625 0.029296875
1 0.4111328125 0.46875 0.013671875 0.017578125
1 0.5029296875 0.458984375 0.0107421875 0.013671875
1 0.5703125 0.4521484375 0.0087890625 0.01171875
1 0.611328125 0.4482421875 0.0068359375 0.0087890625
1 0.6435546875 0.4453125 0.005859375 0.0078125
1 0.6669921875 0.4423828125 0.005859375 0.0068359375
1 0.6875 0.4404296875 0.00390625 0.005859375
1 0.697265625 0.439453125 0.00390625 0.005859375
1 0.708984375 0.4384765625 0.00390625 0.0048828125
1 0.7216796875 0.4375 0.0029296875 0.0048828125
1 0.7421875 0.4365234375 0.0029296875 0.00390625
1 0.779296875 0.4365234375 0.0029296875 0.00390625
1 0.8310546875 0.4365234375 0.0029296875 0.00390625
1 0.8798828125 0.435546875 0.0029296875 0.0048828125