1 0.1728515625 0.3984375 0.001953125 0.0029296875
1 0.2548828125 0.4033203125 0.001953125 0.0029296875
1 0.2421875 0.4033203125 0.001953125 0.0029296875
1 0.2822265625 0.40625 0.001953125 0.0029296875
1 0.3134765625 0.408203125 0.001953125 0.00390625
1 0.306640625 0.4091796875 0.0029296875 0.00390625
1 0.30078125 0.4091796875 0.0029296875 0.00390625
1 0.3330078125 0.412109375 0.0029296875 0.0048828125
1 0.3681640625 0.4140625 0.00390625 0.0048828125
1 0.4091796875 0.4169921875 0.00390625 0.005859375
1 0.4208984375 0.4189453125 0.00390625 0.005859375
1 0.43359375 0.4208984375 0.0048828125 0.0068359375
1 0.44140625 0.423828125 0.005859375 0.0078125
1 0.50390625 0.4287109375 0.0068359375 0.0087890625
1 0.611328125 0.4365234375 0.005859375 0.0078125
1 0.7119140625 0.4453125 0.0087890625 0.0107421875
1 0.794921875 0.453125 0.0107421875 0.0126953125
1 0.9208984375 0.46875 0.015625 0.0166015625
1 0.009765625 0.408203125 0.0087890625 0.009765625
1 0.0205078125 0.4052734375 0.005859375 0.0078125
1 0.107421875 0.3955078125 0.001953125 0.0029296875
2 0.2177734375 0.4013671875 0.001953125 0.0029296875
2 0.2080078125 0.4013671875 0.0029296875 0.0029296875
2 0.228515625 0.4033203125 0.001953125 0.0029296875
2 0.248046875 0.404296875 0.001953125 0.0029296875
2 0.2685546875 0.4052734375 0.001953125 0.00390625
2 0.2626953125 0.40625 0.001953125 0.00390625
2 0.2578125 0.40625 0.0029296875 0.00390625
2 0.25390625 0.4072265625 0.0029296875 0.00390625
2 0.2744140625 0.4091796875 0.00390625 0.005859375
2 0.3115234375 0.412109375 0.00390625 0.005859375
2 0.353515625 0.4140625 0.00390625 0.005859375
2 0.3544921875 0.41796875 0.005859375 0.0078125
2 0.3671875 0.4208984375 0.005859375 0.0087890625
2 0.4287109375 0.4267578125 0.0078125 0.009765625
2 0.525390625 0.4345703125 0.0087890625 0.0107421875
2 0.607421875 0.44140625 0.0087890625 0.01171875
2 0.673828125 0.4501953125 0.0107421875 0.0146484375
2 0.767578125 0.46484375 0.0166015625 0.01953125
2 0.994140625 0.5 0.0107421875 0.02734375
2 0.470703125 0.55859375 0.05859375 0.0712890625
2 0.3046875 0.482421875 0.0322265625 0.037109375
2 0.236328125 0.451171875 0.021484375 0.025390625
2 0.193359375 0.43359375 0.015625 0.017578125
2 0.1728515625 0.423828125 0.01171875 0.0146484375
2 0.16015625 0.41796875 0.0087890625 0.0107421875
2 0.150390625 0.4130859375 0.0068359375 0.0087890625
2 0.1435546875 0.4091796875 0.005859375 0.0078125
2 0.1357421875 0.4072265625 0.0048828125 0.0068359375
2 0.1318359375 0.4052734375 0.00390625 0.005859375
2 0.12890625 0.40234375 0.00390625 0.0048828125
2 0.1259765625 0.40234375 0.0029296875 0.00390625
2 0.12109375 0.3984375 0.0029296875 0.00390625
2 0.134765625 0.3974609375 0.001953125 0.0029296875
2 0.1640625 0.3984375 0.001953125 0.0029296875