1 0.0908203125 0.3974609375 0.0029296875 0.0029296875
1 0.1298828125 0.3994140625 0.001953125 0.00390625
1 0.18359375 0.4033203125 0.001953125 0.00390625
1 0.1923828125 0.40234375 0.001953125 0.0029296875
1 0.1787109375 0.4033203125 0.001953125 0.0029296875
1 0.201171875 0.4052734375 0.001953125 0.00390625
1 0.2275390625 0.40625 0.001953125 0.00390625
1 0.26953125 0.41015625 0.0029296875 0.00390625
1 0.2646484375 0.41015625 0.0029296875 0.0048828125
1 0.2607421875 0.4111328125 0.0029296875 0.0048828125
1 0.3017578125 0.4140625 0.00390625 0.005859375
1 0.3486328125 0.4169921875 0.00390625 0.005859375
1 0.404296875 0.419921875 0.005859375 0.0068359375
1 0.42578125 0.4228515625 0.005859375 0.0078125
1 0.4560546875 0.427734375 0.0068359375 0.0087890625
1 0.4794921875 0.431640625 0.0078125 0.009765625
1 0.57421875 0.4384765625 0.0087890625 0.0107421875
1 0.7333984375 0.44921875 0.0107421875 0.0126953125
1 0.9091796875 0.4638671875 0.013671875 0.0146484375
1 0.009765625 0.39453125 0.0029296875 0.0029296875
2 0.119140625 0.3994140625 0.001953125 0.00390625
2 0.1455078125 0.4013671875 0.001953125 0.00390625
2 0.15625 0.4013671875 0.001953125 0.0029296875
2 0.1484375 0.400390625 0.001953125 0.0029296875
2 0.138671875 0.4013671875 0.001953125 0.00390625
2 0.1357421875 0.4013671875 0.0029296875 0.00390625
2 0.1630859375 0.4033203125 0.0029296875 0.00390625
2 0.1884765625 0.4052734375 0.0029296875 0.00390625
2 0.212890625 0.4072265625 0.0029296875 0.00390625
2 0.2080078125 0.408203125 0.0029296875 0.0048828125
2 0.203125 0.4091796875 0.0048828125 0.005859375
2 0.2314453125 0.412109375 0.005859375 0.0068359375
2 0.2802734375 0.4140625 0.005859375 0.0068359375
2 0.337890625 0.4189453125 0.0048828125 0.0078125
2 0.345703125 0.421875 0.005859375 0.0078125
2 0.357421875 0.4248046875 0.0078125 0.009765625
2 0.3896484375 0.4306640625 0.0087890625 0.01171875
2 0.490234375 0.439453125 0.009765625 0.0126953125
2 0.6494140625 0.451171875 0.0126953125 0.015625
2 0.7919921875 0.4619140625 0.0146484375 0.017578125
2 0.966796875 0.4814453125 0.01953125 0.021484375
2 0.5107421875 0.5888671875 0.0625 0.0693359375
2 0.2255859375 0.4814453125 0.03515625 0.0380859375
2 0.1455078125 0.447265625 0.0205078125 0.0234375
2 0.1083984375 0.4326171875 0.0166015625 0.0185546875
2 0.0859375 0.421875 0.0126953125 0.0146484375
2 0.068359375 0.416015625 0.009765625 0.01171875
2 0.0556640625 0.4111328125 0.0068359375 0.009765625
2 0.0478515625 0.408203125 0.005859375 0.0087890625
2 0.0419921875 0.4052734375 0.00390625 0.0068359375
2 0.037109375 0.4033203125 0.00390625 0.005859375
2 0.03125 0.4013671875 0.0029296875 0.0048828125
2 0.0263671875 0.3984375 0.0029296875 0.00390625
2 0.021484375 0.3974609375 0.001953125 0.00390625
2 0.0166015625 0.396484375 0.0029296875 0.00390625
2 0.04296875 0.396484375 0.001953125 0.0029296875
2 0.0791015625 0.3974609375 0.001953125 0.0029296875