1 0.3359375 0.5361328125 0.0439453125 0.046875
1 0.4462890625 0.4912109375 0.021484375 0.0244140625
1 0.57421875 0.474609375 0.013671875 0.017578125
1 0.6337890625 0.466796875 0.0107421875 0.0146484375
1 0.619140625 0.4638671875 0.009765625 0.0126953125
1 0.560546875 0.4609375 0.0087890625 0.0107421875
1 0.4970703125 0.458984375 0.0078125 0.009765625
1 0.4765625 0.45703125 0.0068359375 0.0087890625
1 0.48046875 0.455078125 0.0048828125 0.0068359375
1 0.484375 0.4521484375 0.00390625 0.005859375
1 0.4892578125 0.451171875 0.00390625 0.005859375
1 0.505859375 0.4501953125 0.0048828125 0.005859375
1 0.5390625 0.4482421875 0.00390625 0.0048828125
1 0.57421875 0.447265625 0.00390625 0.0048828125
1 0.607421875 0.447265625 0.00390625 0.005859375
2 0.8671875 0.5263671875 0.0419921875 0.046875
2 0.7744140625 0.4892578125 0.0234375 0.0263671875
2 0.828125 0.470703125 0.0166015625 0.017578125
2 0.7861328125 0.4619140625 0.01171875 0.013671875
2 0.6865234375 0.4580078125 0.0087890625 0.0107421875
2 0.591796875 0.4560546875 0.0068359375 0.009765625
2 0.5732421875 0.453125 0.005859375 0.0078125
2 0.564453125 0.4501953125 0.0048828125 0.0068359375
2 0.5927734375 0.44921875 0.005859375 0.0068359375
2 0.642578125 0.447265625 0.0048828125 0.005859375
2 0.69140625 0.4462890625 0.0029296875 0.0048828125
2 0.7529296875 0.4462890625 0.0048828125 0.005859375
2 0.822265625 0.4453125 0.0048828125 0.005859375
2 0.87890625 0.4453125 0.005859375 0.005859375
2 0.943359375 0.4462890625 0.0068359375 0.0078125
1 0.9619140625 0.443359375 0.00390625 0.005859375
1 0.88671875 0.443359375 0.00390625 0.005859375
1 0.7431640625 0.4443359375 0.00390625 0.0048828125