2 0.9423828125 0.447265625 0.0234375 0.0244140625
2 0.7705078125 0.4375 0.0146484375 0.0166015625
2 0.6552734375 0.43359375 0.0107421875 0.013671875
2 0.57421875 0.4306640625 0.0087890625 0.0107421875
2 0.5546875 0.427734375 0.0068359375 0.0087890625
2 0.56640625 0.423828125 0.005859375 0.0078125
2 0.578125 0.4208984375 0.0048828125 0.0068359375
2 0.587890625 0.4189453125 0.00390625 0.005859375
2 0.595703125 0.4169921875 0.0029296875 0.0048828125
2 0.6015625 0.416015625 0.0029296875 0.0048828125
2 0.60546875 0.4140625 0.0029296875 0.00390625
2 0.6103515625 0.4130859375 0.001953125 0.00390625
2 0.6142578125 0.412109375 0.001953125 0.0029296875
2 0.6240234375 0.4111328125 0.001953125 0.00390625
2 0.642578125 0.41015625 0.0029296875 0.00390625
2 0.67578125 0.4091796875 0.0029296875 0.00390625
2 0.7109375 0.4072265625 0.001953125 0.0029296875
2 0.7431640625 0.40625 0.001953125 0.0029296875
2 0.7509765625 0.40625 0.001953125 0.00390625
2 0.7470703125 0.4072265625 0.0029296875 0.00390625
2 0.7314453125 0.4091796875 0.0029296875 0.00390625
2 0.701171875 0.41015625 0.00390625 0.0048828125
2 0.67578125 0.412109375 0.00390625 0.005859375
2 0.6552734375 0.4150390625 0.00390625 0.005859375
2 0.6640625 0.416015625 0.0048828125 0.005859375
2 0.69921875 0.416015625 0.005859375 0.0068359375
2 0.7548828125 0.416015625 0.005859375 0.0068359375
2 0.8212890625 0.4150390625 0.0068359375 0.0087890625
2 0.908203125 0.4150390625 0.0087890625 0.0107421875
2 0.9853515625 0.41796875 0.01171875 0.0126953125
1 0.64453125 0.54296875 0.0498046875 0.0625
1 0.666015625 0.466796875 0.0224609375 0.02734375
1 0.6103515625 0.4482421875 0.0146484375 0.0185546875
1 0.49609375 0.44140625 0.01171875 0.013671875
1 0.443359375 0.4375 0.0087890625 0.01171875
1 0.4326171875 0.4345703125 0.0078125 0.009765625
1 0.458984375 0.4296875 0.005859375 0.0078125
1 0.484375 0.42578125 0.0048828125 0.0068359375
1 0.505859375 0.4228515625 0.00390625 0.005859375
1 0.5224609375 0.4208984375 0.00390625 0.0048828125
1 0.5341796875 0.4189453125 0.0029296875 0.0048828125
1 0.544921875 0.4169921875 0.0029296875 0.0048828125
1 0.5546875 0.416015625 0.0029296875 0.00390625
1 0.5634765625 0.4150390625 0.001953125 0.00390625
1 0.5703125 0.4140625 0.001953125 0.00390625
1 0.576171875 0.4130859375 0.001953125 0.0029296875
1 0.59765625 0.412109375 0.001953125 0.00390625
1 0.6279296875 0.41015625 0.001953125 0.0029296875
1 0.66796875 0.408203125 0.001953125 0.0029296875
1 0.7138671875 0.40625 0.001953125 0.0029296875
1 0.759765625 0.4052734375 0.001953125 0.0029296875
1 0.7861328125 0.404296875 0.001953125 0.001953125
1 0.80078125 0.404296875 0.001953125 0.0029296875
1 0.810546875 0.4052734375 0.0029296875 0.0029296875
1 0.7900390625 0.40625 0.001953125 0.00390625
1 0.763671875 0.408203125 0.0029296875 0.00390625
1 0.7333984375 0.41015625 0.0029296875 0.0048828125
1 0.7236328125 0.4111328125 0.00390625 0.0048828125
1 0.7255859375 0.4130859375 0.00390625 0.0048828125
1 0.7587890625 0.4130859375 0.00390625 0.005859375
1 0.8271484375 0.4111328125 0.005859375 0.0078125
1 0.9208984375 0.41015625 0.0078125 0.0087890625