1 0.1103515625 0.3984375 0.001953125 0.00390625
1 0.1572265625 0.400390625 0.001953125 0.00390625
1 0.19921875 0.4033203125 0.001953125 0.00390625
1 0.224609375 0.404296875 0.001953125 0.00390625
1 0.236328125 0.4052734375 0.001953125 0.00390625
1 0.2392578125 0.4052734375 0.001953125 0.00390625
1 0.23046875 0.4072265625 0.0029296875 0.0048828125
1 0.2626953125 0.4091796875 0.00390625 0.0048828125
1 0.30078125 0.412109375 0.00390625 0.005859375
1 0.3701171875 0.4169921875 0.00390625 0.005859375
1 0.375 0.4189453125 0.0048828125 0.0068359375
1 0.3837890625 0.421875 0.005859375 0.0078125
1 0.455078125 0.4267578125 0.005859375 0.0087890625
1 0.5390625 0.431640625 0.0078125 0.009765625
1 0.6552734375 0.4404296875 0.0087890625 0.0107421875
1 0.734375 0.4482421875 0.01171875 0.0126953125
1 0.90234375 0.4658203125 0.015625 0.0166015625
1 0.0126953125 0.3955078125 0.0029296875 0.00390625
2 0.146484375 0.4013671875 0.0029296875 0.00390625
2 0.1796875 0.40234375 0.0029296875 0.00390625
2 0.193359375 0.4033203125 0.0029296875 0.00390625
2 0.185546875 0.404296875 0.0029296875 0.0048828125
2 0.1787109375 0.4052734375 0.00390625 0.005859375
2 0.2177734375 0.408203125 0.00390625 0.005859375
2 0.25390625 0.41015625 0.0048828125 0.005859375
2 0.2900390625 0.4130859375 0.0048828125 0.0068359375
2 0.29296875 0.4150390625 0.0048828125 0.0068359375
2 0.2978515625 0.4169921875 0.005859375 0.0078125
2 0.3095703125 0.419921875 0.0078125 0.009765625
2 0.3642578125 0.4248046875 0.0078125 0.0107421875
2 0.4501953125 0.4296875 0.0078125 0.0107421875
2 0.572265625 0.439453125 0.009765625 0.0126953125
2 0.646484375 0.4501953125 0.01171875 0.015625
2 0.759765625 0.4658203125 0.017578125 0.021484375
2 0.41796875 0.5439453125 0.0546875 0.0576171875
2 0.2060546875 0.4638671875 0.0283203125 0.03125
2 0.1318359375 0.4375 0.0185546875 0.0205078125
2 0.099609375 0.42578125 0.013671875 0.015625
2 0.080078125 0.41796875 0.0107421875 0.0126953125
2 0.06640625 0.4130859375 0.0087890625 0.0107421875
2 0.0537109375 0.408203125 0.0078125 0.0087890625
2 0.04296875 0.4052734375 0.0048828125 0.0078125
2 0.0390625 0.4033203125 0.0048828125 0.0068359375
2 0.0322265625 0.4013671875 0.0048828125 0.005859375
2 0.0263671875 0.3994140625 0.00390625 0.005859375
2 0.0224609375 0.3984375 0.00390625 0.0048828125
2 0.0546875 0.3974609375 0.00390625 0.00390625
2 0.0986328125 0.3994140625 0.0029296875 0.00390625