1 0.21875 0.541015625 0.0439453125 0.052734375
1 0.365234375 0.4853515625 0.021484375 0.025390625
1 0.4775390625 0.4716796875 0.0166015625 0.0185546875
1 0.5830078125 0.4599609375 0.0107421875 0.013671875
1 0.6376953125 0.455078125 0.0087890625 0.01171875
1 0.6103515625 0.451171875 0.0078125 0.009765625
1 0.5703125 0.4482421875 0.005859375 0.0078125
1 0.5859375 0.4443359375 0.00390625 0.005859375
1 0.6162109375 0.443359375 0.00390625 0.005859375
1 0.6416015625 0.4423828125 0.0029296875 0.0048828125
1 0.6181640625 0.44140625 0.0029296875 0.0048828125
1 0.6005859375 0.4404296875 0.0029296875 0.00390625
1 0.6142578125 0.439453125 0.0029296875 0.00390625
1 0.6416015625 0.439453125 0.0029296875 0.00390625
1 0.681640625 0.4384765625 0.0029296875 0.00390625
1 0.732421875 0.4384765625 0.0029296875 0.00390625
1 0.7763671875 0.4375 0.0029296875 0.00390625
1 0.814453125 0.4375 0.001953125 0.00390625
1 0.8525390625 0.4375 0.001953125 0.00390625
1 0.8779296875 0.4384765625 0.0029296875 0.00390625
1 0.8974609375 0.4384765625 0.00390625 0.0048828125
1 0.91796875 0.4404296875 0.00390625 0.005859375
2 0.78515625 0.5673828125 0.0595703125 0.064453125
2 0.6171875 0.490234375 0.0224609375 0.0283203125
2 0.7041015625 0.47265625 0.0166015625 0.0205078125
2 0.744140625 0.462890625 0.0126953125 0.0166015625
2 0.7578125 0.4560546875 0.0107421875 0.0126953125
2 0.71484375 0.451171875 0.0078125 0.009765625
2 0.666015625 0.447265625 0.005859375 0.0087890625
2 0.6435546875 0.4462890625 0.005859375 0.0068359375
2 0.658203125 0.4443359375 0.0048828125 0.0078125
2 0.68359375 0.443359375 0.0048828125 0.0068359375
2 0.701171875 0.44140625 0.00390625 0.005859375
2 0.67578125 0.44140625 0.00390625 0.005859375
2 0.712890625 0.439453125 0.0029296875 0.0048828125
2 0.7626953125 0.439453125 0.00390625 0.0048828125
2 0.796875 0.439453125 0.00390625 0.0048828125
2 0.82421875 0.439453125 0.00390625 0.005859375
2 0.83984375 0.4404296875 0.00390625 0.005859375
2 0.8564453125 0.44140625 0.0048828125 0.005859375
2 0.87890625 0.4423828125 0.005859375 0.0078125
2 0.9140625 0.4443359375 0.0068359375 0.0087890625
2 0.9599609375 0.447265625 0.0078125 0.0107421875