1 0.50390625 0.5166015625 0.03515625 0.0390625
1 0.6796875 0.4873046875 0.0224609375 0.0263671875
1 0.7626953125 0.4716796875 0.015625 0.0185546875
1 0.6875 0.4619140625 0.01171875 0.0146484375
1 0.6435546875 0.455078125 0.0087890625 0.0107421875
1 0.625 0.44921875 0.0068359375 0.0087890625
1 0.650390625 0.447265625 0.005859375 0.0078125
1 0.6875 0.4443359375 0.0048828125 0.0068359375
1 0.7119140625 0.443359375 0.00390625 0.005859375
1 0.69140625 0.44140625 0.00390625 0.005859375
1 0.6591796875 0.4404296875 0.0029296875 0.0048828125
1 0.65234375 0.439453125 0.0029296875 0.00390625
1 0.662109375 0.4384765625 0.001953125 0.00390625
1 0.6806640625 0.4375 0.0029296875 0.00390625
1 0.6982421875 0.4375 0.001953125 0.00390625
1 0.6787109375 0.4365234375 0.001953125 0.00390625
1 0.6630859375 0.4365234375 0.001953125 0.00390625
1 0.6728515625 0.4365234375 0.001953125 0.0029296875
1 0.6943359375 0.4365234375 0.001953125 0.0029296875
1 0.7255859375 0.435546875 0.001953125 0.0029296875
1 0.7666015625 0.435546875 0.001953125 0.0029296875
1 0.802734375 0.435546875 0.001953125 0.0029296875
1 0.8330078125 0.435546875 0.001953125 0.0029296875
1 0.86328125 0.4365234375 0.001953125 0.0029296875
1 0.880859375 0.4365234375 0.001953125 0.00390625
1 0.8935546875 0.4375 0.001953125 0.00390625
1 0.90625 0.4375 0.0029296875 0.00390625
1 0.9189453125 0.4384765625 0.0029296875 0.00390625
1 0.935546875 0.439453125 0.00390625 0.0048828125
2 0.9716796875 0.474609375 0.0205078125 0.021484375
2 0.875 0.4638671875 0.0146484375 0.0166015625
2 0.7802734375 0.4560546875 0.009765625 0.0126953125
2 0.7255859375 0.4501953125 0.0078125 0.0107421875
2 0.755859375 0.4482421875 0.005859375 0.0087890625
2 0.7744140625 0.4453125 0.005859375 0.0078125
2 0.7568359375 0.4423828125 0.0048828125 0.0068359375
2 0.7236328125 0.4404296875 0.00390625 0.0048828125
2 0.7060546875 0.439453125 0.00390625 0.0048828125
2 0.71484375 0.439453125 0.0029296875 0.0048828125
2 0.732421875 0.4384765625 0.00390625 0.0048828125
2 0.7431640625 0.4375 0.0029296875 0.00390625
2 0.7236328125 0.4375 0.001953125 0.00390625
2 0.751953125 0.4365234375 0.001953125 0.00390625
2 0.791015625 0.4365234375 0.0029296875 0.00390625
2 0.818359375 0.4365234375 0.001953125 0.00390625
2 0.8388671875 0.4375 0.001953125 0.00390625
2 0.8486328125 0.4375 0.0029296875 0.00390625
2 0.859375 0.4384765625 0.0029296875 0.00390625
2 0.8720703125 0.439453125 0.00390625 0.0048828125