2 0.0634765625 0.4990234375 0.044921875 0.0478515625
2 0.9130859375 0.4638671875 0.013671875 0.015625
2 0.5986328125 0.5615234375 0.0556640625 0.0654296875
2 0.7119140625 0.4501953125 0.0107421875 0.0126953125
2 0.55859375 0.4384765625 0.0087890625 0.01171875
2 0.470703125 0.4326171875 0.0078125 0.009765625
1 0.9921875 0.4609375 0.01171875 0.0146484375
2 0.19140625 0.419921875 0.0078125 0.009765625
2 0.380859375 0.4267578125 0.0068359375 0.0087890625
2 0.078125 0.4169921875 0.0087890625 0.0126953125
1 0.634765625 0.4375 0.0078125 0.009765625
1 0.1708984375 0.4169921875 0.0078125 0.0087890625
2 0.2998046875 0.423828125 0.0068359375 0.0087890625
1 0.2861328125 0.419921875 0.0068359375 0.0078125
1 0.814453125 0.44921875 0.009765625 0.0107421875
1 0.5478515625 0.431640625 0.005859375 0.0078125
1 0.3720703125 0.4228515625 0.005859375 0.0068359375
1 0.4619140625 0.4267578125 0.00390625 0.0068359375