2 0.0078125 0.453125 0.01171875 0.0126953125
2 0.134765625 0.4501953125 0.0087890625 0.01171875
2 0.2431640625 0.4482421875 0.0078125 0.0107421875
2 0.3037109375 0.447265625 0.005859375 0.0078125
2 0.28515625 0.443359375 0.00390625 0.005859375
2 0.2802734375 0.4404296875 0.00390625 0.005859375
2 0.322265625 0.4404296875 0.0029296875 0.0048828125
2 0.3681640625 0.4404296875 0.0029296875 0.0048828125
2 0.392578125 0.4384765625 0.0029296875 0.00390625
2 0.3857421875 0.4375 0.0029296875 0.00390625
2 0.3701171875 0.4365234375 0.001953125 0.0029296875
2 0.3603515625 0.435546875 0.001953125 0.00390625
2 0.388671875 0.4345703125 0.001953125 0.0029296875
2 0.4130859375 0.435546875 0.001953125 0.0029296875
2 0.427734375 0.4345703125 0.001953125 0.0029296875
2 0.423828125 0.4345703125 0.00390625 0.00390625
2 0.4208984375 0.43359375 0.001953125 0.0029296875
2 0.4375 0.43359375 0.001953125 0.0029296875
2 0.4912109375 0.43359375 0.001953125 0.0029296875
2 0.51953125 0.4345703125 0.001953125 0.0029296875
2 0.5283203125 0.435546875 0.001953125 0.0029296875
2 0.5341796875 0.4384765625 0.00390625 0.00390625
2 0.537109375 0.4404296875 0.0029296875 0.0048828125
2 0.5166015625 0.4423828125 0.0029296875 0.00390625
2 0.5 0.443359375 0.00390625 0.0048828125
2 0.5107421875 0.4443359375 0.00390625 0.005859375
2 0.5400390625 0.4453125 0.0048828125 0.0068359375
2 0.5546875 0.447265625 0.005859375 0.0078125
2 0.5634765625 0.451171875 0.0068359375 0.009765625
2 0.576171875 0.4560546875 0.0087890625 0.01171875
2 0.595703125 0.4638671875 0.01171875 0.015625
2 0.6259765625 0.4765625 0.015625 0.0205078125
2 0.7021484375 0.505859375 0.029296875 0.03515625
2 0.9306640625 0.5888671875 0.060546875 0.0654296875
1 0.0966796875 0.494140625 0.029296875 0.0322265625
1 0.185546875 0.47265625 0.0166015625 0.0205078125
1 0.171875 0.4609375 0.0126953125 0.0146484375
1 0.18359375 0.455078125 0.009765625 0.0126953125
1 0.2744140625 0.451171875 0.0078125 0.009765625
1 0.3671875 0.4501953125 0.0068359375 0.0087890625
1 0.4052734375 0.447265625 0.005859375 0.0078125
1 0.40234375 0.4453125 0.0048828125 0.005859375
1 0.3662109375 0.4443359375 0.00390625 0.005859375
1 0.3603515625 0.4423828125 0.00390625 0.005859375
1 0.3896484375 0.44140625 0.0029296875 0.0048828125
1 0.4345703125 0.4404296875 0.0029296875 0.00390625
1 0.44921875 0.439453125 0.0029296875 0.00390625
1 0.4482421875 0.4384765625 0.0029296875 0.00390625
1 0.421875 0.4375 0.001953125 0.00390625
1 0.4140625 0.4365234375 0.001953125 0.00390625
1 0.431640625 0.4365234375 0.001953125 0.0029296875
1 0.4599609375 0.4365234375 0.001953125 0.00390625
1 0.46875 0.4365234375 0.001953125 0.0029296875
1 0.46484375 0.435546875 0.001953125 0.0029296875
1 0.455078125 0.4345703125 0.001953125 0.0029296875
1 0.451171875 0.4345703125 0.001953125 0.0029296875
1 0.458984375 0.43359375 0.001953125 0.0029296875
1 0.4765625 0.43359375 0.001953125 0.001953125
1 0.4921875 0.4345703125 0.001953125 0.0029296875
1 0.5 0.4365234375 0.001953125 0.00390625
1 0.49609375 0.439453125 0.0029296875 0.00390625
1 0.490234375 0.4404296875 0.00390625 0.0048828125
1 0.4580078125 0.4423828125 0.0029296875 0.0048828125
1 0.4453125 0.443359375 0.00390625 0.005859375
1 0.4482421875 0.4443359375 0.00390625 0.0048828125
1 0.462890625 0.4453125 0.00390625 0.005859375
1 0.474609375 0.447265625 0.00390625 0.0068359375
1 0.4677734375 0.455078125 0.0078125 0.0107421875
1 0.4521484375 0.462890625 0.0107421875 0.0146484375
1 0.431640625 0.474609375 0.015625 0.0205078125
1 0.3818359375 0.5 0.029296875 0.033203125
1 0.2509765625 0.576171875 0.05859375 0.0703125
1 0.474609375 0.4501953125 0.0048828125 0.0078125