2 0.642578125 0.4990234375 0.02734375 0.0322265625
1 0.2509765625 0.501953125 0.025390625 0.029296875
1 0.1953125 0.560546875 0.0498046875 0.060546875
2 0.9443359375 0.4560546875 0.0107421875 0.013671875
2 0.521484375 0.4794921875 0.015625 0.0205078125
2 0.4990234375 0.46875 0.0126953125 0.0166015625
2 0.6416015625 0.458984375 0.0087890625 0.0126953125
1 0.310546875 0.4716796875 0.0126953125 0.015625
1 0.5537109375 0.4560546875 0.0078125 0.0107421875
2 0.7763671875 0.45703125 0.0087890625 0.01171875
1 0.3828125 0.4638671875 0.009765625 0.0126953125
1 0.4560546875 0.4599609375 0.0087890625 0.0107421875
1 0.259765625 0.482421875 0.0166015625 0.0205078125
1 0.767578125 0.453125 0.0078125 0.009765625
2 0.5439453125 0.462890625 0.0107421875 0.0126953125
1 0.8818359375 0.4521484375 0.0087890625 0.0107421875
1 0.654296875 0.4541015625 0.0078125 0.0107421875
1 0.9970703125 0.4521484375 0.00390625 0.009765625
2 0.9912109375 0.59375 0.017578125 0.060546875