1 0.4033203125 0.48046875 0.0166015625 0.0205078125
1 0.4248046875 0.4677734375 0.0107421875 0.0146484375
1 0.439453125 0.4599609375 0.0078125 0.0107421875
1 0.44921875 0.4541015625 0.0068359375 0.0087890625
1 0.4580078125 0.451171875 0.005859375 0.0078125
1 0.470703125 0.44921875 0.0048828125 0.0068359375
1 0.509765625 0.447265625 0.00390625 0.005859375
1 0.53515625 0.4453125 0.00390625 0.005859375
1 0.509765625 0.4443359375 0.0029296875 0.00390625
1 0.48046875 0.4443359375 0.00390625 0.0048828125
1 0.4697265625 0.4443359375 0.0029296875 0.0048828125
1 0.4736328125 0.4423828125 0.001953125 0.00390625
1 0.4833984375 0.44140625 0.001953125 0.00390625
1 0.5048828125 0.44140625 0.001953125 0.0029296875
1 0.52734375 0.44140625 0.0029296875 0.00390625
1 0.548828125 0.44140625 0.001953125 0.0029296875
1 0.5712890625 0.4404296875 0.001953125 0.0029296875
1 0.603515625 0.439453125 0.001953125 0.00390625
1 0.6806640625 0.439453125 0.001953125 0.0029296875
1 0.7158203125 0.4384765625 0.001953125 0.00390625
1 0.75 0.439453125 0.001953125 0.00390625
1 0.77734375 0.439453125 0.0029296875 0.00390625
1 0.798828125 0.4375 0.001953125 0.00390625
1 0.837890625 0.4404296875 0.0029296875 0.00390625
1 0.87109375 0.44140625 0.0029296875 0.0048828125
1 0.927734375 0.4423828125 0.0048828125 0.005859375
1 0.9775390625 0.4443359375 0.00390625 0.005859375
1 0.990234375 0.4453125 0.005859375 0.0078125
1 0.9755859375 0.447265625 0.005859375 0.0078125
1 0.9453125 0.4501953125 0.0087890625 0.009765625
1 0.974609375 0.4580078125 0.0107421875 0.0126953125
1 0.3544921875 0.5048828125 0.029296875 0.033203125
1 0.171875 0.5927734375 0.056640625 0.05859375
2 0.7255859375 0.498046875 0.02734375 0.03125
2 0.6513671875 0.4765625 0.017578125 0.021484375
2 0.60546875 0.46484375 0.01171875 0.015625
2 0.5791015625 0.4580078125 0.0087890625 0.01171875
2 0.560546875 0.453125 0.0078125 0.009765625
2 0.55078125 0.44921875 0.005859375 0.0078125
2 0.5576171875 0.4482421875 0.0048828125 0.0078125
2 0.6015625 0.4443359375 0.00390625 0.005859375
2 0.5693359375 0.4443359375 0.00390625 0.005859375
2 0.5283203125 0.443359375 0.0029296875 0.0048828125
2 0.521484375 0.443359375 0.0029296875 0.00390625
2 0.51953125 0.4423828125 0.00390625 0.00390625
2 0.537109375 0.44140625 0.0029296875 0.00390625
2 0.568359375 0.44140625 0.0029296875 0.00390625
2 0.599609375 0.44140625 0.00390625 0.0048828125
2 0.6357421875 0.439453125 0.0029296875 0.00390625
2 0.6748046875 0.439453125 0.0029296875 0.00390625
2 0.9384765625 0.4677734375 0.017578125 0.0185546875
2 0.8232421875 0.462890625 0.01171875 0.0126953125
2 0.76953125 0.455078125 0.0087890625 0.013671875
2 0.8125 0.4501953125 0.0068359375 0.009765625
2 0.8466796875 0.4482421875 0.005859375 0.0078125
2 0.8740234375 0.4462890625 0.005859375 0.0078125
2 0.8623046875 0.4443359375 0.0048828125 0.005859375
2 0.830078125 0.4423828125 0.0048828125 0.005859375
2 0.798828125 0.44140625 0.00390625 0.005859375
2 0.7705078125 0.44140625 0.00390625 0.0048828125
2 0.7431640625 0.4404296875 0.00390625 0.0048828125
2 0.7265625 0.4404296875 0.00390625 0.0048828125
2 0.7021484375 0.439453125 0.0029296875 0.0048828125