2 0.5009765625 0.4755859375 0.0146484375 0.01953125
2 0.630859375 0.494140625 0.0234375 0.029296875
2 0.4130859375 0.4619140625 0.0087890625 0.01171875
2 0.833984375 0.4501953125 0.0078125 0.0107421875
2 0.51953125 0.4501953125 0.005859375 0.0078125
1 0.470703125 0.4482421875 0.0048828125 0.005859375
2 0.9404296875 0.4541015625 0.0107421875 0.0126953125
2 0.44140625 0.466796875 0.01171875 0.0146484375
1 0.4375 0.447265625 0.00390625 0.0048828125
2 0.4326171875 0.45703125 0.0068359375 0.009765625
2 0.796875 0.4462890625 0.005859375 0.0078125
1 0.8125 0.443359375 0.005859375 0.0068359375
2 0.482421875 0.453125 0.005859375 0.0078125
1 0.9794921875 0.4482421875 0.009765625 0.0107421875
1 0.3759765625 0.4541015625 0.005859375 0.0087890625
2 0.6865234375 0.4443359375 0.0048828125 0.005859375
2 0.525390625 0.4462890625 0.00390625 0.005859375
1 0.4013671875 0.447265625 0.0029296875 0.0048828125
2 0.4990234375 0.4453125 0.00390625 0.0048828125
1 0.884765625 0.4443359375 0.005859375 0.0078125
2 0.3759765625 0.4453125 0.0029296875 0.0048828125
1 0.9326171875 0.4462890625 0.0068359375 0.0087890625
2 0.748046875 0.4453125 0.005859375 0.0078125
2 0.46484375 0.4453125 0.0029296875 0.0048828125
2 0.55078125 0.4482421875 0.0048828125 0.0078125
2 0.4208984375 0.4453125 0.00390625 0.0048828125
1 0.6943359375 0.4423828125 0.00390625 0.005859375
2 0.5263671875 0.4423828125 0.0029296875 0.00390625
1 0.431640625 0.451171875 0.0048828125 0.0068359375
1 0.462890625 0.447265625 0.00390625 0.005859375
2 0.634765625 0.4443359375 0.00390625 0.0048828125
2 0.59765625 0.443359375 0.0029296875 0.0048828125
1 0.513671875 0.44140625 0.001953125 0.0029296875
2 0.5087890625 0.4423828125 0.0029296875 0.00390625
2 0.431640625 0.4423828125 0.001953125 0.00390625
1 0.59375 0.44140625 0.0029296875 0.00390625
1 0.75 0.4423828125 0.00390625 0.005859375
2 0.4921875 0.4423828125 0.001953125 0.00390625
1 0.2568359375 0.4677734375 0.0107421875 0.013671875
2 0.5693359375 0.4423828125 0.00390625 0.005859375
2 0.3955078125 0.443359375 0.001953125 0.00390625
1 0.4052734375 0.4423828125 0.001953125 0.0029296875
1 0.3642578125 0.447265625 0.0029296875 0.0048828125
1 0.28125 0.4619140625 0.0087890625 0.0107421875
1 0.3212890625 0.4580078125 0.0078125 0.0087890625
1 0.283203125 0.447265625 0.00390625 0.0048828125
2 0.5478515625 0.443359375 0.00390625 0.005859375
1 0.55078125 0.4404296875 0.0029296875 0.00390625
1 0.4423828125 0.44140625 0.001953125 0.0029296875
1 0.34375 0.4443359375 0.001953125 0.00390625
2 0.3349609375 0.4462890625 0.0029296875 0.0048828125
1 0.27734375 0.4453125 0.0029296875 0.00390625
2 0.4677734375 0.4423828125 0.0029296875 0.00390625
2 0.35546875 0.4443359375 0.001953125 0.00390625
1 0.2548828125 0.4814453125 0.0146484375 0.0185546875
1 0.2578125 0.447265625 0.0029296875 0.0048828125
2 0.3017578125 0.4462890625 0.0029296875 0.00390625
1 0.48828125 0.44140625 0.001953125 0.0029296875
1 0.650390625 0.4404296875 0.0029296875 0.00390625
1 0.3203125 0.447265625 0.0029296875 0.00390625
1 0.25390625 0.5029296875 0.0263671875 0.03515625
1 0.251953125 0.447265625 0.0029296875 0.0048828125
1 0.30859375 0.4443359375 0.001953125 0.00390625
1 0.2548828125 0.447265625 0.00390625 0.0048828125
0 0.5654296875 0.4404296875 0.00390625 0.0087890625
0 0.5703125 0.44140625 0.0048828125 0.0087890625