2 0.2919921875 0.4052734375 0.0029296875 0.00390625
2 0.357421875 0.408203125 0.00390625 0.0048828125
2 0.380859375 0.41015625 0.00390625 0.0048828125
2 0.3916015625 0.412109375 0.00390625 0.005859375
2 0.4033203125 0.4150390625 0.005859375 0.0078125
2 0.373046875 0.416015625 0.005859375 0.0078125
2 0.353515625 0.4169921875 0.005859375 0.009765625
2 0.3896484375 0.421875 0.0078125 0.0107421875
2 0.4931640625 0.431640625 0.009765625 0.0126953125
2 0.5927734375 0.4404296875 0.01171875 0.0166015625
2 0.59375 0.453125 0.015625 0.0205078125
2 0.525390625 0.474609375 0.025390625 0.0322265625
2 0.5263671875 0.556640625 0.0498046875 0.0625
2 0.0126953125 0.4052734375 0.0087890625 0.0107421875
2 0.0546875 0.4033203125 0.0078125 0.009765625
2 0.0869140625 0.4033203125 0.005859375 0.0078125
2 0.1123046875 0.40234375 0.005859375 0.0078125
2 0.1318359375 0.40234375 0.00390625 0.005859375
2 0.1513671875 0.4013671875 0.00390625 0.005859375
2 0.173828125 0.4013671875 0.00390625 0.005859375
2 0.208984375 0.4013671875 0.0029296875 0.0048828125
2 0.2568359375 0.4033203125 0.00390625 0.0048828125
1 0.2900390625 0.4052734375 0.0029296875 0.0048828125
1 0.31640625 0.4072265625 0.00390625 0.00390625
1 0.33203125 0.4091796875 0.00390625 0.005859375
1 0.3447265625 0.4111328125 0.0048828125 0.005859375
1 0.3203125 0.412109375 0.0048828125 0.0068359375
1 0.2587890625 0.4111328125 0.0078125 0.0078125
1 0.220703125 0.4130859375 0.0078125 0.0087890625
1 0.2333984375 0.416015625 0.0087890625 0.0107421875
1 0.3046875 0.4248046875 0.01171875 0.013671875
1 0.375 0.4345703125 0.0126953125 0.0166015625
1 0.314453125 0.447265625 0.0185546875 0.0224609375
1 0.05078125 0.46484375 0.0361328125 0.037109375
1 0.0146484375 0.416015625 0.013671875 0.0146484375
1 0.0791015625 0.4111328125 0.0107421875 0.0126953125
1 0.1220703125 0.408203125 0.0078125 0.009765625
1 0.1484375 0.4072265625 0.0068359375 0.0078125
1 0.169921875 0.4052734375 0.005859375 0.0078125
1 0.1875 0.404296875 0.005859375 0.005859375
1 0.19921875 0.4033203125 0.00390625 0.005859375
1 0.2119140625 0.4033203125 0.00390625 0.0048828125
1 0.24609375 0.4033203125 0.00390625 0.0048828125