2 0.6494140625 0.4365234375 0.001953125 0.001953125
2 0.6650390625 0.4365234375 0.001953125 0.0029296875
2 0.654296875 0.4375 0.001953125 0.001953125
2 0.640625 0.4375 0.001953125 0.0029296875
2 0.62109375 0.4384765625 0.001953125 0.0029296875
2 0.6064453125 0.439453125 0.001953125 0.0029296875
2 0.6015625 0.439453125 0.001953125 0.00390625
2 0.6142578125 0.4404296875 0.0029296875 0.00390625
2 0.64453125 0.44140625 0.0029296875 0.0048828125
2 0.6865234375 0.44140625 0.00390625 0.0048828125
2 0.73828125 0.44140625 0.00390625 0.005859375
2 0.779296875 0.4423828125 0.0048828125 0.005859375
2 0.8193359375 0.4443359375 0.0048828125 0.0068359375
2 0.857421875 0.4462890625 0.005859375 0.0078125
2 0.923828125 0.4482421875 0.0078125 0.0087890625
2 0.994140625 0.5673828125 0.0107421875 0.05078125
2 0.9287109375 0.49609375 0.02734375 0.0302734375
2 0.9599609375 0.474609375 0.01953125 0.021484375
2 0.943359375 0.462890625 0.0126953125 0.015625
2 0.91796875 0.4560546875 0.0107421875 0.0126953125
2 0.8671875 0.453125 0.0087890625 0.0107421875
2 0.8125 0.4501953125 0.0078125 0.009765625
2 0.7333984375 0.4482421875 0.0068359375 0.0087890625
2 0.6611328125 0.4462890625 0.0048828125 0.0068359375
2 0.609375 0.4453125 0.00390625 0.005859375
2 0.5712890625 0.4443359375 0.0048828125 0.005859375
2 0.5595703125 0.443359375 0.00390625 0.005859375
2 0.5546875 0.44140625 0.0029296875 0.0048828125
2 0.5537109375 0.439453125 0.0029296875 0.0048828125
2 0.5517578125 0.4384765625 0.0029296875 0.00390625
2 0.5673828125 0.4365234375 0.001953125 0.0029296875
2 0.5947265625 0.4365234375 0.001953125 0.0029296875
2 0.6240234375 0.4365234375 0.001953125 0.0029296875
1 0.7041015625 0.435546875 0.001953125 0.00390625
1 0.693359375 0.4375 0.001953125 0.0029296875
1 0.6640625 0.4375 0.001953125 0.0029296875
1 0.6513671875 0.4384765625 0.001953125 0.00390625
1 0.6591796875 0.439453125 0.001953125 0.0029296875
1 0.681640625 0.4404296875 0.0029296875 0.00390625
1 0.7353515625 0.4404296875 0.00390625 0.0048828125
1 0.78515625 0.4404296875 0.00390625 0.00390625
1 0.828125 0.44140625 0.00390625 0.005859375
1 0.873046875 0.4423828125 0.0048828125 0.005859375
1 0.9189453125 0.4443359375 0.0048828125 0.005859375
1 0.98046875 0.4462890625 0.0078125 0.0087890625
1 0.330078125 0.5205078125 0.03515625 0.041015625
1 0.5595703125 0.490234375 0.0224609375 0.0263671875
1 0.6904296875 0.474609375 0.0166015625 0.01953125
1 0.755859375 0.462890625 0.0107421875 0.013671875
1 0.7529296875 0.4560546875 0.0087890625 0.01171875
1 0.7255859375 0.4521484375 0.0078125 0.009765625
1 0.6640625 0.4501953125 0.005859375 0.0078125
1 0.591796875 0.4482421875 0.005859375 0.0078125
1 0.5322265625 0.4462890625 0.0048828125 0.0068359375
1 0.5029296875 0.4443359375 0.00390625 0.005859375
1 0.505859375 0.4423828125 0.00390625 0.0048828125
1 0.509765625 0.4404296875 0.0029296875 0.00390625
1 0.5126953125 0.4384765625 0.0029296875 0.00390625
1 0.515625 0.4375 0.001953125 0.0029296875
1 0.5244140625 0.4365234375 0.001953125 0.0029296875
1 0.544921875 0.4365234375 0.001953125 0.0029296875
1 0.5732421875 0.4365234375 0.001953125 0.0029296875