2 0.416015625 0.5 0.0361328125 0.041015625
2 0.9580078125 0.4716796875 0.0166015625 0.017578125
2 0.341796875 0.462890625 0.0205078125 0.0234375
2 0.7333984375 0.4580078125 0.01171875 0.0146484375
2 0.3076171875 0.4462890625 0.0126953125 0.0166015625
2 0.2763671875 0.431640625 0.0078125 0.0107421875
2 0.482421875 0.4404296875 0.0087890625 0.01171875
2 0.57421875 0.4482421875 0.0107421875 0.0126953125
1 0.068359375 0.44140625 0.017578125 0.0205078125
2 0.435546875 0.4345703125 0.0078125 0.009765625
2 0.4140625 0.431640625 0.005859375 0.0078125
1 0.005859375 0.4609375 0.01171875 0.02734375
1 0.701171875 0.4501953125 0.0087890625 0.01171875
1 0.59765625 0.4423828125 0.0078125 0.009765625
1 0.533203125 0.4375 0.005859375 0.0087890625
2 0.4248046875 0.4296875 0.005859375 0.0078125
2 0.263671875 0.419921875 0.0048828125 0.005859375
2 0.4609375 0.4296875 0.0048828125 0.0068359375
2 0.2666015625 0.427734375 0.005859375 0.0087890625
2 0.3046875 0.419921875 0.00390625 0.005859375
1 0.513671875 0.4345703125 0.005859375 0.0078125
2 0.490234375 0.4296875 0.0048828125 0.005859375
2 0.49609375 0.42578125 0.0029296875 0.0048828125
2 0.2587890625 0.423828125 0.0048828125 0.0078125
2 0.28125 0.4169921875 0.0029296875 0.0048828125
1 0.5703125 0.4326171875 0.00390625 0.005859375
2 0.310546875 0.4189453125 0.0029296875 0.0048828125
2 0.38671875 0.41796875 0.001953125 0.0029296875
2 0.2548828125 0.4208984375 0.00390625 0.0068359375
1 0.54296875 0.43359375 0.0048828125 0.0068359375
1 0.830078125 0.4580078125 0.009765625 0.0126953125
2 0.4091796875 0.419921875 0.001953125 0.00390625
2 0.4287109375 0.4208984375 0.001953125 0.00390625
2 0.4765625 0.4248046875 0.0029296875 0.00390625
2 0.4404296875 0.4208984375 0.0029296875 0.00390625
1 0.21875 0.416015625 0.00390625 0.005859375
2 0.4580078125 0.4228515625 0.0029296875 0.00390625
2 0.3173828125 0.4150390625 0.0029296875 0.00390625
1 0.267578125 0.4130859375 0.001953125 0.00390625
2 0.513671875 0.427734375 0.00390625 0.0048828125
2 0.3525390625 0.4169921875 0.0029296875 0.00390625
2 0.255859375 0.4130859375 0.001953125 0.00390625
1 0.1923828125 0.4130859375 0.00390625 0.0048828125
1 0.5859375 0.4326171875 0.00390625 0.0048828125
2 0.287109375 0.4140625 0.001953125 0.00390625
1 0.322265625 0.4150390625 0.001953125 0.0029296875
1 0.291015625 0.4140625 0.001953125 0.00390625
1 0.529296875 0.4267578125 0.0029296875 0.00390625
1 0.2216796875 0.4150390625 0.00390625 0.005859375
1 0.484375 0.4228515625 0.001953125 0.00390625
1 0.5087890625 0.4248046875 0.001953125 0.0029296875
1 0.1982421875 0.4111328125 0.0029296875 0.00390625
2 0.2373046875 0.4140625 0.0029296875 0.00390625
2 0.515625 0.4296875 0.00390625 0.0048828125
1 0.2431640625 0.416015625 0.00390625 0.0048828125
1 0.177734375 0.416015625 0.0048828125 0.005859375
1 0.560546875 0.4287109375 0.001953125 0.0029296875
1 0.15234375 0.419921875 0.005859375 0.0087890625
1 0.24609375 0.416015625 0.0029296875 0.0048828125
1 0.1630859375 0.4169921875 0.0048828125 0.0068359375
1 0.3935546875 0.41796875 0.001953125 0.0029296875
2 0.2412109375 0.4150390625 0.00390625 0.00390625
1 0.1865234375 0.4111328125 0.0029296875 0.00390625
1 0.4228515625 0.419921875 0.001953125 0.0029296875
1 0.1826171875 0.412109375 0.0029296875 0.00390625
1 0.1416015625 0.423828125 0.0087890625 0.01171875
1 0.2216796875 0.412109375 0.001953125 0.00390625
0 0.294921875 0.43359375 0.0126953125 0.0205078125
0 0.291015625 0.4326171875 0.0107421875 0.0205078125