2 0.7421875 0.439453125 0.0029296875 0.00390625
2 0.7802734375 0.439453125 0.0029296875 0.00390625
2 0.8056640625 0.44140625 0.00390625 0.0048828125
2 0.8291015625 0.44140625 0.0029296875 0.0048828125
2 0.837890625 0.4423828125 0.0029296875 0.0048828125
2 0.849609375 0.4443359375 0.00390625 0.005859375
2 0.84375 0.4453125 0.0048828125 0.005859375
2 0.8076171875 0.4462890625 0.0048828125 0.0068359375
2 0.783203125 0.447265625 0.005859375 0.0078125
2 0.8125 0.4501953125 0.0068359375 0.0087890625
2 0.9130859375 0.45703125 0.0107421875 0.0126953125
2 0.9775390625 0.47265625 0.017578125 0.01953125
2 0.8515625 0.4814453125 0.021484375 0.0234375
2 0.755859375 0.5048828125 0.029296875 0.03515625
1 0.9921875 0.5927734375 0.0146484375 0.0478515625
2 0.0283203125 0.4697265625 0.01953125 0.0224609375
2 0.2490234375 0.4580078125 0.0126953125 0.015625
2 0.3681640625 0.4521484375 0.009765625 0.0126953125
2 0.4462890625 0.4482421875 0.0078125 0.0107421875
2 0.4931640625 0.4462890625 0.0068359375 0.0087890625
2 0.53125 0.4443359375 0.0048828125 0.0068359375
2 0.5556640625 0.4423828125 0.0048828125 0.0068359375
2 0.576171875 0.44140625 0.00390625 0.005859375
2 0.59375 0.44140625 0.00390625 0.005859375
2 0.607421875 0.4404296875 0.00390625 0.0048828125
2 0.623046875 0.439453125 0.0029296875 0.00390625
2 0.6396484375 0.439453125 0.0029296875 0.00390625
2 0.708984375 0.439453125 0.00390625 0.0048828125
1 0.7392578125 0.4404296875 0.0029296875 0.00390625
1 0.7626953125 0.4404296875 0.0029296875 0.00390625
1 0.7763671875 0.4423828125 0.00390625 0.0048828125
1 0.787109375 0.443359375 0.00390625 0.005859375
1 0.759765625 0.4443359375 0.00390625 0.005859375
1 0.7021484375 0.4453125 0.0048828125 0.0068359375
1 0.6689453125 0.4462890625 0.0048828125 0.0068359375
1 0.67578125 0.4482421875 0.005859375 0.0087890625
1 0.7265625 0.453125 0.0078125 0.0107421875
1 0.77734375 0.458984375 0.0107421875 0.013671875
1 0.7109375 0.4658203125 0.0126953125 0.0166015625
1 0.55078125 0.470703125 0.0166015625 0.01953125
1 0.390625 0.484375 0.0224609375 0.0263671875
1 0.162109375 0.5341796875 0.046875 0.048828125
1 0.197265625 0.4775390625 0.0205078125 0.0224609375
1 0.3681640625 0.462890625 0.013671875 0.0166015625
1 0.4677734375 0.455078125 0.0107421875 0.0126953125
1 0.533203125 0.4501953125 0.0078125 0.0087890625
1 0.5703125 0.4462890625 0.005859375 0.0078125
1 0.5986328125 0.4453125 0.00390625 0.0068359375
1 0.6171875 0.443359375 0.00390625 0.005859375
1 0.6337890625 0.4423828125 0.0029296875 0.0048828125
1 0.6484375 0.44140625 0.0029296875 0.0048828125
1 0.658203125 0.4404296875 0.00390625 0.0048828125
1 0.6689453125 0.439453125 0.001953125 0.00390625
1 0.69921875 0.439453125 0.0029296875 0.00390625