2 0.6142578125 0.60546875 0.0439453125 0.037109375
2 0.3359375 0.4912109375 0.03515625 0.0400390625
2 0.21875 0.4541015625 0.021484375 0.025390625
2 0.1083984375 0.4375 0.0185546875 0.0205078125
1 0.0615234375 0.41015625 0.0078125 0.0087890625
1 0.146484375 0.416015625 0.0078125 0.009765625
1 0.236328125 0.421875 0.0087890625 0.009765625
1 0.35546875 0.4287109375 0.009765625 0.0126953125
1 0.5009765625 0.4384765625 0.0107421875 0.013671875
1 0.7099609375 0.451171875 0.0126953125 0.0146484375
1 0.9091796875 0.4638671875 0.0126953125 0.017578125
2 0.0380859375 0.4150390625 0.009765625 0.01171875
2 0.140625 0.4228515625 0.0107421875 0.0126953125
2 0.2587890625 0.431640625 0.0126953125 0.015625
2 0.4189453125 0.443359375 0.013671875 0.0166015625
2 0.6201171875 0.45703125 0.0166015625 0.0205078125
2 0.9150390625 0.478515625 0.021484375 0.0244140625