1 0.8603515625 0.4384765625 0.00390625 0.00390625
1 0.8955078125 0.439453125 0.00390625 0.005859375
1 0.9423828125 0.443359375 0.0048828125 0.005859375
1 0.994140625 0.447265625 0.005859375 0.0078125
1 0.107421875 0.470703125 0.03125 0.033203125
1 0.265625 0.4501953125 0.0185546875 0.021484375
1 0.3720703125 0.4375 0.01171875 0.0126953125
1 0.41015625 0.43359375 0.0087890625 0.0107421875
1 0.4423828125 0.4296875 0.0068359375 0.0087890625
1 0.4765625 0.427734375 0.005859375 0.0078125
1 0.5126953125 0.427734375 0.005859375 0.0068359375
1 0.5595703125 0.4287109375 0.00390625 0.005859375
1 0.61328125 0.4306640625 0.00390625 0.005859375
1 0.6552734375 0.431640625 0.00390625 0.0048828125
1 0.658203125 0.4306640625 0.00390625 0.0048828125
1 0.642578125 0.4287109375 0.0029296875 0.00390625
1 0.6171875 0.4267578125 0.0029296875 0.00390625
1 0.8134765625 0.43359375 0.0029296875 0.00390625
1 0.6201171875 0.423828125 0.001953125 0.0029296875
1 0.591796875 0.421875 0.0029296875 0.00390625
1 0.5615234375 0.4208984375 0.001953125 0.0029296875
1 0.5341796875 0.419921875 0.0029296875 0.00390625
1 0.5126953125 0.419921875 0.00390625 0.00390625
1 0.5107421875 0.419921875 0.0029296875 0.00390625
1 0.5302734375 0.421875 0.0029296875 0.00390625
1 0.5576171875 0.423828125 0.0029296875 0.00390625
1 0.58984375 0.4248046875 0.001953125 0.00390625
2 0.7236328125 0.4287109375 0.001953125 0.0029296875
2 0.734375 0.4296875 0.001953125 0.0029296875
2 0.7470703125 0.4306640625 0.0029296875 0.00390625
2 0.76171875 0.431640625 0.0029296875 0.00390625
2 0.7978515625 0.435546875 0.00390625 0.00390625
2 0.82421875 0.4375 0.00390625 0.005859375
2 0.8623046875 0.4404296875 0.0048828125 0.005859375
2 0.90625 0.443359375 0.005859375 0.0068359375
2 0.9345703125 0.447265625 0.005859375 0.0078125
2 0.9248046875 0.4501953125 0.0078125 0.009765625
2 0.9736328125 0.4560546875 0.009765625 0.01171875
2 0.703125 0.427734375 0.001953125 0.0029296875
2 0.6689453125 0.42578125 0.001953125 0.0029296875
2 0.634765625 0.4248046875 0.001953125 0.0029296875
2 0.5986328125 0.4228515625 0.001953125 0.00390625
2 0.568359375 0.421875 0.001953125 0.0029296875
2 0.55078125 0.4208984375 0.0029296875 0.00390625
2 0.5517578125 0.421875 0.001953125 0.00390625
2 0.5732421875 0.4228515625 0.001953125 0.00390625
2 0.60546875 0.4248046875 0.0029296875 0.00390625
2 0.640625 0.4267578125 0.0029296875 0.00390625
2 0.6767578125 0.4287109375 0.0029296875 0.00390625
2 0.7021484375 0.4306640625 0.0029296875 0.00390625
2 0.7197265625 0.431640625 0.0029296875 0.0048828125
2 0.73046875 0.43359375 0.00390625 0.005859375
2 0.720703125 0.4345703125 0.00390625 0.005859375
2 0.6826171875 0.4345703125 0.00390625 0.005859375
2 0.6396484375 0.43359375 0.00390625 0.005859375
2 0.5849609375 0.4326171875 0.005859375 0.0078125
2 0.5498046875 0.4326171875 0.005859375 0.0078125
2 0.544921875 0.4365234375 0.005859375 0.0087890625
2 0.5400390625 0.447265625 0.0107421875 0.0146484375
2 0.677734375 0.5947265625 0.05078125 0.0576171875
2 0.521484375 0.490234375 0.029296875 0.03515625
2 0.5302734375 0.462890625 0.0166015625 0.0224609375
0 0.7744140625 0.431640625 0.00390625 0.0078125
0 0.77734375 0.431640625 0.005859375 0.0087890625
0 0.83203125 0.43359375 0.00390625 0.0078125
0 0.8359375 0.43359375 0.005859375 0.0087890625