1 0.0341796875 0.462890625 0.029296875 0.029296875
1 0.14453125 0.4482421875 0.0185546875 0.021484375
1 0.1220703125 0.44140625 0.017578125 0.0185546875
1 0.025390625 0.4345703125 0.017578125 0.017578125
1 0.0048828125 0.412109375 0.0068359375 0.0078125
1 0.0625 0.4130859375 0.005859375 0.0068359375
1 0.111328125 0.4140625 0.005859375 0.0068359375
1 0.279296875 0.41796875 0.00390625 0.005859375
1 0.35546875 0.4208984375 0.00390625 0.005859375
1 0.4130859375 0.423828125 0.00390625 0.0048828125
1 0.525390625 0.4296875 0.00390625 0.005859375
1 0.57421875 0.4326171875 0.00390625 0.005859375
1 0.7568359375 0.4453125 0.0068359375 0.0087890625
1 0.9140625 0.4560546875 0.0078125 0.0107421875
2 0.609375 0.5947265625 0.05859375 0.0576171875
2 0.3662109375 0.4951171875 0.033203125 0.0400390625
2 0.3974609375 0.4580078125 0.0166015625 0.0205078125
2 0.33984375 0.443359375 0.0126953125 0.0166015625
2 0.2197265625 0.4345703125 0.0107421875 0.013671875
2 0.083984375 0.4267578125 0.0107421875 0.0126953125
2 0.0576171875 0.4208984375 0.0087890625 0.0107421875
2 0.0458984375 0.416015625 0.0078125 0.0087890625
2 0.08984375 0.416015625 0.005859375 0.0078125
2 0.16015625 0.4169921875 0.0048828125 0.0068359375
2 0.2216796875 0.41796875 0.005859375 0.0078125
2 0.2900390625 0.419921875 0.0048828125 0.005859375
2 0.3583984375 0.4228515625 0.00390625 0.005859375
2 0.896484375 0.4599609375 0.0107421875 0.013671875
2 0.7724609375 0.451171875 0.0087890625 0.01171875
2 0.66796875 0.443359375 0.0068359375 0.0087890625
2 0.5810546875 0.4375 0.005859375 0.0078125
2 0.5078125 0.431640625 0.005859375 0.0078125
2 0.4609375 0.4287109375 0.0048828125 0.005859375
2 0.4091796875 0.42578125 0.00390625 0.005859375