2 0.533203125 0.458984375 0.017578125 0.0205078125
2 0.2177734375 0.47265625 0.029296875 0.033203125
2 0.736328125 0.48046875 0.0234375 0.0263671875
2 0.1396484375 0.447265625 0.017578125 0.021484375
2 0.0966796875 0.431640625 0.0126953125 0.0166015625
2 0.07421875 0.423828125 0.0107421875 0.0126953125
2 0.4326171875 0.4462890625 0.01171875 0.015625
2 0.4111328125 0.4384765625 0.0087890625 0.0126953125
2 0.4453125 0.4345703125 0.0078125 0.0107421875
2 0.0869140625 0.419921875 0.0087890625 0.0107421875
1 0.8583984375 0.470703125 0.0166015625 0.01953125
1 0.6611328125 0.4541015625 0.0126953125 0.015625
2 0.1533203125 0.4169921875 0.0078125 0.009765625
2 0.1015625 0.4130859375 0.005859375 0.0078125
2 0.4833984375 0.4296875 0.005859375 0.0078125
2 0.427734375 0.423828125 0.00390625 0.005859375
2 0.0322265625 0.4091796875 0.005859375 0.0068359375
2 0.0478515625 0.40625 0.00390625 0.0048828125
1 0.044921875 0.4140625 0.0068359375 0.0087890625
2 0.46875 0.4326171875 0.0068359375 0.0087890625
2 0.328125 0.4169921875 0.00390625 0.0048828125
2 0.3583984375 0.4189453125 0.00390625 0.0048828125
2 0.462890625 0.4267578125 0.0048828125 0.0068359375
2 0.306640625 0.4150390625 0.0029296875 0.00390625
2 0.3916015625 0.4208984375 0.00390625 0.005859375
2 0.021484375 0.4072265625 0.0048828125 0.005859375
2 0.0166015625 0.40625 0.00390625 0.0048828125
1 0.5830078125 0.4365234375 0.005859375 0.0078125
1 0.5634765625 0.4306640625 0.00390625 0.005859375
1 0.458984375 0.4228515625 0.00390625 0.0048828125
2 0.27734375 0.4140625 0.0029296875 0.0048828125
2 0.244140625 0.412109375 0.0029296875 0.00390625
1 0.576171875 0.4384765625 0.0068359375 0.0087890625
1 0.041015625 0.4130859375 0.0068359375 0.0087890625
1 0.25 0.4111328125 0.0029296875 0.00390625
1 0.3828125 0.41796875 0.0029296875 0.00390625
1 0.4248046875 0.4208984375 0.0029296875 0.00390625
2 0.0986328125 0.4072265625 0.00390625 0.0048828125
1 0.57421875 0.4453125 0.0087890625 0.01171875
2 0.4130859375 0.5341796875 0.0400390625 0.0556640625
2 0.1943359375 0.41015625 0.00390625 0.0048828125
1 0.2900390625 0.4130859375 0.0029296875 0.00390625
1 0.1484375 0.408203125 0.0029296875 0.00390625
1 0.5146484375 0.4267578125 0.00390625 0.0048828125
1 0.5830078125 0.431640625 0.00390625 0.0048828125
0 0.3876953125 0.51171875 0.0595703125 0.091796875
0 0.4501953125 0.5263671875 0.0712890625 0.099609375