2 0.201171875 0.462890625 0.0166015625 0.0185546875
2 0.2392578125 0.451171875 0.01171875 0.013671875
2 0.2333984375 0.443359375 0.0087890625 0.0126953125
2 0.322265625 0.44140625 0.0068359375 0.0087890625
2 0.388671875 0.44140625 0.005859375 0.0078125
2 0.4287109375 0.44140625 0.00390625 0.005859375
2 0.4599609375 0.4365234375 0.0029296875 0.0048828125
2 0.5048828125 0.4365234375 0.0029296875 0.00390625
2 0.5537109375 0.4384765625 0.0029296875 0.00390625
2 0.6044921875 0.439453125 0.00390625 0.0048828125
2 0.623046875 0.44140625 0.0029296875 0.0048828125
2 0.62890625 0.4423828125 0.00390625 0.005859375
2 0.634765625 0.4443359375 0.00390625 0.005859375
2 0.6435546875 0.4462890625 0.0048828125 0.0068359375
2 0.6552734375 0.44921875 0.005859375 0.0078125
2 0.677734375 0.4521484375 0.0068359375 0.009765625
2 0.7041015625 0.4580078125 0.0087890625 0.01171875
2 0.7451171875 0.466796875 0.0126953125 0.0166015625
2 0.796875 0.4755859375 0.0166015625 0.0205078125
2 0.9052734375 0.4990234375 0.02734375 0.029296875
2 0.96875 0.5546875 0.0546875 0.0517578125
1 0.3115234375 0.4873046875 0.0234375 0.02734375
1 0.427734375 0.46875 0.013671875 0.0166015625
1 0.443359375 0.45703125 0.0107421875 0.013671875
1 0.376953125 0.4501953125 0.0087890625 0.0107421875
1 0.369140625 0.4462890625 0.0078125 0.009765625
1 0.423828125 0.4453125 0.0068359375 0.0087890625
1 0.4931640625 0.4453125 0.0048828125 0.0068359375
1 0.513671875 0.4443359375 0.00390625 0.005859375
1 0.5078125 0.44140625 0.00390625 0.005859375
1 0.4892578125 0.439453125 0.0029296875 0.0048828125
1 0.4833984375 0.4384765625 0.0029296875 0.0048828125
1 0.4990234375 0.4375 0.0029296875 0.00390625
1 0.5302734375 0.4384765625 0.0029296875 0.00390625
1 0.5576171875 0.439453125 0.0029296875 0.00390625
1 0.5732421875 0.4404296875 0.00390625 0.005859375
1 0.5771484375 0.443359375 0.00390625 0.005859375
1 0.5830078125 0.443359375 0.0029296875 0.0048828125
1 0.5830078125 0.447265625 0.0048828125 0.0078125
1 0.591796875 0.451171875 0.005859375 0.0087890625
1 0.5966796875 0.4560546875 0.0078125 0.0107421875
1 0.6064453125 0.462890625 0.009765625 0.0146484375
1 0.62109375 0.47265625 0.013671875 0.0185546875
1 0.6240234375 0.494140625 0.0234375 0.029296875
1 0.380859375 0.544921875 0.0478515625 0.0546875