2 0.7197265625 0.439453125 0.0029296875 0.00390625
2 0.748046875 0.4404296875 0.00390625 0.0048828125
2 0.775390625 0.44140625 0.0048828125 0.0068359375
2 0.7890625 0.4423828125 0.00390625 0.005859375
2 0.8076171875 0.4453125 0.0068359375 0.0087890625
2 0.775390625 0.4462890625 0.005859375 0.0087890625
2 0.7548828125 0.4482421875 0.0078125 0.009765625
2 0.80078125 0.453125 0.0087890625 0.0107421875
2 0.9482421875 0.462890625 0.013671875 0.015625
2 0.0068359375 0.4775390625 0.013671875 0.02734375
2 0.23046875 0.4609375 0.0146484375 0.0185546875
2 0.34765625 0.453125 0.009765625 0.013671875
2 0.41015625 0.4482421875 0.0087890625 0.0107421875
2 0.45703125 0.4453125 0.0068359375 0.0087890625
2 0.484375 0.443359375 0.005859375 0.0078125
2 0.5078125 0.4423828125 0.005859375 0.0078125
2 0.525390625 0.44140625 0.0048828125 0.0068359375
2 0.5400390625 0.4404296875 0.00390625 0.005859375
2 0.5546875 0.439453125 0.00390625 0.005859375
2 0.572265625 0.4384765625 0.0029296875 0.0048828125
2 0.6015625 0.4384765625 0.0029296875 0.00390625
2 0.64453125 0.4384765625 0.0029296875 0.00390625
1 0.6787109375 0.439453125 0.0029296875 0.00390625
1 0.7060546875 0.4404296875 0.0029296875 0.0048828125
1 0.7236328125 0.44140625 0.00390625 0.0048828125
1 0.7392578125 0.443359375 0.00390625 0.005859375
1 0.71484375 0.4443359375 0.00390625 0.0068359375
1 0.654296875 0.4462890625 0.005859375 0.0087890625
1 0.62109375 0.447265625 0.005859375 0.0087890625
1 0.6357421875 0.451171875 0.0078125 0.0107421875
1 0.7109375 0.4580078125 0.0107421875 0.013671875
1 0.7998046875 0.4677734375 0.0146484375 0.0185546875
1 0.744140625 0.4833984375 0.0205078125 0.025390625
1 0.5078125 0.501953125 0.029296875 0.03515625
1 0.123046875 0.5810546875 0.068359375 0.0751953125
1 0.1943359375 0.4853515625 0.025390625 0.02734375
1 0.3720703125 0.46484375 0.0146484375 0.0166015625
1 0.4619140625 0.455078125 0.0107421875 0.0126953125
1 0.505859375 0.4501953125 0.0078125 0.009765625
1 0.537109375 0.447265625 0.005859375 0.0087890625
1 0.5556640625 0.4443359375 0.005859375 0.0078125
1 0.5732421875 0.443359375 0.00390625 0.005859375
1 0.5869140625 0.44140625 0.00390625 0.005859375
1 0.595703125 0.4404296875 0.00390625 0.0048828125
1 0.6064453125 0.439453125 0.0029296875 0.0048828125
1 0.6357421875 0.4384765625 0.001953125 0.00390625