1 0.0185546875 0.41015625 0.005859375 0.0078125
1 0.05859375 0.4091796875 0.0048828125 0.0078125
1 0.0556640625 0.4091796875 0.0048828125 0.0068359375
1 0.021484375 0.4072265625 0.0048828125 0.0068359375
1 0.017578125 0.4013671875 0.00390625 0.00390625
1 0.0517578125 0.4033203125 0.00390625 0.005859375
1 0.083984375 0.404296875 0.00390625 0.0048828125
1 0.115234375 0.4052734375 0.0029296875 0.00390625
1 0.1572265625 0.40625 0.0029296875 0.00390625
1 0.248046875 0.41015625 0.001953125 0.0029296875
1 0.28515625 0.412109375 0.001953125 0.0029296875
1 0.3193359375 0.4130859375 0.001953125 0.0029296875
1 0.3447265625 0.4150390625 0.001953125 0.00390625
1 0.3974609375 0.4189453125 0.0029296875 0.00390625
1 0.4248046875 0.4208984375 0.0029296875 0.00390625
1 0.5029296875 0.4267578125 0.0048828125 0.005859375
1 0.51171875 0.4287109375 0.00390625 0.0068359375
1 0.4814453125 0.431640625 0.0078125 0.0087890625
1 0.4599609375 0.4345703125 0.0078125 0.009765625
1 0.5029296875 0.439453125 0.0087890625 0.0107421875
1 0.6142578125 0.4482421875 0.0107421875 0.013671875
1 0.7744140625 0.458984375 0.0126953125 0.015625
1 0.9580078125 0.4697265625 0.0146484375 0.0166015625
2 0.599609375 0.595703125 0.056640625 0.0556640625
2 0.271484375 0.486328125 0.0341796875 0.0380859375
2 0.138671875 0.439453125 0.0146484375 0.0185546875
2 0.109375 0.4287109375 0.01171875 0.0146484375
2 0.0888671875 0.4208984375 0.0087890625 0.0126953125
2 0.0771484375 0.416015625 0.0078125 0.009765625
2 0.08984375 0.4140625 0.0068359375 0.0087890625
2 0.146484375 0.4140625 0.0048828125 0.0068359375
2 0.1513671875 0.412109375 0.0048828125 0.0078125
2 0.1083984375 0.4091796875 0.0048828125 0.0068359375
2 0.05078125 0.4072265625 0.00390625 0.005859375
2 0.0419921875 0.4052734375 0.00390625 0.005859375
2 0.0390625 0.404296875 0.0029296875 0.0048828125
2 0.06640625 0.404296875 0.0029296875 0.00390625
2 0.111328125 0.4052734375 0.00390625 0.0048828125
2 0.15234375 0.4072265625 0.00390625 0.00390625
2 0.197265625 0.408203125 0.00390625 0.00390625
2 0.2421875 0.41015625 0.0029296875 0.0029296875
2 0.9228515625 0.48046875 0.021484375 0.0224609375
2 0.6533203125 0.4638671875 0.0166015625 0.0205078125
2 0.478515625 0.44921875 0.0126953125 0.017578125
2 0.3828125 0.439453125 0.0107421875 0.0146484375
2 0.333984375 0.4326171875 0.0078125 0.0126953125
2 0.375 0.427734375 0.0068359375 0.0087890625
2 0.404296875 0.4267578125 0.005859375 0.0078125
2 0.4267578125 0.42578125 0.0048828125 0.005859375
2 0.4169921875 0.4228515625 0.00390625 0.005859375
2 0.3916015625 0.4208984375 0.00390625 0.0048828125
2 0.3642578125 0.4189453125 0.00390625 0.0048828125
2 0.337890625 0.416015625 0.0029296875 0.00390625
2 0.3134765625 0.4150390625 0.0029296875 0.0048828125
2 0.2958984375 0.4130859375 0.0029296875 0.00390625
2 0.271484375 0.412109375 0.0029296875 0.00390625
0 0.185546875 0.4462890625 0.02734375 0.0419921875
0 0.19921875 0.44921875 0.0322265625 0.044921875
2 0.1923828125 0.4560546875 0.0205078125 0.0205078125