1 0.42578125 0.470703125 0.005859375 0.0126953125
1 0.4453125 0.4560546875 0.0068359375 0.009765625
1 0.4521484375 0.4521484375 0.005859375 0.0078125
1 0.470703125 0.447265625 0.00390625 0.005859375
1 0.5068359375 0.4462890625 0.00390625 0.005859375
1 0.529296875 0.4443359375 0.00390625 0.0048828125
1 0.478515625 0.4443359375 0.0029296875 0.0048828125
1 0.46875 0.443359375 0.0029296875 0.00390625
1 0.4716796875 0.4423828125 0.001953125 0.00390625
1 0.48046875 0.44140625 0.001953125 0.00390625
1 0.5009765625 0.44140625 0.001953125 0.0029296875
1 0.54296875 0.4404296875 0.001953125 0.00390625
1 0.5654296875 0.4404296875 0.001953125 0.00390625
1 0.595703125 0.439453125 0.001953125 0.00390625
1 0.669921875 0.4384765625 0.001953125 0.0029296875
1 0.7021484375 0.439453125 0.001953125 0.0029296875
1 0.7353515625 0.439453125 0.001953125 0.0029296875
1 0.759765625 0.439453125 0.001953125 0.00390625
1 0.779296875 0.439453125 0.001953125 0.00390625
1 0.814453125 0.4404296875 0.0029296875 0.0029296875
1 0.84375 0.44140625 0.0029296875 0.00390625
1 0.8916015625 0.443359375 0.00390625 0.005859375
1 0.9326171875 0.4443359375 0.00390625 0.0048828125
1 0.9404296875 0.4453125 0.0048828125 0.005859375
1 0.923828125 0.4462890625 0.005859375 0.0068359375
1 0.8916015625 0.4482421875 0.005859375 0.0087890625
1 0.8603515625 0.451171875 0.0078125 0.0087890625
1 0.9013671875 0.4541015625 0.0087890625 0.0107421875
1 0.3974609375 0.484375 0.0185546875 0.0224609375
1 0.3369140625 0.5185546875 0.0341796875 0.0400390625
2 0.7841796875 0.5126953125 0.033203125 0.0380859375
2 0.662109375 0.4794921875 0.0185546875 0.0224609375
2 0.5869140625 0.4599609375 0.009765625 0.0126953125
2 0.5673828125 0.455078125 0.0078125 0.0107421875
2 0.552734375 0.451171875 0.005859375 0.0087890625
2 0.5439453125 0.4482421875 0.005859375 0.0078125
2 0.55078125 0.447265625 0.0048828125 0.0068359375
2 0.587890625 0.4453125 0.0048828125 0.005859375
2 0.591796875 0.443359375 0.00390625 0.005859375
2 0.5615234375 0.443359375 0.00390625 0.0048828125
2 0.5234375 0.443359375 0.0029296875 0.00390625
2 0.517578125 0.4423828125 0.0029296875 0.00390625
2 0.513671875 0.44140625 0.0029296875 0.00390625
2 0.5322265625 0.4404296875 0.001953125 0.00390625
2 0.626953125 0.439453125 0.0029296875 0.00390625
2 0.6630859375 0.439453125 0.0029296875 0.00390625
2 0.853515625 0.4619140625 0.0126953125 0.0146484375
2 0.771484375 0.45703125 0.009765625 0.0126953125
2 0.732421875 0.453125 0.0087890625 0.0107421875
2 0.7373046875 0.4501953125 0.0078125 0.009765625
2 0.7763671875 0.4482421875 0.0068359375 0.0078125
2 0.8095703125 0.447265625 0.0048828125 0.0068359375
2 0.8369140625 0.4453125 0.00390625 0.005859375
2 0.830078125 0.443359375 0.00390625 0.005859375
2 0.802734375 0.4423828125 0.00390625 0.0048828125
2 0.775390625 0.44140625 0.0029296875 0.00390625
2 0.75 0.44140625 0.0029296875 0.0048828125
2 0.7265625 0.4404296875 0.0029296875 0.00390625
2 0.7109375 0.4404296875 0.001953125 0.00390625
2 0.6884765625 0.439453125 0.001953125 0.00390625
0 0.4189453125 0.4658203125 0.0146484375 0.029296875
0 0.4267578125 0.4638671875 0.0126953125 0.0283203125
0 0.6162109375 0.4619140625 0.0126953125 0.02734375
0 0.625 0.462890625 0.0166015625 0.0283203125
1 0.236328125 0.4677734375 0.0107421875 0.0166015625
1 0.3115234375 0.4580078125 0.0068359375 0.0107421875
2 0.619140625 0.466796875 0.0087890625 0.0146484375