1 0.595703125 0.5390625 0.0517578125 0.060546875
1 0.4853515625 0.4892578125 0.03125 0.0361328125
1 0.4111328125 0.4658203125 0.0185546875 0.0224609375
1 0.4208984375 0.4541015625 0.013671875 0.017578125
1 0.48046875 0.44140625 0.0107421875 0.0146484375
1 0.51953125 0.4326171875 0.0087890625 0.0107421875
1 0.5439453125 0.4287109375 0.0078125 0.009765625
1 0.5810546875 0.4248046875 0.0078125 0.0087890625
1 0.640625 0.4208984375 0.0068359375 0.0078125
1 0.6982421875 0.4189453125 0.005859375 0.0078125
1 0.751953125 0.416015625 0.0068359375 0.0078125
1 0.9921875 0.4091796875 0.0078125 0.0078125
2 0.904296875 0.470703125 0.03515625 0.03515625
2 0.658203125 0.4501953125 0.0166015625 0.021484375
2 0.6572265625 0.4345703125 0.0107421875 0.0146484375
2 0.6640625 0.4267578125 0.0078125 0.009765625
2 0.7197265625 0.421875 0.0087890625 0.0107421875
2 0.806640625 0.41796875 0.0087890625 0.0107421875
2 0.896484375 0.4140625 0.0087890625 0.0107421875