1 0.1669921875 0.4794921875 0.033203125 0.03515625
1 0.404296875 0.4638671875 0.0185546875 0.0224609375
1 0.5576171875 0.4599609375 0.013671875 0.0166015625
1 0.654296875 0.4580078125 0.0107421875 0.013671875
1 0.720703125 0.45703125 0.009765625 0.0107421875
1 0.7666015625 0.4560546875 0.0087890625 0.009765625
1 0.802734375 0.455078125 0.0078125 0.0087890625
1 0.873046875 0.4541015625 0.00390625 0.005859375
1 0.888671875 0.453125 0.00390625 0.005859375
1 0.9013671875 0.453125 0.00390625 0.0048828125
1 0.9130859375 0.453125 0.0029296875 0.00390625
1 0.9228515625 0.453125 0.0029296875 0.00390625
1 0.9306640625 0.453125 0.0029296875 0.00390625
1 0.9384765625 0.4521484375 0.001953125 0.0029296875
1 0.9453125 0.4521484375 0.001953125 0.00390625
1 0.951171875 0.4521484375 0.001953125 0.0029296875
1 0.9560546875 0.4521484375 0.001953125 0.0029296875
1 0.9609375 0.4521484375 0.00390625 0.0029296875
1 0.9638671875 0.4521484375 0.00390625 0.0029296875
1 0.9677734375 0.4521484375 0.001953125 0.001953125
2 0.7421875 0.578125 0.056640625 0.064453125
2 0.701171875 0.5009765625 0.0263671875 0.0322265625
2 0.814453125 0.4853515625 0.0185546875 0.0224609375
2 0.8681640625 0.4765625 0.0126953125 0.0166015625
2 0.9033203125 0.4716796875 0.0107421875 0.013671875
2 0.9267578125 0.4677734375 0.0087890625 0.0107421875
2 0.943359375 0.4658203125 0.0068359375 0.009765625
2 0.95703125 0.4638671875 0.005859375 0.0078125
2 0.9677734375 0.4619140625 0.0048828125 0.0068359375
2 0.9755859375 0.4609375 0.00390625 0.005859375
2 0.982421875 0.4599609375 0.0029296875 0.0048828125
2 0.98828125 0.458984375 0.00390625 0.00390625
2 0.9931640625 0.458984375 0.0029296875 0.00390625
2 0.9970703125 0.4580078125 0.0029296875 0.00390625