1 0.529296875 0.4287109375 0.00390625 0.0068359375
1 0.583984375 0.4326171875 0.0048828125 0.0068359375
1 0.658203125 0.4375 0.005859375 0.0078125
1 0.759765625 0.4443359375 0.005859375 0.0078125
1 0.880859375 0.453125 0.0087890625 0.0107421875
1 0.0205078125 0.455078125 0.02734375 0.02734375
1 0.1845703125 0.4443359375 0.0166015625 0.01953125
1 0.298828125 0.4375 0.01171875 0.0146484375
1 0.357421875 0.4326171875 0.0087890625 0.0107421875
1 0.3330078125 0.4287109375 0.0078125 0.009765625
1 0.279296875 0.4228515625 0.0068359375 0.0087890625
1 0.2138671875 0.4189453125 0.005859375 0.0078125
1 0.48828125 0.42578125 0.00390625 0.005859375
1 0.4501953125 0.4228515625 0.00390625 0.0048828125
1 0.4189453125 0.4208984375 0.0029296875 0.0048828125
1 0.361328125 0.4169921875 0.0029296875 0.00390625
1 0.3251953125 0.4150390625 0.0029296875 0.00390625
1 0.26171875 0.412109375 0.0029296875 0.00390625
1 0.20703125 0.41015625 0.0029296875 0.00390625
1 0.162109375 0.408203125 0.00390625 0.0048828125
1 0.1123046875 0.4072265625 0.00390625 0.0048828125
1 0.0517578125 0.4052734375 0.00390625 0.0048828125
1 0.0673828125 0.4111328125 0.005859375 0.0078125
1 0.1474609375 0.4150390625 0.0068359375 0.0078125
2 0.337890625 0.4169921875 0.00390625 0.005859375
2 0.3642578125 0.4189453125 0.00390625 0.005859375
2 0.3935546875 0.4208984375 0.00390625 0.005859375
2 0.4306640625 0.423828125 0.0048828125 0.005859375
2 0.4677734375 0.4267578125 0.0048828125 0.0068359375
2 0.51953125 0.4306640625 0.005859375 0.0078125
2 0.5888671875 0.4365234375 0.005859375 0.0087890625
2 0.693359375 0.4443359375 0.0078125 0.009765625
2 0.82421875 0.453125 0.009765625 0.01171875
2 0.9609375 0.4658203125 0.0126953125 0.0146484375
2 0.30078125 0.4150390625 0.00390625 0.0048828125
2 0.248046875 0.412109375 0.0029296875 0.0048828125
2 0.193359375 0.41015625 0.00390625 0.0048828125
2 0.130859375 0.408203125 0.00390625 0.005859375
2 0.0712890625 0.40625 0.0048828125 0.005859375
2 0.0361328125 0.40625 0.0048828125 0.005859375
2 0.0439453125 0.4072265625 0.0048828125 0.0068359375
2 0.0947265625 0.41015625 0.0048828125 0.0068359375
2 0.1669921875 0.4130859375 0.005859375 0.0068359375
2 0.2431640625 0.4169921875 0.005859375 0.0078125
2 0.3173828125 0.421875 0.005859375 0.0078125
2 0.376953125 0.42578125 0.005859375 0.0078125
2 0.427734375 0.4296875 0.0068359375 0.0087890625
2 0.4765625 0.4345703125 0.0068359375 0.009765625
2 0.50390625 0.4404296875 0.0087890625 0.01171875
2 0.4755859375 0.4453125 0.0107421875 0.0146484375
2 0.435546875 0.451171875 0.013671875 0.0185546875
2 0.3681640625 0.4697265625 0.0234375 0.02734375
2 0.4072265625 0.5263671875 0.0458984375 0.0537109375
0 0.462890625 0.4248046875 0.005859375 0.013671875
0 0.470703125 0.42578125 0.0068359375 0.0146484375