1 0.341796875 0.5126953125 0.0322265625 0.0361328125
1 0.408203125 0.482421875 0.017578125 0.021484375
1 0.44140625 0.4677734375 0.01171875 0.0146484375
1 0.4609375 0.4599609375 0.0078125 0.0107421875
1 0.4755859375 0.455078125 0.0078125 0.0087890625
1 0.4912109375 0.4521484375 0.005859375 0.0078125
1 0.537109375 0.44921875 0.0048828125 0.0068359375
1 0.5673828125 0.447265625 0.00390625 0.005859375
1 0.564453125 0.447265625 0.00390625 0.005859375
1 0.5380859375 0.4462890625 0.0029296875 0.0048828125
1 0.505859375 0.4462890625 0.00390625 0.0048828125
1 0.4951171875 0.4462890625 0.00390625 0.0048828125
1 0.498046875 0.4443359375 0.00390625 0.00390625
1 0.5 0.443359375 0.0029296875 0.00390625
1 0.5107421875 0.443359375 0.0029296875 0.00390625
1 0.533203125 0.4423828125 0.001953125 0.0029296875
1 0.5576171875 0.44140625 0.001953125 0.0029296875
1 0.5810546875 0.44140625 0.0029296875 0.00390625
1 0.60546875 0.4404296875 0.0029296875 0.00390625
1 0.640625 0.44140625 0.0029296875 0.00390625
1 0.7255859375 0.439453125 0.0029296875 0.00390625
1 0.7646484375 0.4384765625 0.0029296875 0.00390625
1 0.8046875 0.4384765625 0.0029296875 0.00390625
1 0.8369140625 0.439453125 0.0029296875 0.00390625
1 0.86328125 0.439453125 0.00390625 0.0048828125
1 0.9130859375 0.4404296875 0.00390625 0.0048828125
1 0.95703125 0.44140625 0.00390625 0.005859375
1 0.087890625 0.6015625 0.0556640625 0.044921875
2 0.7626953125 0.5068359375 0.033203125 0.037109375
2 0.666015625 0.478515625 0.017578125 0.0224609375
2 0.623046875 0.4658203125 0.0126953125 0.015625
2 0.5986328125 0.4580078125 0.0087890625 0.01171875
2 0.5849609375 0.453125 0.0068359375 0.0087890625
2 0.5927734375 0.4501953125 0.005859375 0.0087890625
2 0.6396484375 0.447265625 0.005859375 0.0078125
2 0.6044921875 0.4453125 0.00390625 0.005859375
2 0.55859375 0.4453125 0.00390625 0.005859375
2 0.5517578125 0.4443359375 0.0029296875 0.0048828125
2 0.5478515625 0.443359375 0.001953125 0.00390625
2 0.568359375 0.4423828125 0.0029296875 0.00390625
2 0.6025390625 0.44140625 0.0029296875 0.00390625
2 0.63671875 0.44140625 0.00390625 0.0048828125
2 0.6767578125 0.4404296875 0.00390625 0.0048828125
2 0.7197265625 0.4404296875 0.0029296875 0.00390625
2 0.9775390625 0.4716796875 0.01953125 0.0205078125
2 0.876953125 0.462890625 0.0126953125 0.015625
2 0.8642578125 0.45703125 0.009765625 0.0126953125
2 0.9130859375 0.453125 0.0107421875 0.0126953125
2 0.9501953125 0.4501953125 0.0078125 0.009765625
2 0.9765625 0.447265625 0.0087890625 0.0087890625
2 0.9541015625 0.4443359375 0.005859375 0.0078125
2 0.91015625 0.443359375 0.005859375 0.0068359375
2 0.869140625 0.4423828125 0.0048828125 0.005859375
2 0.8330078125 0.44140625 0.0048828125 0.005859375
2 0.80078125 0.4404296875 0.00390625 0.0048828125
2 0.779296875 0.4404296875 0.00390625 0.0048828125
2 0.75 0.439453125 0.00390625 0.0048828125