2 0.1630859375 0.45703125 0.015625 0.017578125
2 0.3486328125 0.4453125 0.01171875 0.015625
2 0.5107421875 0.4365234375 0.0087890625 0.0126953125
2 0.6181640625 0.4287109375 0.0087890625 0.0126953125
2 0.6435546875 0.4228515625 0.005859375 0.0087890625
2 0.630859375 0.419921875 0.0048828125 0.0078125
2 0.6357421875 0.416015625 0.00390625 0.005859375
2 0.6962890625 0.4130859375 0.00390625 0.0068359375
2 0.7646484375 0.4091796875 0.0048828125 0.0068359375
2 0.8056640625 0.40625 0.00390625 0.005859375
2 0.8115234375 0.400390625 0.00390625 0.0048828125
2 0.8720703125 0.3955078125 0.0029296875 0.00390625
2 0.8662109375 0.39453125 0.0029296875 0.00390625
2 0.8642578125 0.3955078125 0.001953125 0.00390625
2 0.890625 0.3935546875 0.0029296875 0.00390625
2 0.9296875 0.3916015625 0.001953125 0.0029296875
2 0.9765625 0.390625 0.001953125 0.0029296875
2 0.9873046875 0.4072265625 0.0087890625 0.0107421875
1 0.1103515625 0.49609375 0.03125 0.0322265625
1 0.3076171875 0.4619140625 0.0166015625 0.021484375
1 0.5048828125 0.4462890625 0.013671875 0.0166015625
1 0.6845703125 0.435546875 0.0126953125 0.0166015625
1 0.77734375 0.42578125 0.0107421875 0.0146484375
1 0.7890625 0.419921875 0.0087890625 0.0107421875
1 0.740234375 0.4169921875 0.0068359375 0.0107421875
1 0.791015625 0.4111328125 0.005859375 0.0078125
1 0.8671875 0.40625 0.005859375 0.0078125
1 0.896484375 0.4013671875 0.0048828125 0.0068359375
1 0.85546875 0.4013671875 0.00390625 0.005859375
1 0.845703125 0.400390625 0.00390625 0.0048828125
1 0.875 0.3984375 0.00390625 0.0048828125
1 0.9111328125 0.3935546875 0.0029296875 0.0029296875
1 0.923828125 0.392578125 0.001953125 0.0029296875
1 0.953125 0.3916015625 0.001953125 0.0029296875
1 0.9794921875 0.390625 0.001953125 0.00390625
1 0.9912109375 0.3916015625 0.0029296875 0.00390625
1 0.9931640625 0.392578125 0.0029296875 0.00390625
1 0.98828125 0.3955078125 0.00390625 0.005859375
1 0.990234375 0.3955078125 0.00390625 0.0048828125
1 0.9853515625 0.3984375 0.0048828125 0.0068359375
1 0.9814453125 0.400390625 0.005859375 0.0078125
1 0.96875 0.4033203125 0.005859375 0.0087890625
1 0.9052734375 0.408203125 0.005859375 0.0087890625
1 0.8779296875 0.412109375 0.0087890625 0.01171875
1 0.90234375 0.4169921875 0.0107421875 0.01171875
1 0.9208984375 0.4228515625 0.01171875 0.0146484375
1 0.91015625 0.435546875 0.0166015625 0.01953125
1 0.8623046875 0.4609375 0.0263671875 0.0302734375
1 0.689453125 0.546875 0.0576171875 0.06640625