2 0.953125 0.5771484375 0.068359375 0.0703125
2 0.650390625 0.49609375 0.02734375 0.03125
2 0.6435546875 0.4736328125 0.0166015625 0.021484375
2 0.6943359375 0.4609375 0.01171875 0.0146484375
2 0.728515625 0.4541015625 0.009765625 0.0126953125
2 0.7529296875 0.44921875 0.0078125 0.009765625
2 0.771484375 0.4453125 0.0068359375 0.0087890625
2 0.783203125 0.443359375 0.0048828125 0.0068359375
2 0.7919921875 0.44140625 0.00390625 0.0068359375
2 0.798828125 0.439453125 0.00390625 0.005859375
2 0.8056640625 0.4384765625 0.0029296875 0.00390625
2 0.8203125 0.4375 0.00390625 0.0048828125
2 0.849609375 0.4365234375 0.0029296875 0.0048828125
2 0.900390625 0.435546875 0.00390625 0.0048828125
2 0.9580078125 0.435546875 0.00390625 0.00390625
2 0.953125 0.4404296875 0.0048828125 0.0068359375
2 0.908203125 0.4423828125 0.005859375 0.0078125
2 0.8740234375 0.4453125 0.0078125 0.0107421875
2 0.892578125 0.4482421875 0.0087890625 0.0107421875
2 0.9716796875 0.4521484375 0.01171875 0.013671875
1 0.1474609375 0.5771484375 0.0576171875 0.0693359375
1 0.2734375 0.501953125 0.0302734375 0.0322265625
1 0.361328125 0.4794921875 0.0166015625 0.0205078125
1 0.48046875 0.4658203125 0.01171875 0.0146484375
1 0.5556640625 0.45703125 0.009765625 0.0126953125
1 0.611328125 0.4521484375 0.0078125 0.0107421875
1 0.6484375 0.4482421875 0.0078125 0.0087890625
1 0.673828125 0.4462890625 0.005859375 0.0078125
1 0.6953125 0.443359375 0.0048828125 0.0068359375
1 0.7138671875 0.44140625 0.00390625 0.005859375
1 0.7294921875 0.4404296875 0.00390625 0.005859375
1 0.7421875 0.439453125 0.0029296875 0.0048828125
1 0.7529296875 0.4375 0.0029296875 0.00390625
1 0.7841796875 0.4365234375 0.0029296875 0.00390625
1 0.8271484375 0.435546875 0.001953125 0.00390625
1 0.888671875 0.4345703125 0.0029296875 0.00390625
1 0.9609375 0.4345703125 0.00390625 0.00390625