2 0.1826171875 0.466796875 0.0146484375 0.0166015625
2 0.3544921875 0.44921875 0.0126953125 0.0146484375
2 0.48046875 0.439453125 0.0087890625 0.0126953125
2 0.568359375 0.431640625 0.0087890625 0.01171875
2 0.5908203125 0.4267578125 0.0068359375 0.009765625
2 0.580078125 0.423828125 0.0048828125 0.0078125
2 0.63671875 0.4189453125 0.0048828125 0.0068359375
2 0.69921875 0.416015625 0.00390625 0.005859375
2 0.736328125 0.4140625 0.00390625 0.005859375
2 0.732421875 0.412109375 0.0029296875 0.0048828125
2 0.7119140625 0.412109375 0.0029296875 0.0048828125
2 0.705078125 0.4111328125 0.0029296875 0.00390625
2 0.736328125 0.4091796875 0.001953125 0.00390625
2 0.7744140625 0.40625 0.0029296875 0.00390625
2 0.796875 0.4033203125 0.0029296875 0.00390625
2 0.7880859375 0.4033203125 0.0029296875 0.00390625
2 0.7724609375 0.404296875 0.0029296875 0.00390625
2 0.76171875 0.404296875 0.001953125 0.0029296875
2 0.8125 0.400390625 0.001953125 0.0029296875
2 0.8271484375 0.400390625 0.0029296875 0.00390625
2 0.8212890625 0.3994140625 0.0029296875 0.00390625
2 0.8173828125 0.3994140625 0.001953125 0.0029296875
2 0.8359375 0.3974609375 0.001953125 0.00390625
2 0.86328125 0.396484375 0.001953125 0.0029296875
2 0.896484375 0.3955078125 0.001953125 0.0029296875
2 0.9306640625 0.3935546875 0.001953125 0.00390625
2 0.9404296875 0.3935546875 0.0029296875 0.00390625
2 0.9423828125 0.3955078125 0.0029296875 0.00390625
2 0.9443359375 0.3955078125 0.00390625 0.0048828125
2 0.947265625 0.3984375 0.00390625 0.005859375
2 0.9501953125 0.3984375 0.00390625 0.005859375
2 0.92578125 0.400390625 0.00390625 0.005859375
2 0.9072265625 0.40234375 0.00390625 0.005859375
2 0.9189453125 0.40234375 0.00390625 0.0068359375
2 0.9501953125 0.40234375 0.0048828125 0.0068359375
2 0.9638671875 0.40234375 0.0048828125 0.0078125
2 0.96875 0.404296875 0.005859375 0.0078125
2 0.9775390625 0.40625 0.0068359375 0.0087890625
2 0.986328125 0.41015625 0.0078125 0.0107421875
2 0.99609375 0.4150390625 0.005859375 0.0126953125
2 0.998046875 0.4052734375 0.0029296875 0.0146484375
1 0.056640625 0.498046875 0.02734375 0.029296875
1 0.287109375 0.4658203125 0.015625 0.0185546875
1 0.4765625 0.447265625 0.01171875 0.0146484375
1 0.6396484375 0.4365234375 0.01171875 0.0146484375
1 0.716796875 0.4287109375 0.0107421875 0.0126953125
1 0.720703125 0.4228515625 0.0078125 0.009765625
1 0.689453125 0.4208984375 0.005859375 0.0078125
1 0.6796875 0.4189453125 0.005859375 0.0078125
1 0.7265625 0.416015625 0.0048828125 0.0068359375
1 0.791015625 0.412109375 0.005859375 0.0068359375
1 0.8193359375 0.41015625 0.0048828125 0.005859375
1 0.8134765625 0.408203125 0.0029296875 0.0048828125
1 0.7802734375 0.4091796875 0.00390625 0.0048828125
1 0.771484375 0.408203125 0.0029296875 0.0048828125
1 0.7958984375 0.40625 0.0029296875 0.0048828125
1 0.837890625 0.404296875 0.0029296875 0.0048828125
1 0.8515625 0.4013671875 0.0029296875 0.00390625
1 0.822265625 0.40234375 0.001953125 0.00390625
1 0.814453125 0.40234375 0.001953125 0.00390625
1 0.83203125 0.4013671875 0.001953125 0.00390625
1 0.861328125 0.3994140625 0.001953125 0.00390625
1 0.8798828125 0.396484375 0.001953125 0.0029296875
1 0.8974609375 0.3955078125 0.001953125 0.0029296875
1 0.9072265625 0.3974609375 0.0029296875 0.00390625
1 0.90234375 0.400390625 0.0029296875 0.00390625
1 0.8955078125 0.4013671875 0.00390625 0.0048828125
1 0.8623046875 0.404296875 0.0029296875 0.00390625
1 0.8505859375 0.4052734375 0.00390625 0.0048828125
1 0.8544921875 0.404296875 0.00390625 0.005859375
1 0.8701171875 0.4052734375 0.00390625 0.0048828125
1 0.8837890625 0.408203125 0.0048828125 0.0078125
1 0.87890625 0.4111328125 0.005859375 0.0078125
1 0.8701171875 0.4150390625 0.0068359375 0.0087890625
1 0.861328125 0.4189453125 0.0087890625 0.0107421875
1 0.8466796875 0.4248046875 0.01171875 0.013671875
1 0.830078125 0.43359375 0.0146484375 0.0166015625
1 0.7978515625 0.4482421875 0.01953125 0.0224609375
1 0.7373046875 0.4775390625 0.0302734375 0.0341796875
1 0.5966796875 0.544921875 0.0546875 0.0625