2 0.08203125 0.48046875 0.0185546875 0.0224609375
2 0.3291015625 0.4599609375 0.0126953125 0.015625
2 0.50390625 0.4443359375 0.009765625 0.013671875
2 0.6064453125 0.4345703125 0.0087890625 0.01171875
2 0.685546875 0.427734375 0.009765625 0.01171875
2 0.7470703125 0.4228515625 0.009765625 0.01171875
2 0.7978515625 0.41796875 0.0078125 0.0107421875
2 0.84765625 0.4140625 0.005859375 0.0087890625
2 0.892578125 0.4111328125 0.005859375 0.0078125
2 0.9619140625 0.4072265625 0.0078125 0.0087890625
1 0.89453125 0.4375 0.0166015625 0.01953125
1 0.744140625 0.4501953125 0.017578125 0.0205078125
1 0.634765625 0.474609375 0.0263671875 0.029296875
1 0.4892578125 0.57421875 0.0625 0.0693359375
1 0.1337890625 0.494140625 0.025390625 0.029296875
1 0.427734375 0.4638671875 0.0185546875 0.021484375
1 0.603515625 0.4462890625 0.0126953125 0.0146484375
1 0.7080078125 0.435546875 0.01171875 0.0146484375
1 0.7900390625 0.4267578125 0.009765625 0.0126953125
1 0.8525390625 0.4208984375 0.0087890625 0.0107421875
1 0.896484375 0.416015625 0.0087890625 0.009765625
1 0.939453125 0.412109375 0.0068359375 0.0087890625