1 0.0341796875 0.4697265625 0.0341796875 0.0341796875
1 0.2529296875 0.4521484375 0.0185546875 0.021484375
1 0.40625 0.4462890625 0.0126953125 0.015625
1 0.5361328125 0.4453125 0.0107421875 0.0146484375
1 0.638671875 0.4462890625 0.0087890625 0.01171875
1 0.759765625 0.447265625 0.0078125 0.009765625
1 0.8251953125 0.4482421875 0.0068359375 0.0087890625
1 0.89453125 0.44921875 0.005859375 0.0078125
1 0.9599609375 0.4501953125 0.005859375 0.0078125
2 0.4609375 0.521484375 0.013671875 0.0224609375
2 0.4609375 0.478515625 0.021484375 0.029296875
2 0.9833984375 0.4560546875 0.0078125 0.009765625
2 0.9365234375 0.45703125 0.0078125 0.0107421875
2 0.87109375 0.45703125 0.0087890625 0.01171875
2 0.7705078125 0.4580078125 0.0107421875 0.0146484375
2 0.669921875 0.458984375 0.013671875 0.015625
2 0.5556640625 0.46484375 0.0185546875 0.021484375
2 0.458984375 0.5419921875 0.0439453125 0.0615234375