1 0.4130859375 0.4287109375 0.0048828125 0.0068359375
1 0.4638671875 0.4326171875 0.005859375 0.0078125
1 0.52734375 0.4384765625 0.0068359375 0.0087890625
1 0.6103515625 0.4453125 0.0078125 0.009765625
1 0.7236328125 0.455078125 0.009765625 0.0126953125
1 0.8857421875 0.4677734375 0.0126953125 0.0146484375
1 0.0322265625 0.4072265625 0.00390625 0.005859375
1 0.107421875 0.41015625 0.00390625 0.0048828125
1 0.1669921875 0.4130859375 0.00390625 0.0048828125
1 0.2275390625 0.4150390625 0.00390625 0.0048828125
1 0.275390625 0.4169921875 0.00390625 0.0048828125
1 0.3095703125 0.419921875 0.00390625 0.0048828125
1 0.337890625 0.421875 0.00390625 0.005859375
1 0.3720703125 0.4248046875 0.00390625 0.005859375
2 0.244140625 0.4169921875 0.0048828125 0.005859375
2 0.267578125 0.4189453125 0.0048828125 0.005859375
2 0.2958984375 0.4228515625 0.005859375 0.0068359375
2 0.3310546875 0.42578125 0.005859375 0.0078125
2 0.375 0.4306640625 0.0068359375 0.0087890625
2 0.43359375 0.4365234375 0.0078125 0.0107421875
2 0.5107421875 0.4443359375 0.0087890625 0.0126953125
2 0.6220703125 0.455078125 0.01171875 0.0146484375
2 0.7939453125 0.4716796875 0.0146484375 0.0185546875
2 0.5966796875 0.58984375 0.0625 0.068359375
2 0.2744140625 0.48828125 0.03125 0.0361328125
2 0.1748046875 0.4541015625 0.021484375 0.0224609375
2 0.125 0.4375 0.015625 0.017578125
2 0.0947265625 0.427734375 0.01171875 0.013671875
2 0.076171875 0.421875 0.009765625 0.01171875
2 0.0615234375 0.41796875 0.0078125 0.009765625
2 0.05078125 0.4140625 0.0068359375 0.0087890625
2 0.04296875 0.412109375 0.005859375 0.0078125
2 0.0380859375 0.41015625 0.0048828125 0.0068359375
2 0.0673828125 0.41015625 0.0048828125 0.005859375
2 0.130859375 0.412109375 0.00390625 0.005859375
2 0.1953125 0.4150390625 0.0048828125 0.005859375