1 0.27734375 0.5302734375 0.0419921875 0.046875
1 0.3857421875 0.482421875 0.0185546875 0.0234375
1 0.427734375 0.466796875 0.0126953125 0.0166015625
1 0.4599609375 0.458984375 0.0087890625 0.0126953125
1 0.529296875 0.4541015625 0.0078125 0.009765625
1 0.5693359375 0.451171875 0.0068359375 0.0087890625
1 0.564453125 0.4501953125 0.005859375 0.0087890625
1 0.5283203125 0.44921875 0.005859375 0.0078125
1 0.4853515625 0.4482421875 0.0048828125 0.0078125
1 0.47265625 0.4462890625 0.00390625 0.005859375
1 0.4765625 0.4443359375 0.0048828125 0.0048828125
1 0.478515625 0.4443359375 0.00390625 0.005859375
1 0.4921875 0.443359375 0.00390625 0.0048828125
1 0.5205078125 0.4423828125 0.0029296875 0.0048828125
1 0.548828125 0.4423828125 0.0029296875 0.00390625
1 0.576171875 0.44140625 0.00390625 0.0048828125
1 0.6455078125 0.4404296875 0.0029296875 0.00390625
1 0.6875 0.439453125 0.00390625 0.00390625
2 0.810546875 0.52734375 0.0419921875 0.046875
2 0.6591796875 0.4794921875 0.0185546875 0.0224609375
2 0.6123046875 0.4638671875 0.0126953125 0.0166015625
2 0.6748046875 0.4521484375 0.0078125 0.0107421875
2 0.669921875 0.4482421875 0.0068359375 0.0087890625
2 0.615234375 0.447265625 0.005859375 0.0078125
2 0.5537109375 0.447265625 0.0048828125 0.0068359375
2 0.54296875 0.4453125 0.00390625 0.005859375
2 0.5390625 0.443359375 0.00390625 0.0048828125
2 0.5625 0.4423828125 0.00390625 0.0048828125
2 0.6025390625 0.44140625 0.00390625 0.0048828125
2 0.642578125 0.44140625 0.00390625 0.0048828125
2 0.6904296875 0.4404296875 0.00390625 0.00390625
2 0.7431640625 0.4404296875 0.00390625 0.0048828125
2 0.85546875 0.44140625 0.00390625 0.005859375
2 0.8232421875 0.4404296875 0.00390625 0.005859375
2 0.783203125 0.4404296875 0.00390625 0.0048828125
1 0.7470703125 0.4384765625 0.00390625 0.005859375
1 0.7958984375 0.4384765625 0.00390625 0.005859375
1 0.84765625 0.4384765625 0.00390625 0.005859375
1 0.8935546875 0.439453125 0.005859375 0.005859375
1 0.9345703125 0.439453125 0.005859375 0.0068359375
2 0.9091796875 0.4423828125 0.005859375 0.0078125
2 0.97265625 0.4443359375 0.0068359375 0.0078125