2 0.91015625 0.5 0.029296875 0.0341796875
2 0.869140625 0.4736328125 0.0185546875 0.021484375
2 0.841796875 0.4599609375 0.0126953125 0.015625
2 0.830078125 0.4521484375 0.0087890625 0.01171875
2 0.822265625 0.4482421875 0.0068359375 0.009765625
2 0.814453125 0.4453125 0.0048828125 0.0078125
2 0.80859375 0.4423828125 0.00390625 0.0068359375
2 0.8076171875 0.439453125 0.00390625 0.005859375
2 0.8173828125 0.439453125 0.00390625 0.005859375
2 0.84375 0.4384765625 0.00390625 0.0048828125
2 0.900390625 0.4375 0.00390625 0.005859375
2 0.9677734375 0.4375 0.0048828125 0.005859375
2 0.9892578125 0.447265625 0.0078125 0.0107421875
2 0.966796875 0.451171875 0.009765625 0.0126953125
2 0.9931640625 0.4541015625 0.01171875 0.0126953125
1 0.431640625 0.51953125 0.0380859375 0.0400390625
1 0.5693359375 0.482421875 0.01953125 0.0234375
1 0.634765625 0.4658203125 0.013671875 0.0166015625
1 0.66796875 0.4580078125 0.0107421875 0.013671875
1 0.6884765625 0.4521484375 0.0087890625 0.0107421875
1 0.703125 0.4482421875 0.0068359375 0.0087890625
1 0.712890625 0.4453125 0.005859375 0.0078125
1 0.72265625 0.443359375 0.0048828125 0.005859375
1 0.73046875 0.44140625 0.00390625 0.005859375
1 0.7353515625 0.439453125 0.00390625 0.0048828125
1 0.7666015625 0.4384765625 0.00390625 0.00390625
1 0.8115234375 0.4375 0.0029296875 0.00390625
1 0.8779296875 0.4365234375 0.00390625 0.0048828125
1 0.9599609375 0.4365234375 0.00390625 0.005859375