1 0.3515625 0.423828125 0.0048828125 0.0068359375
1 0.3916015625 0.4267578125 0.005859375 0.0068359375
1 0.4404296875 0.431640625 0.005859375 0.0078125
1 0.5009765625 0.435546875 0.0068359375 0.0087890625
1 0.5791015625 0.4423828125 0.0068359375 0.0087890625
1 0.685546875 0.451171875 0.0087890625 0.01171875
1 0.83203125 0.462890625 0.01171875 0.0126953125
1 0.0068359375 0.4052734375 0.0029296875 0.0048828125
1 0.134765625 0.41015625 0.0029296875 0.0048828125
1 0.19140625 0.4130859375 0.0029296875 0.00390625
1 0.2353515625 0.4150390625 0.0029296875 0.0048828125
1 0.265625 0.4169921875 0.00390625 0.0048828125
1 0.2900390625 0.4189453125 0.00390625 0.0048828125
1 0.318359375 0.4208984375 0.00390625 0.005859375
2 0.2041015625 0.4150390625 0.00390625 0.0048828125
2 0.2236328125 0.416015625 0.00390625 0.005859375
2 0.2470703125 0.41796875 0.0048828125 0.0068359375
2 0.2744140625 0.4208984375 0.005859375 0.0068359375
2 0.30859375 0.4248046875 0.005859375 0.0078125
2 0.3525390625 0.4287109375 0.0068359375 0.0087890625
2 0.4072265625 0.4345703125 0.0078125 0.009765625
2 0.48046875 0.44140625 0.0087890625 0.01171875
2 0.583984375 0.451171875 0.009765625 0.013671875
2 0.736328125 0.4658203125 0.0126953125 0.0166015625
2 0.9921875 0.490234375 0.015625 0.0224609375
2 0.490234375 0.5546875 0.0498046875 0.064453125
2 0.2451171875 0.478515625 0.029296875 0.03125
2 0.1533203125 0.451171875 0.0205078125 0.0224609375
2 0.1064453125 0.4365234375 0.0146484375 0.0166015625
2 0.076171875 0.4267578125 0.01171875 0.013671875
2 0.056640625 0.4208984375 0.0087890625 0.01171875
2 0.04296875 0.416015625 0.0078125 0.009765625
2 0.0322265625 0.4130859375 0.005859375 0.0087890625
2 0.0234375 0.4111328125 0.005859375 0.0078125
2 0.0166015625 0.4091796875 0.0048828125 0.0068359375
2 0.01171875 0.4072265625 0.00390625 0.005859375
2 0.0390625 0.4072265625 0.00390625 0.0048828125
2 0.0986328125 0.4091796875 0.00390625 0.005859375
2 0.16015625 0.412109375 0.00390625 0.005859375