1 0.6123046875 0.435546875 0.001953125 0.00390625
1 0.6552734375 0.435546875 0.001953125 0.00390625
1 0.7255859375 0.4365234375 0.0029296875 0.00390625
1 0.7412109375 0.4375 0.0029296875 0.00390625
1 0.7490234375 0.4375 0.0029296875 0.00390625
1 0.74609375 0.439453125 0.00390625 0.0048828125
1 0.7919921875 0.4404296875 0.00390625 0.005859375
1 0.849609375 0.44140625 0.0048828125 0.0068359375
1 0.9453125 0.4443359375 0.005859375 0.0078125
1 0.98828125 0.4462890625 0.009765625 0.0107421875
1 0.1708984375 0.5751953125 0.0615234375 0.064453125
1 0.3525390625 0.494140625 0.025390625 0.029296875
1 0.4052734375 0.4716796875 0.0146484375 0.01953125
1 0.4296875 0.4599609375 0.0107421875 0.0146484375
1 0.4453125 0.453125 0.0078125 0.0107421875
1 0.4541015625 0.4482421875 0.005859375 0.0087890625
1 0.462890625 0.4453125 0.0048828125 0.0078125
1 0.4677734375 0.443359375 0.00390625 0.005859375
1 0.4716796875 0.4404296875 0.00390625 0.0048828125
1 0.4775390625 0.4404296875 0.0029296875 0.0048828125
1 0.478515625 0.4375 0.0029296875 0.00390625
1 0.484375 0.4375 0.0029296875 0.00390625
1 0.5068359375 0.4365234375 0.0029296875 0.00390625
1 0.533203125 0.4365234375 0.0029296875 0.00390625
1 0.564453125 0.4345703125 0.001953125 0.0029296875
2 0.6455078125 0.4365234375 0.0029296875 0.00390625
2 0.6787109375 0.4365234375 0.0029296875 0.00390625
2 0.6953125 0.4375 0.0029296875 0.00390625
2 0.6904296875 0.4365234375 0.001953125 0.00390625
2 0.6865234375 0.439453125 0.00390625 0.0048828125
2 0.6904296875 0.4404296875 0.00390625 0.005859375
2 0.7373046875 0.4423828125 0.0048828125 0.0068359375
2 0.7880859375 0.4423828125 0.005859375 0.0078125
2 0.8466796875 0.4443359375 0.0068359375 0.0087890625
2 0.8662109375 0.447265625 0.0078125 0.0107421875
2 0.888671875 0.451171875 0.0087890625 0.01171875
2 0.9423828125 0.4580078125 0.0126953125 0.0146484375
2 0.880859375 0.546875 0.0537109375 0.05859375
2 0.6982421875 0.48828125 0.0224609375 0.0283203125
2 0.6376953125 0.4677734375 0.013671875 0.0185546875
2 0.6044921875 0.4580078125 0.009765625 0.013671875
2 0.583984375 0.451171875 0.0078125 0.0107421875
2 0.5703125 0.447265625 0.005859375 0.0087890625
2 0.5615234375 0.4443359375 0.0048828125 0.0078125
2 0.5546875 0.4423828125 0.0048828125 0.0068359375
2 0.5478515625 0.4404296875 0.00390625 0.005859375
2 0.54296875 0.439453125 0.00390625 0.005859375
2 0.5654296875 0.4365234375 0.0029296875 0.00390625
2 0.6025390625 0.4365234375 0.001953125 0.00390625