1 0.1767578125 0.4765625 0.017578125 0.0205078125
2 0.6513671875 0.4814453125 0.013671875 0.0185546875
2 0.623046875 0.470703125 0.009765625 0.013671875
2 0.6357421875 0.4658203125 0.0087890625 0.01171875
2 0.6630859375 0.462890625 0.0068359375 0.009765625
2 0.7119140625 0.4609375 0.0048828125 0.0078125
2 0.7265625 0.4599609375 0.0048828125 0.0078125
2 0.716796875 0.4580078125 0.00390625 0.0068359375
2 0.6865234375 0.4560546875 0.00390625 0.005859375
2 0.6513671875 0.4541015625 0.00390625 0.005859375
2 0.62109375 0.453125 0.00390625 0.0048828125
2 0.5869140625 0.4521484375 0.00390625 0.0048828125
2 0.5673828125 0.4501953125 0.0029296875 0.0048828125
2 0.556640625 0.4501953125 0.0029296875 0.00390625
2 0.57421875 0.44921875 0.0029296875 0.00390625
2 0.5986328125 0.44921875 0.001953125 0.00390625
2 0.6025390625 0.4482421875 0.001953125 0.00390625
2 0.583984375 0.447265625 0.001953125 0.0029296875
2 0.5712890625 0.447265625 0.001953125 0.0029296875
2 0.587890625 0.447265625 0.001953125 0.0029296875
2 0.611328125 0.447265625 0.001953125 0.0029296875
2 0.6318359375 0.4482421875 0.001953125 0.0029296875
2 0.6513671875 0.44921875 0.0029296875 0.00390625
2 0.6796875 0.44921875 0.001953125 0.0029296875
2 0.7197265625 0.4501953125 0.001953125 0.0029296875
2 0.7421875 0.451171875 0.001953125 0.00390625
2 0.751953125 0.4521484375 0.0029296875 0.00390625
2 0.7646484375 0.453125 0.0029296875 0.00390625
2 0.775390625 0.4541015625 0.0029296875 0.00390625
2 0.7919921875 0.455078125 0.0029296875 0.0048828125
2 0.8310546875 0.4560546875 0.00390625 0.0048828125
2 0.8779296875 0.4580078125 0.0048828125 0.0068359375
2 0.923828125 0.4609375 0.0048828125 0.0068359375
2 0.9306640625 0.462890625 0.0048828125 0.0078125
2 0.9794921875 0.4677734375 0.0078125 0.0087890625
1 0.4345703125 0.4765625 0.0146484375 0.017578125
1 0.4638671875 0.4677734375 0.009765625 0.013671875
1 0.484375 0.4619140625 0.0078125 0.0107421875
1 0.15234375 0.59375 0.0537109375 0.056640625
1 0.9970703125 0.4599609375 0.00390625 0.005859375
1 0.9267578125 0.4580078125 0.0029296875 0.0048828125
1 0.865234375 0.455078125 0.00390625 0.00390625
1 0.822265625 0.453125 0.0029296875 0.0029296875
1 0.8037109375 0.4521484375 0.001953125 0.0029296875
1 0.6884765625 0.44921875 0.001953125 0.0029296875
1 0.669921875 0.4482421875 0.001953125 0.001953125
1 0.5654296875 0.4462890625 0.001953125 0.0029296875
1 0.54296875 0.447265625 0.001953125 0.0029296875
1 0.53125 0.447265625 0.0029296875 0.0029296875
1 0.53515625 0.447265625 0.001953125 0.0029296875
1 0.552734375 0.4482421875 0.001953125 0.0029296875
1 0.55078125 0.4482421875 0.0029296875 0.00390625
1 0.5224609375 0.4482421875 0.001953125 0.00390625
1 0.5048828125 0.44921875 0.0029296875 0.0048828125
1 0.513671875 0.4501953125 0.00390625 0.0048828125
1 0.533203125 0.451171875 0.0029296875 0.0048828125
1 0.5771484375 0.453125 0.00390625 0.005859375
1 0.6025390625 0.4541015625 0.00390625 0.005859375
1 0.6220703125 0.4560546875 0.0048828125 0.0068359375
1 0.6005859375 0.4580078125 0.005859375 0.0078125
1 0.5498046875 0.458984375 0.0068359375 0.0087890625
0 0.3603515625 0.4970703125 0.02734375 0.0537109375
0 0.375 0.4912109375 0.02734375 0.0478515625
0 0.69921875 0.494140625 0.025390625 0.0498046875
0 0.712890625 0.501953125 0.0302734375 0.0517578125
2 0.703125 0.505859375 0.01953125 0.0302734375
1 0.29296875 0.4658203125 0.009765625 0.015625
1 0.3720703125 0.5009765625 0.0205078125 0.0283203125