2 0.03515625 0.3984375 0.00390625 0.0048828125
2 0.0576171875 0.400390625 0.00390625 0.005859375
2 0.0302734375 0.400390625 0.00390625 0.005859375
2 0.029296875 0.4140625 0.009765625 0.0107421875
2 0.14453125 0.4189453125 0.009765625 0.0107421875
2 0.2265625 0.4248046875 0.01171875 0.0126953125
2 0.3115234375 0.435546875 0.0146484375 0.0166015625
2 0.4140625 0.4501953125 0.0166015625 0.021484375
2 0.6494140625 0.4814453125 0.02734375 0.0302734375
2 0.33984375 0.5283203125 0.0498046875 0.056640625
1 0.0068359375 0.396484375 0.0029296875 0.0048828125
1 0.0537109375 0.3984375 0.0029296875 0.00390625
1 0.0966796875 0.400390625 0.0029296875 0.00390625
1 0.12890625 0.40234375 0.0029296875 0.0048828125
1 0.1044921875 0.40234375 0.00390625 0.0048828125
1 0.0732421875 0.40234375 0.0048828125 0.005859375
1 0.033203125 0.4033203125 0.00390625 0.005859375
1 0.001953125 0.40625 0.00390625 0.0087890625
1 0.0400390625 0.41015625 0.0078125 0.0087890625
1 0.1494140625 0.4140625 0.0068359375 0.0087890625
1 0.2412109375 0.41796875 0.0078125 0.009765625
1 0.318359375 0.4228515625 0.0078125 0.009765625
1 0.400390625 0.4287109375 0.0087890625 0.01171875
1 0.4951171875 0.4384765625 0.0107421875 0.0146484375
1 0.6416015625 0.4521484375 0.013671875 0.0166015625
1 0.8701171875 0.4755859375 0.021484375 0.0234375
1 0.3408203125 0.4130859375 0.00390625 0.0068359375
1 0.296875 0.4091796875 0.00390625 0.005859375