1 0.025390625 0.4111328125 0.0068359375 0.0078125
1 0.0673828125 0.41015625 0.0048828125 0.0068359375
1 0.0625 0.41015625 0.005859375 0.0078125
1 0.0283203125 0.408203125 0.0048828125 0.0068359375
1 0.0244140625 0.40234375 0.00390625 0.00390625
1 0.0908203125 0.404296875 0.00390625 0.0048828125
1 0.1220703125 0.4052734375 0.0029296875 0.0048828125
1 0.1640625 0.4072265625 0.00390625 0.00390625
1 0.255859375 0.4111328125 0.0029296875 0.00390625
1 0.2919921875 0.412109375 0.001953125 0.0029296875
1 0.3271484375 0.4140625 0.001953125 0.00390625
1 0.3525390625 0.4150390625 0.0029296875 0.00390625
1 0.40625 0.4189453125 0.001953125 0.00390625
1 0.4345703125 0.4208984375 0.0029296875 0.00390625
1 0.478515625 0.4248046875 0.00390625 0.0048828125
1 0.515625 0.427734375 0.00390625 0.0048828125
1 0.525390625 0.4296875 0.0048828125 0.0068359375
1 0.5166015625 0.431640625 0.005859375 0.0068359375
1 0.49609375 0.4326171875 0.005859375 0.0087890625
1 0.4765625 0.435546875 0.0078125 0.009765625
1 0.5234375 0.44140625 0.0087890625 0.01171875
1 0.6416015625 0.451171875 0.0107421875 0.0146484375
1 0.8125 0.462890625 0.013671875 0.0166015625
2 0.3046875 0.4970703125 0.0380859375 0.04296875
2 0.15234375 0.44140625 0.0166015625 0.01953125
2 0.1201171875 0.4306640625 0.0126953125 0.015625
2 0.09765625 0.421875 0.0087890625 0.01171875
2 0.0859375 0.4169921875 0.0078125 0.0107421875
2 0.09765625 0.4150390625 0.0078125 0.009765625
2 0.1552734375 0.4150390625 0.005859375 0.0078125
2 0.16015625 0.4130859375 0.005859375 0.0078125
2 0.1171875 0.41015625 0.0048828125 0.0068359375
2 0.0576171875 0.4072265625 0.00390625 0.005859375
2 0.0498046875 0.4052734375 0.00390625 0.005859375
2 0.046875 0.404296875 0.00390625 0.0048828125
2 0.0732421875 0.4052734375 0.0029296875 0.00390625
2 0.1181640625 0.40625 0.00390625 0.0048828125
2 0.1591796875 0.408203125 0.00390625 0.0048828125
2 0.205078125 0.4091796875 0.00390625 0.0048828125
2 0.25 0.4111328125 0.0029296875 0.00390625
2 0.9853515625 0.486328125 0.0234375 0.0244140625
2 0.693359375 0.46875 0.0166015625 0.0205078125
2 0.5048828125 0.4521484375 0.0146484375 0.017578125
2 0.4013671875 0.44140625 0.0107421875 0.0146484375
2 0.3486328125 0.43359375 0.0087890625 0.013671875
2 0.3876953125 0.4287109375 0.0068359375 0.0087890625
2 0.4169921875 0.427734375 0.005859375 0.0078125
2 0.439453125 0.42578125 0.0048828125 0.0068359375
2 0.4287109375 0.423828125 0.00390625 0.005859375
2 0.4013671875 0.4208984375 0.00390625 0.005859375
2 0.373046875 0.4189453125 0.00390625 0.0048828125
2 0.3466796875 0.4169921875 0.00390625 0.0048828125
2 0.322265625 0.4150390625 0.0029296875 0.00390625
2 0.3046875 0.4140625 0.0029296875 0.00390625
2 0.279296875 0.412109375 0.0029296875 0.0048828125
0 0.2060546875 0.4501953125 0.02734375 0.0419921875
0 0.2216796875 0.4541015625 0.0302734375 0.046875
2 0.2109375 0.4599609375 0.0205078125 0.025390625