1 0.986328125 0.4716796875 0.0078125 0.009765625
1 0.8984375 0.46875 0.0078125 0.009765625
1 0.83984375 0.4697265625 0.0078125 0.0087890625
1 0.8173828125 0.4716796875 0.0087890625 0.01171875
1 0.7890625 0.474609375 0.0087890625 0.01171875
1 0.70703125 0.4736328125 0.009765625 0.0146484375
1 0.58203125 0.4658203125 0.009765625 0.0126953125
1 0.478515625 0.458984375 0.0087890625 0.01171875
1 0.3720703125 0.451171875 0.0087890625 0.01171875
1 0.259765625 0.4453125 0.0087890625 0.01171875
1 0.1337890625 0.4443359375 0.009765625 0.01171875
2 0.1513671875 0.47265625 0.021484375 0.025390625
2 0.1220703125 0.4580078125 0.0166015625 0.0185546875
2 0.15625 0.4521484375 0.0126953125 0.0166015625
2 0.27734375 0.4521484375 0.0107421875 0.013671875
2 0.3984375 0.4580078125 0.0107421875 0.0146484375
2 0.5107421875 0.466796875 0.01171875 0.0166015625
2 0.66015625 0.4775390625 0.013671875 0.017578125
2 0.802734375 0.486328125 0.0146484375 0.017578125
2 0.9326171875 0.48828125 0.0146484375 0.015625
2 0.9814453125 0.4833984375 0.01171875 0.0146484375
2 0.994140625 0.4775390625 0.0087890625 0.0107421875
0 0.3232421875 0.5078125 0.048828125 0.0751953125
0 0.3583984375 0.517578125 0.0615234375 0.0791015625
2 0.337890625 0.52734375 0.0400390625 0.0458984375