2 0.681640625 0.412109375 0.001953125 0.00390625
2 0.6962890625 0.41015625 0.0029296875 0.00390625
2 0.6630859375 0.4130859375 0.0029296875 0.00390625
2 0.638671875 0.4150390625 0.0029296875 0.00390625
2 0.6171875 0.4150390625 0.0029296875 0.0048828125
2 0.607421875 0.41796875 0.00390625 0.005859375
2 0.6171875 0.4189453125 0.00390625 0.005859375
2 0.6513671875 0.4189453125 0.0048828125 0.005859375
2 0.7041015625 0.41796875 0.0048828125 0.0068359375
2 0.7744140625 0.4169921875 0.005859375 0.0078125
2 0.83203125 0.4169921875 0.0078125 0.0087890625
2 0.8935546875 0.4189453125 0.0087890625 0.0107421875
2 0.9638671875 0.421875 0.0107421875 0.013671875
2 0.88671875 0.4384765625 0.0166015625 0.01953125
2 0.7421875 0.43359375 0.01171875 0.0146484375
2 0.63671875 0.431640625 0.0087890625 0.0126953125
2 0.5693359375 0.4306640625 0.0078125 0.009765625
2 0.5302734375 0.4287109375 0.005859375 0.0078125
2 0.525390625 0.4267578125 0.0048828125 0.0068359375
2 0.5341796875 0.423828125 0.00390625 0.005859375
2 0.5400390625 0.421875 0.00390625 0.005859375
2 0.5458984375 0.4208984375 0.0029296875 0.0048828125
2 0.55078125 0.4189453125 0.0029296875 0.00390625
2 0.5546875 0.41796875 0.0029296875 0.00390625
2 0.556640625 0.4169921875 0.00390625 0.00390625
2 0.5595703125 0.416015625 0.001953125 0.00390625
2 0.56640625 0.416015625 0.001953125 0.00390625
2 0.5849609375 0.4150390625 0.001953125 0.00390625
2 0.6513671875 0.412109375 0.001953125 0.0029296875
1 0.6611328125 0.4111328125 0.001953125 0.0029296875
1 0.69140625 0.41015625 0.001953125 0.00390625
1 0.720703125 0.41015625 0.001953125 0.001953125
1 0.7451171875 0.4091796875 0.0029296875 0.00390625
1 0.7294921875 0.41015625 0.001953125 0.00390625
1 0.7109375 0.412109375 0.001953125 0.0029296875
1 0.6884765625 0.4130859375 0.0029296875 0.00390625
1 0.6708984375 0.4150390625 0.0029296875 0.00390625
1 0.677734375 0.416015625 0.0029296875 0.0048828125
1 0.7724609375 0.4140625 0.00390625 0.005859375
1 0.841796875 0.4130859375 0.005859375 0.0078125
1 0.90625 0.412109375 0.005859375 0.0078125
1 0.978515625 0.4130859375 0.0078125 0.0087890625
1 0.6953125 0.5234375 0.04296875 0.052734375
1 0.7373046875 0.47265625 0.0283203125 0.03125
1 0.7021484375 0.451171875 0.017578125 0.021484375
1 0.61328125 0.4423828125 0.01171875 0.015625
1 0.517578125 0.4384765625 0.009765625 0.0126953125
1 0.451171875 0.435546875 0.0078125 0.009765625
1 0.43359375 0.4326171875 0.005859375 0.0078125
1 0.4501953125 0.4296875 0.0048828125 0.0068359375
1 0.4677734375 0.4267578125 0.00390625 0.005859375
1 0.48046875 0.4248046875 0.00390625 0.005859375
1 0.4921875 0.4228515625 0.00390625 0.0048828125
1 0.5 0.4208984375 0.0029296875 0.00390625
1 0.5087890625 0.4189453125 0.001953125 0.00390625
1 0.51171875 0.4189453125 0.0029296875 0.00390625
1 0.5166015625 0.41796875 0.001953125 0.00390625
1 0.5234375 0.4169921875 0.001953125 0.0029296875
1 0.5361328125 0.416015625 0.001953125 0.0029296875
1 0.59375 0.4130859375 0.001953125 0.0029296875
1 0.625 0.412109375 0.001953125 0.0029296875