1 0.4990234375 0.51171875 0.0400390625 0.0478515625
1 0.453125 0.4697265625 0.0205078125 0.0263671875
1 0.48046875 0.4541015625 0.0166015625 0.0205078125
1 0.560546875 0.4375 0.0107421875 0.013671875
1 0.611328125 0.427734375 0.009765625 0.01171875
1 0.642578125 0.4228515625 0.0087890625 0.009765625
1 0.6865234375 0.41796875 0.0078125 0.009765625
1 0.7568359375 0.4140625 0.0078125 0.0087890625
1 0.82421875 0.41015625 0.0078125 0.0087890625
1 0.890625 0.4072265625 0.0078125 0.0087890625
1 0.96484375 0.404296875 0.0068359375 0.0087890625
2 0.7587890625 0.4521484375 0.0224609375 0.0263671875
2 0.7666015625 0.4306640625 0.013671875 0.017578125
2 0.7802734375 0.419921875 0.0087890625 0.0126953125
2 0.849609375 0.4130859375 0.009765625 0.01171875
2 0.9619140625 0.408203125 0.009765625 0.0107421875