1 0.583984375 0.435546875 0.001953125 0.0029296875
1 0.6142578125 0.4365234375 0.001953125 0.0029296875
1 0.66796875 0.4365234375 0.001953125 0.0029296875
1 0.6630859375 0.4375 0.001953125 0.0029296875
1 0.658203125 0.4384765625 0.001953125 0.0029296875
1 0.6796875 0.4384765625 0.0029296875 0.00390625
1 0.70703125 0.439453125 0.0029296875 0.00390625
1 0.7529296875 0.4404296875 0.0029296875 0.0048828125
1 0.7470703125 0.4423828125 0.0048828125 0.005859375
1 0.7958984375 0.4443359375 0.0048828125 0.0068359375
1 0.85546875 0.4453125 0.0048828125 0.0068359375
1 0.939453125 0.447265625 0.0078125 0.0087890625
1 0.9794921875 0.4501953125 0.009765625 0.009765625
1 0.154296875 0.583984375 0.0615234375 0.0712890625
1 0.3525390625 0.49609375 0.0263671875 0.0302734375
1 0.4033203125 0.4736328125 0.015625 0.0205078125
1 0.43359375 0.4609375 0.0107421875 0.0146484375
1 0.4482421875 0.455078125 0.0078125 0.0107421875
1 0.4580078125 0.4501953125 0.005859375 0.0087890625
1 0.46484375 0.447265625 0.0048828125 0.0078125
1 0.4697265625 0.4462890625 0.0048828125 0.0068359375
1 0.47265625 0.443359375 0.00390625 0.005859375
1 0.4775390625 0.439453125 0.0029296875 0.00390625
1 0.4814453125 0.439453125 0.00390625 0.00390625
1 0.486328125 0.4375 0.001953125 0.0029296875
1 0.4912109375 0.4375 0.001953125 0.0029296875
1 0.5068359375 0.4365234375 0.001953125 0.0029296875
1 0.525390625 0.4365234375 0.001953125 0.0029296875
2 0.60546875 0.4365234375 0.001953125 0.0029296875
2 0.6279296875 0.4365234375 0.001953125 0.0029296875
2 0.63671875 0.4365234375 0.001953125 0.0029296875
2 0.6298828125 0.4375 0.001953125 0.0029296875
2 0.6220703125 0.4384765625 0.0029296875 0.00390625
2 0.6455078125 0.439453125 0.001953125 0.00390625
2 0.6689453125 0.439453125 0.0029296875 0.00390625
2 0.693359375 0.439453125 0.00390625 0.0048828125
2 0.689453125 0.4384765625 0.0029296875 0.00390625
2 0.6884765625 0.443359375 0.00390625 0.005859375
2 0.71875 0.4443359375 0.0048828125 0.0068359375
2 0.7734375 0.4453125 0.005859375 0.0078125
2 0.8486328125 0.4482421875 0.005859375 0.0078125
2 0.8671875 0.451171875 0.0078125 0.009765625
2 0.8935546875 0.455078125 0.0107421875 0.0126953125
2 0.958984375 0.462890625 0.0126953125 0.015625
2 0.9306640625 0.578125 0.0615234375 0.0732421875
2 0.69921875 0.494140625 0.025390625 0.03125
2 0.6357421875 0.47265625 0.015625 0.0205078125
2 0.603515625 0.4619140625 0.0107421875 0.0146484375
2 0.58203125 0.4541015625 0.0078125 0.01171875
2 0.568359375 0.44921875 0.0068359375 0.0087890625
2 0.5595703125 0.447265625 0.0048828125 0.0078125
2 0.5537109375 0.4453125 0.00390625 0.0068359375
2 0.548828125 0.4443359375 0.0029296875 0.0048828125
2 0.5439453125 0.4423828125 0.0029296875 0.0048828125
2 0.5400390625 0.44140625 0.001953125 0.00390625
2 0.5361328125 0.439453125 0.0029296875 0.00390625
2 0.53125 0.4375 0.0029296875 0.00390625
2 0.548828125 0.4365234375 0.001953125 0.0029296875
2 0.5751953125 0.4365234375 0.001953125 0.0029296875