1 0.466796875 0.48828125 0.0224609375 0.0263671875
1 0.23828125 0.560546875 0.0546875 0.0625
2 0.7998046875 0.498046875 0.029296875 0.033203125
1 0.59765625 0.4697265625 0.0166015625 0.0185546875
2 0.810546875 0.474609375 0.01953125 0.021484375
2 0.845703125 0.4619140625 0.0126953125 0.0166015625
1 0.6826171875 0.458984375 0.01171875 0.0146484375
2 0.884765625 0.4482421875 0.0078125 0.0107421875
2 0.89453125 0.4453125 0.0068359375 0.0087890625
1 0.7294921875 0.453125 0.0087890625 0.01171875
1 0.765625 0.4482421875 0.0078125 0.0087890625
2 0.8671875 0.4541015625 0.0107421875 0.0126953125
2 0.92578125 0.4375 0.0048828125 0.005859375
1 0.83203125 0.4384765625 0.00390625 0.005859375
2 0.9619140625 0.4365234375 0.00390625 0.005859375
1 0.8447265625 0.4384765625 0.00390625 0.0048828125
1 0.8115234375 0.4423828125 0.005859375 0.0078125
2 0.908203125 0.4404296875 0.0048828125 0.0068359375
1 0.7900390625 0.4453125 0.0068359375 0.0087890625
1 0.8681640625 0.4365234375 0.00390625 0.0048828125
2 0.90234375 0.4423828125 0.005859375 0.0078125
1 0.822265625 0.4404296875 0.00390625 0.005859375
2 0.9140625 0.439453125 0.00390625 0.005859375
1 0.978515625 0.435546875 0.0029296875 0.00390625
1 0.9140625 0.4345703125 0.0029296875 0.00390625