1 0.087890625 0.455078125 0.0234375 0.02734375
2 0.4404296875 0.53515625 0.0498046875 0.05859375
1 0.0576171875 0.4462890625 0.021484375 0.0234375
2 0.4072265625 0.4658203125 0.01953125 0.0244140625
2 0.1728515625 0.4345703125 0.013671875 0.0166015625
2 0.3203125 0.4462890625 0.0146484375 0.0185546875
2 0.005859375 0.42578125 0.0107421875 0.0146484375
2 0.0107421875 0.4111328125 0.0078125 0.0087890625
2 0.7734375 0.451171875 0.0087890625 0.01171875
1 0.744140625 0.4443359375 0.0068359375 0.0087890625
1 0.0361328125 0.4091796875 0.0078125 0.0078125
2 0.658203125 0.4423828125 0.0078125 0.009765625
2 0.91015625 0.4619140625 0.009765625 0.0126953125
2 0.4794921875 0.4296875 0.005859375 0.0078125
1 0.5478515625 0.4306640625 0.0048828125 0.0068359375
2 0.0927734375 0.4130859375 0.0068359375 0.0078125
2 0.5615234375 0.4365234375 0.0068359375 0.0087890625
2 0.427734375 0.42578125 0.0048828125 0.0068359375
1 0.2265625 0.4150390625 0.005859375 0.005859375
2 0.3701171875 0.4228515625 0.005859375 0.0068359375
2 0.1630859375 0.4150390625 0.005859375 0.0078125
2 0.2392578125 0.4169921875 0.005859375 0.0068359375
1 0.3095703125 0.4169921875 0.0048828125 0.005859375
1 0.4931640625 0.4267578125 0.00390625 0.005859375
2 0.314453125 0.419921875 0.0048828125 0.0068359375
1 0.650390625 0.4375 0.0048828125 0.0068359375
1 0.4365234375 0.423828125 0.00390625 0.0048828125
1 0.912109375 0.455078125 0.005859375 0.009765625