1 0.357421875 0.5234375 0.03515625 0.041015625
1 0.50390625 0.4921875 0.0224609375 0.025390625
1 0.6337890625 0.4775390625 0.0166015625 0.0205078125
1 0.7392578125 0.4658203125 0.013671875 0.015625
1 0.7978515625 0.458984375 0.0107421875 0.0126953125
1 0.76171875 0.4541015625 0.0087890625 0.0107421875
1 0.7001953125 0.451171875 0.0078125 0.0087890625
1 0.6337890625 0.44921875 0.005859375 0.0078125
1 0.9462890625 0.443359375 0.005859375 0.0068359375
1 0.890625 0.4423828125 0.0048828125 0.005859375
1 0.8466796875 0.44140625 0.00390625 0.005859375
1 0.7744140625 0.4404296875 0.0029296875 0.00390625
1 0.7333984375 0.4404296875 0.0029296875 0.0048828125
1 0.6181640625 0.44140625 0.0029296875 0.00390625
1 0.5810546875 0.44140625 0.0029296875 0.0048828125
1 0.541015625 0.443359375 0.0029296875 0.0048828125
1 0.4970703125 0.443359375 0.0029296875 0.0048828125
1 0.4580078125 0.4443359375 0.00390625 0.0048828125
1 0.4306640625 0.447265625 0.0048828125 0.0068359375
1 0.423828125 0.447265625 0.00390625 0.005859375
1 0.4609375 0.4482421875 0.0048828125 0.0068359375
1 0.5107421875 0.44921875 0.0048828125 0.0068359375
1 0.57421875 0.4482421875 0.005859375 0.0078125
2 0.7490234375 0.44140625 0.00390625 0.005859375
2 0.7802734375 0.4423828125 0.00390625 0.005859375
2 0.8173828125 0.443359375 0.00390625 0.005859375
2 0.8671875 0.4453125 0.005859375 0.0068359375
2 0.921875 0.4462890625 0.0068359375 0.0078125
2 0.708984375 0.44140625 0.0029296875 0.0048828125
2 0.65625 0.4423828125 0.0029296875 0.0048828125
2 0.607421875 0.4423828125 0.00390625 0.0048828125
2 0.5546875 0.443359375 0.0029296875 0.0048828125
2 0.5107421875 0.4443359375 0.00390625 0.0048828125
2 0.486328125 0.4453125 0.00390625 0.0048828125
2 0.4921875 0.4462890625 0.00390625 0.005859375
2 0.5302734375 0.4462890625 0.00390625 0.005859375
2 0.5888671875 0.4462890625 0.0048828125 0.0068359375
2 0.658203125 0.447265625 0.0048828125 0.0068359375
2 0.734375 0.447265625 0.005859375 0.0078125
2 0.8056640625 0.44921875 0.005859375 0.0087890625
2 0.8759765625 0.451171875 0.0078125 0.0107421875
2 0.953125 0.455078125 0.0107421875 0.0126953125
2 0.9775390625 0.46875 0.015625 0.0185546875
2 0.9384765625 0.4794921875 0.0205078125 0.0234375
2 0.884765625 0.5078125 0.03125 0.0361328125