2 0.3486328125 0.412109375 0.0048828125 0.005859375
2 0.3828125 0.4140625 0.0048828125 0.005859375
2 0.4052734375 0.4189453125 0.005859375 0.0087890625
2 0.39453125 0.4208984375 0.0068359375 0.0087890625
2 0.37109375 0.423828125 0.0078125 0.0107421875
2 0.359375 0.4296875 0.0107421875 0.013671875
2 0.390625 0.439453125 0.0126953125 0.017578125
2 0.548828125 0.4599609375 0.0185546875 0.0234375
2 0.8623046875 0.48828125 0.02734375 0.029296875
2 0.4384765625 0.5732421875 0.068359375 0.078125
2 0.2314453125 0.4697265625 0.029296875 0.033203125
2 0.177734375 0.44140625 0.01953125 0.021484375
2 0.1484375 0.4267578125 0.013671875 0.0166015625
2 0.1328125 0.4189453125 0.0107421875 0.0126953125
2 0.12109375 0.4140625 0.0078125 0.0107421875
2 0.1142578125 0.4091796875 0.0068359375 0.009765625
2 0.1181640625 0.4072265625 0.005859375 0.0078125
2 0.154296875 0.40625 0.0048828125 0.0068359375
2 0.2197265625 0.408203125 0.00390625 0.005859375
2 0.2880859375 0.41015625 0.0048828125 0.005859375
1 0.2939453125 0.4091796875 0.00390625 0.0048828125
1 0.408203125 0.4140625 0.0029296875 0.0048828125
1 0.458984375 0.4169921875 0.00390625 0.005859375
1 0.4853515625 0.4189453125 0.0048828125 0.005859375
1 0.48828125 0.4228515625 0.0048828125 0.0078125
1 0.4892578125 0.4287109375 0.0078125 0.009765625
1 0.5166015625 0.4345703125 0.009765625 0.0126953125
1 0.63671875 0.4482421875 0.0126953125 0.0166015625
1 0.8388671875 0.4658203125 0.0166015625 0.0205078125
1 0.0263671875 0.40234375 0.0068359375 0.0078125
1 0.0869140625 0.4033203125 0.0048828125 0.0068359375
1 0.162109375 0.4052734375 0.00390625 0.005859375
1 0.22265625 0.40625 0.00390625 0.005859375
2 0.7958984375 0.4287109375 0.00390625 0.005859375
2 0.830078125 0.4296875 0.00390625 0.0048828125
1 0.783203125 0.43359375 0.0068359375 0.0087890625
1 0.951171875 0.4443359375 0.0087890625 0.01171875