1 0.13671875 0.595703125 0.052734375 0.0537109375
1 0.4140625 0.5009765625 0.025390625 0.029296875
1 0.5263671875 0.4814453125 0.017578125 0.021484375
1 0.638671875 0.4716796875 0.0146484375 0.017578125
1 0.73828125 0.462890625 0.0126953125 0.0146484375
1 0.796875 0.45703125 0.009765625 0.01171875
1 0.7685546875 0.453125 0.0087890625 0.0107421875
1 0.7119140625 0.4501953125 0.0078125 0.0087890625
1 0.650390625 0.4482421875 0.005859375 0.0078125
1 0.95703125 0.443359375 0.005859375 0.0068359375
1 0.9033203125 0.4423828125 0.0048828125 0.005859375
1 0.861328125 0.44140625 0.0048828125 0.005859375
1 0.7919921875 0.4404296875 0.00390625 0.00390625
1 0.7529296875 0.4404296875 0.001953125 0.00390625
1 0.689453125 0.44140625 0.001953125 0.00390625
1 0.6396484375 0.44140625 0.0029296875 0.00390625
1 0.6015625 0.44140625 0.0029296875 0.00390625
1 0.5634765625 0.4423828125 0.0029296875 0.00390625
1 0.521484375 0.443359375 0.0029296875 0.00390625
1 0.4833984375 0.4443359375 0.0029296875 0.0048828125
1 0.4580078125 0.447265625 0.00390625 0.005859375
1 0.4521484375 0.4462890625 0.00390625 0.0048828125
1 0.4873046875 0.447265625 0.00390625 0.005859375
1 0.53515625 0.447265625 0.0048828125 0.0068359375
1 0.5947265625 0.4482421875 0.0048828125 0.0068359375
2 0.7666015625 0.44140625 0.00390625 0.005859375
2 0.7958984375 0.4423828125 0.00390625 0.005859375
2 0.8310546875 0.443359375 0.00390625 0.005859375
2 0.8779296875 0.4443359375 0.005859375 0.0078125
2 0.9287109375 0.4462890625 0.005859375 0.0078125
2 0.7275390625 0.44140625 0.0029296875 0.00390625
2 0.67578125 0.44140625 0.0029296875 0.0048828125
2 0.6279296875 0.4423828125 0.0029296875 0.00390625
2 0.578125 0.443359375 0.0029296875 0.00390625
2 0.53515625 0.4443359375 0.0029296875 0.0048828125
2 0.51171875 0.4443359375 0.00390625 0.0048828125
2 0.517578125 0.4453125 0.00390625 0.0048828125
2 0.552734375 0.4462890625 0.00390625 0.005859375
2 0.6083984375 0.4462890625 0.00390625 0.005859375
2 0.6748046875 0.4462890625 0.0048828125 0.0068359375
2 0.748046875 0.447265625 0.005859375 0.0078125
2 0.8134765625 0.4482421875 0.0068359375 0.0087890625
2 0.8779296875 0.451171875 0.0078125 0.0087890625
2 0.9453125 0.4541015625 0.0087890625 0.01171875
2 0.986328125 0.4599609375 0.01171875 0.0146484375
2 0.94921875 0.4658203125 0.013671875 0.0166015625
2 0.8994140625 0.4736328125 0.017578125 0.0205078125
2 0.8271484375 0.4921875 0.0244140625 0.0283203125
2 0.90234375 0.546875 0.05078125 0.056640625