2 0.2841796875 0.42578125 0.005859375 0.0087890625
1 0.3798828125 0.4248046875 0.0048828125 0.0078125
1 0.4765625 0.4296875 0.0048828125 0.0068359375
1 0.552734375 0.4345703125 0.005859375 0.0078125
1 0.6142578125 0.439453125 0.0078125 0.009765625
1 0.6884765625 0.447265625 0.0078125 0.0107421875
1 0.7744140625 0.4580078125 0.0107421875 0.0146484375
1 0.9150390625 0.474609375 0.0166015625 0.01953125
1 0.08203125 0.4169921875 0.0087890625 0.01171875
1 0.171875 0.41796875 0.0078125 0.009765625
2 0.38671875 0.4287109375 0.0068359375 0.0087890625
2 0.474609375 0.4326171875 0.0078125 0.009765625
2 0.5390625 0.4384765625 0.0078125 0.0107421875
2 0.56640625 0.4462890625 0.009765625 0.0126953125
2 0.6328125 0.4599609375 0.013671875 0.017578125
2 0.7861328125 0.48046875 0.0205078125 0.025390625
2 0.26171875 0.4912109375 0.0302734375 0.041015625
2 0.177734375 0.455078125 0.0205078125 0.025390625
2 0.1396484375 0.4365234375 0.0146484375 0.017578125
2 0.125 0.427734375 0.0107421875 0.0146484375
2 0.193359375 0.4248046875 0.0087890625 0.0107421875