2 0.3203125 0.4990234375 0.03515625 0.041015625
1 0.33203125 0.4423828125 0.013671875 0.0166015625
1 0.2353515625 0.4443359375 0.0166015625 0.0185546875
2 0.3662109375 0.4638671875 0.021484375 0.025390625
2 0.490234375 0.455078125 0.015625 0.01953125
2 0.591796875 0.4521484375 0.0126953125 0.015625
2 0.853515625 0.4580078125 0.01171875 0.0126953125
1 0.09765625 0.4482421875 0.0205078125 0.0224609375
2 0.705078125 0.453125 0.01171875 0.0146484375
1 0.4150390625 0.44140625 0.01171875 0.0146484375
1 0.5205078125 0.4423828125 0.009765625 0.0126953125
1 0.61328125 0.443359375 0.0087890625 0.0107421875
1 0.8837890625 0.4541015625 0.0087890625 0.0107421875
1 0.7509765625 0.447265625 0.0087890625 0.0107421875