1 0.3310546875 0.5283203125 0.037109375 0.04296875
1 0.5380859375 0.4892578125 0.01953125 0.0244140625
1 0.61328125 0.4755859375 0.015625 0.01953125
1 0.5927734375 0.4697265625 0.01171875 0.0166015625
1 0.51953125 0.466796875 0.0107421875 0.0146484375
1 0.4443359375 0.462890625 0.0087890625 0.01171875
1 0.4208984375 0.4609375 0.0078125 0.0107421875
1 0.4287109375 0.45703125 0.0068359375 0.0087890625
1 0.4345703125 0.4541015625 0.0048828125 0.0068359375
1 0.4404296875 0.4521484375 0.0048828125 0.0068359375
1 0.458984375 0.4501953125 0.0048828125 0.0068359375
1 0.4970703125 0.44921875 0.0048828125 0.005859375
1 0.53515625 0.4482421875 0.00390625 0.005859375
1 0.5703125 0.447265625 0.0048828125 0.005859375
1 0.71484375 0.4453125 0.00390625 0.005859375
2 0.8642578125 0.5234375 0.0419921875 0.0458984375
2 0.873046875 0.482421875 0.021484375 0.0234375
2 0.794921875 0.4677734375 0.0146484375 0.017578125
2 0.6689453125 0.4619140625 0.0107421875 0.013671875
2 0.5556640625 0.458984375 0.0087890625 0.0107421875
2 0.53515625 0.4541015625 0.0068359375 0.009765625
2 0.5244140625 0.451171875 0.005859375 0.0078125
2 0.5546875 0.44921875 0.005859375 0.0068359375
2 0.6083984375 0.4482421875 0.005859375 0.0068359375
2 0.6611328125 0.447265625 0.0048828125 0.0068359375
2 0.7255859375 0.4462890625 0.005859375 0.0068359375
2 0.7998046875 0.4462890625 0.0048828125 0.0068359375
1 0.865234375 0.443359375 0.0029296875 0.005859375
1 0.947265625 0.4443359375 0.0048828125 0.005859375
2 0.8623046875 0.4462890625 0.00390625 0.005859375
2 0.93359375 0.4462890625 0.005859375 0.0068359375