2 0.36328125 0.4326171875 0.00390625 0.0068359375
2 0.4228515625 0.4404296875 0.005859375 0.0078125
2 0.490234375 0.4462890625 0.0068359375 0.0087890625
2 0.548828125 0.453125 0.0078125 0.0107421875
2 0.599609375 0.4599609375 0.009765625 0.01171875
2 0.654296875 0.470703125 0.0126953125 0.015625
2 0.7763671875 0.4892578125 0.0166015625 0.0205078125
2 0.40234375 0.587890625 0.064453125 0.0712890625
2 0.326171875 0.49609375 0.033203125 0.0361328125
2 0.2353515625 0.45703125 0.017578125 0.01953125
2 0.1513671875 0.4404296875 0.0126953125 0.015625
2 0.0224609375 0.4287109375 0.01171875 0.0126953125
2 0.017578125 0.423828125 0.0087890625 0.01171875
2 0.07421875 0.421875 0.0087890625 0.0107421875
2 0.041015625 0.416015625 0.0068359375 0.0078125
2 0.0498046875 0.412109375 0.0048828125 0.005859375
2 0.1328125 0.416015625 0.00390625 0.005859375
2 0.1953125 0.419921875 0.0048828125 0.005859375
2 0.2568359375 0.4248046875 0.00390625 0.005859375
2 0.3056640625 0.4287109375 0.0048828125 0.0068359375
1 0.5 0.443359375 0.005859375 0.0068359375
1 0.5810546875 0.4501953125 0.005859375 0.0078125
1 0.6787109375 0.458984375 0.005859375 0.0087890625
1 0.3681640625 0.4326171875 0.00390625 0.005859375
1 0.3212890625 0.427734375 0.0048828125 0.005859375
1 0.27734375 0.4248046875 0.00390625 0.005859375
1 0.2177734375 0.419921875 0.00390625 0.0048828125
1 0.05859375 0.4111328125 0.00390625 0.005859375
1 0.833984375 0.478515625 0.0107421875 0.0126953125
1 0.7412109375 0.466796875 0.0087890625 0.0107421875
0 0.357421875 0.431640625 0.005859375 0.0126953125
0 0.3662109375 0.4326171875 0.0068359375 0.013671875
0 0.419921875 0.4345703125 0.005859375 0.013671875
0 0.427734375 0.4345703125 0.005859375 0.0126953125