1 0.0751953125 0.4140625 0.0087890625 0.009765625
1 0.2587890625 0.4189453125 0.0068359375 0.0087890625
1 0.3681640625 0.421875 0.0068359375 0.0078125
1 0.4521484375 0.42578125 0.005859375 0.0068359375
1 0.5439453125 0.4306640625 0.005859375 0.0078125
1 0.634765625 0.4365234375 0.0068359375 0.0078125
1 0.7294921875 0.443359375 0.0078125 0.009765625
1 0.9365234375 0.45703125 0.0107421875 0.0126953125
2 0.19921875 0.5107421875 0.0478515625 0.0517578125
2 0.0703125 0.4189453125 0.009765625 0.0107421875
2 0.1748046875 0.419921875 0.0078125 0.0107421875
2 0.2802734375 0.4228515625 0.0078125 0.009765625
2 0.3837890625 0.42578125 0.0078125 0.0087890625
2 0.826171875 0.4580078125 0.0126953125 0.013671875
2 0.6513671875 0.443359375 0.009765625 0.01171875
2 0.556640625 0.4365234375 0.0078125 0.009765625
2 0.4638671875 0.4306640625 0.0078125 0.009765625