1 0.294921875 0.5166015625 0.0390625 0.0400390625
1 0.3818359375 0.482421875 0.01953125 0.0224609375
1 0.4150390625 0.4677734375 0.0126953125 0.0166015625
1 0.4345703125 0.4609375 0.009765625 0.0126953125
1 0.48828125 0.4560546875 0.0078125 0.009765625
1 0.56640625 0.455078125 0.005859375 0.0078125
1 0.66015625 0.455078125 0.005859375 0.0078125
1 0.74609375 0.4560546875 0.0078125 0.0087890625
1 0.8515625 0.4580078125 0.0078125 0.0087890625
1 0.962890625 0.4609375 0.0087890625 0.009765625
2 0.94921875 0.4658203125 0.009765625 0.0126953125
2 0.7861328125 0.5234375 0.03515625 0.0400390625
2 0.6630859375 0.4853515625 0.017578125 0.0234375
2 0.61328125 0.470703125 0.01171875 0.0166015625
2 0.587890625 0.462890625 0.0087890625 0.0126953125
2 0.6201171875 0.458984375 0.0078125 0.009765625
2 0.7080078125 0.4580078125 0.0078125 0.009765625
2 0.818359375 0.4599609375 0.0078125 0.009765625