2 0.5615234375 0.4345703125 0.001953125 0.0029296875
2 0.5771484375 0.4345703125 0.001953125 0.0029296875
2 0.56640625 0.435546875 0.001953125 0.0029296875
2 0.552734375 0.4365234375 0.001953125 0.00390625
2 0.5341796875 0.4375 0.001953125 0.00390625
2 0.5185546875 0.4375 0.0029296875 0.00390625
2 0.513671875 0.4384765625 0.0029296875 0.00390625
2 0.52734375 0.439453125 0.0029296875 0.00390625
2 0.5576171875 0.4404296875 0.00390625 0.0048828125
2 0.6015625 0.4404296875 0.00390625 0.0048828125
2 0.654296875 0.44140625 0.00390625 0.005859375
2 0.6953125 0.44140625 0.0048828125 0.005859375
2 0.736328125 0.443359375 0.005859375 0.0068359375
2 0.7783203125 0.4453125 0.0068359375 0.0078125
2 0.84765625 0.4482421875 0.0078125 0.009765625
2 0.951171875 0.4541015625 0.0107421875 0.01171875
2 0.9853515625 0.5234375 0.029296875 0.0439453125
2 0.951171875 0.4833984375 0.0234375 0.025390625
2 0.9013671875 0.4658203125 0.015625 0.017578125
2 0.8583984375 0.4580078125 0.01171875 0.013671875
2 0.80078125 0.453125 0.009765625 0.01171875
2 0.740234375 0.451171875 0.0078125 0.009765625
2 0.65625 0.4482421875 0.0078125 0.0107421875
2 0.5791015625 0.4462890625 0.005859375 0.0078125
2 0.5234375 0.4453125 0.0048828125 0.0068359375
2 0.482421875 0.443359375 0.0048828125 0.005859375
2 0.4697265625 0.4423828125 0.00390625 0.005859375
2 0.4658203125 0.4404296875 0.00390625 0.005859375
2 0.4638671875 0.4365234375 0.001953125 0.00390625
2 0.4609375 0.4365234375 0.001953125 0.00390625
2 0.478515625 0.435546875 0.001953125 0.0029296875
2 0.505859375 0.4345703125 0.001953125 0.0029296875
2 0.5361328125 0.4345703125 0.001953125 0.0029296875
1 0.54296875 0.435546875 0.001953125 0.001953125
1 0.60546875 0.435546875 0.001953125 0.00390625
1 0.591796875 0.4365234375 0.001953125 0.0029296875
1 0.5732421875 0.4365234375 0.001953125 0.0029296875
1 0.564453125 0.4375 0.001953125 0.00390625
1 0.572265625 0.4384765625 0.001953125 0.00390625
1 0.595703125 0.439453125 0.0029296875 0.0048828125
1 0.6494140625 0.439453125 0.00390625 0.0048828125
1 0.6982421875 0.439453125 0.00390625 0.005859375
1 0.7421875 0.4404296875 0.0048828125 0.005859375
1 0.787109375 0.44140625 0.0048828125 0.005859375
1 0.833984375 0.443359375 0.005859375 0.0068359375
1 0.896484375 0.4453125 0.0078125 0.0087890625
1 0.9765625 0.4482421875 0.0087890625 0.009765625
1 0.015625 0.59765625 0.0302734375 0.0517578125
1 0.4736328125 0.5166015625 0.03515625 0.0400390625
1 0.6376953125 0.484375 0.021484375 0.025390625
1 0.6982421875 0.4658203125 0.0126953125 0.0166015625
1 0.6875 0.458984375 0.0107421875 0.013671875
1 0.6533203125 0.4541015625 0.0087890625 0.01171875
1 0.5849609375 0.4501953125 0.0078125 0.009765625
1 0.505859375 0.4482421875 0.005859375 0.0078125
1 0.44140625 0.4462890625 0.005859375 0.0078125
1 0.4091796875 0.4443359375 0.0048828125 0.0068359375
1 0.4130859375 0.44140625 0.00390625 0.005859375
1 0.41796875 0.4384765625 0.00390625 0.00390625
1 0.4208984375 0.4384765625 0.0029296875 0.00390625
1 0.4248046875 0.4365234375 0.001953125 0.0029296875
1 0.43359375 0.435546875 0.001953125 0.0029296875
1 0.455078125 0.435546875 0.001953125 0.001953125
1 0.4833984375 0.4345703125 0.001953125 0.0029296875
1 0.5107421875 0.4345703125 0.001953125 0.0029296875