2 0.8837890625 0.4345703125 0.015625 0.017578125
2 0.75 0.431640625 0.0107421875 0.013671875
2 0.650390625 0.4296875 0.0087890625 0.0107421875
2 0.572265625 0.4287109375 0.0078125 0.009765625
2 0.546875 0.4267578125 0.005859375 0.0087890625
2 0.5498046875 0.4228515625 0.0048828125 0.005859375
2 0.5537109375 0.421875 0.00390625 0.005859375
2 0.5576171875 0.419921875 0.00390625 0.0048828125
2 0.5615234375 0.41796875 0.0029296875 0.00390625
2 0.564453125 0.4169921875 0.0029296875 0.00390625
2 0.568359375 0.4150390625 0.001953125 0.00390625
2 0.576171875 0.4140625 0.001953125 0.0029296875
2 0.5927734375 0.4130859375 0.001953125 0.00390625
2 0.623046875 0.412109375 0.001953125 0.00390625
2 0.6552734375 0.41015625 0.001953125 0.0029296875
2 0.685546875 0.41015625 0.001953125 0.0029296875
2 0.693359375 0.41015625 0.001953125 0.0029296875
2 0.6904296875 0.41015625 0.0029296875 0.0029296875
2 0.677734375 0.412109375 0.0029296875 0.00390625
2 0.6513671875 0.4130859375 0.0029296875 0.00390625
2 0.6298828125 0.4150390625 0.00390625 0.0048828125
2 0.615234375 0.4169921875 0.00390625 0.005859375
2 0.625 0.4169921875 0.00390625 0.005859375
2 0.6591796875 0.4169921875 0.00390625 0.005859375
2 0.7099609375 0.4169921875 0.0048828125 0.0068359375
2 0.7685546875 0.416015625 0.005859375 0.0087890625
2 0.8408203125 0.416015625 0.0068359375 0.0087890625
2 0.90234375 0.4169921875 0.0087890625 0.0107421875
2 0.984375 0.419921875 0.01171875 0.013671875
1 0.60546875 0.56640625 0.0625 0.0693359375
1 0.7607421875 0.47265625 0.02734375 0.0322265625
1 0.705078125 0.447265625 0.015625 0.0185546875
1 0.6357421875 0.4384765625 0.0107421875 0.0146484375
1 0.5244140625 0.4365234375 0.0087890625 0.01171875
1 0.46484375 0.4345703125 0.0078125 0.009765625
1 0.4443359375 0.4326171875 0.0068359375 0.0087890625
1 0.4560546875 0.4287109375 0.005859375 0.0068359375
1 0.470703125 0.4267578125 0.0048828125 0.005859375
1 0.4853515625 0.423828125 0.00390625 0.005859375
1 0.49609375 0.421875 0.0029296875 0.0048828125
1 0.50390625 0.4208984375 0.0029296875 0.0048828125
1 0.5107421875 0.419921875 0.001953125 0.00390625
1 0.5166015625 0.4189453125 0.001953125 0.00390625
1 0.5224609375 0.41796875 0.001953125 0.0029296875
1 0.52734375 0.4169921875 0.001953125 0.0029296875
1 0.5322265625 0.416015625 0.001953125 0.0029296875
1 0.55078125 0.4150390625 0.001953125 0.0029296875
1 0.615234375 0.4130859375 0.001953125 0.00390625
1 0.69921875 0.4091796875 0.001953125 0.0029296875
1 0.72265625 0.408203125 0.001953125 0.0029296875
1 0.7373046875 0.408203125 0.001953125 0.0029296875
1 0.7470703125 0.4091796875 0.001953125 0.0029296875
1 0.7294921875 0.41015625 0.0029296875 0.00390625
1 0.70703125 0.412109375 0.0029296875 0.00390625
1 0.6826171875 0.4130859375 0.0029296875 0.00390625
1 0.6748046875 0.4140625 0.0029296875 0.0048828125
1 0.6787109375 0.4150390625 0.0029296875 0.0048828125
1 0.8486328125 0.412109375 0.005859375 0.0078125
1 0.935546875 0.4111328125 0.0078125 0.0078125