2 0.0107421875 0.462890625 0.0166015625 0.017578125
2 0.033203125 0.455078125 0.0126953125 0.013671875
2 0.05859375 0.451171875 0.0107421875 0.01171875
2 0.1650390625 0.44921875 0.0078125 0.0107421875
2 0.259765625 0.447265625 0.0078125 0.0087890625
2 0.3134765625 0.4462890625 0.00390625 0.0068359375
2 0.29296875 0.4423828125 0.00390625 0.005859375
2 0.2861328125 0.4404296875 0.00390625 0.005859375
2 0.3251953125 0.4404296875 0.00390625 0.0048828125
2 0.3916015625 0.4384765625 0.0029296875 0.0048828125
2 0.3837890625 0.4375 0.0029296875 0.00390625
2 0.369140625 0.4365234375 0.0029296875 0.00390625
2 0.359375 0.435546875 0.001953125 0.00390625
2 0.38671875 0.4345703125 0.001953125 0.00390625
2 0.41015625 0.4345703125 0.001953125 0.0029296875
2 0.423828125 0.4345703125 0.001953125 0.0029296875
2 0.41796875 0.43359375 0.001953125 0.0029296875
2 0.416015625 0.43359375 0.001953125 0.0029296875
2 0.4326171875 0.43359375 0.001953125 0.0029296875
2 0.484375 0.43359375 0.001953125 0.0029296875
2 0.5126953125 0.43359375 0.001953125 0.001953125
2 0.51953125 0.4345703125 0.001953125 0.0029296875
2 0.5224609375 0.435546875 0.001953125 0.00390625
2 0.525390625 0.4375 0.0029296875 0.00390625
2 0.529296875 0.439453125 0.00390625 0.0048828125
2 0.5087890625 0.4404296875 0.0029296875 0.0048828125
2 0.4931640625 0.4423828125 0.00390625 0.0048828125
2 0.50390625 0.4423828125 0.00390625 0.0048828125
2 0.53125 0.4443359375 0.00390625 0.005859375
2 0.5439453125 0.4453125 0.0048828125 0.0068359375
2 0.55078125 0.4482421875 0.005859375 0.0087890625
2 0.5615234375 0.4521484375 0.0078125 0.0107421875
2 0.5751953125 0.4580078125 0.009765625 0.013671875
2 0.5966796875 0.4658203125 0.0126953125 0.017578125
2 0.6396484375 0.4833984375 0.0205078125 0.025390625
2 0.7314453125 0.5185546875 0.03515625 0.0419921875
1 0.1943359375 0.478515625 0.01953125 0.0224609375
1 0.2373046875 0.46484375 0.013671875 0.0166015625
1 0.2158203125 0.4521484375 0.0078125 0.01171875
1 0.291015625 0.44921875 0.0078125 0.0087890625
1 0.3720703125 0.447265625 0.005859375 0.0078125
1 0.40625 0.4462890625 0.0048828125 0.0068359375
1 0.4033203125 0.4443359375 0.00390625 0.005859375
1 0.3681640625 0.4423828125 0.00390625 0.005859375
1 0.3623046875 0.44140625 0.00390625 0.0048828125
1 0.3896484375 0.4404296875 0.0029296875 0.0048828125
1 0.431640625 0.4404296875 0.0029296875 0.00390625
1 0.4462890625 0.439453125 0.0029296875 0.00390625
1 0.4443359375 0.4375 0.0029296875 0.00390625
1 0.4189453125 0.4375 0.001953125 0.0029296875
1 0.4111328125 0.4365234375 0.001953125 0.0029296875
1 0.4287109375 0.435546875 0.001953125 0.0029296875
1 0.455078125 0.4365234375 0.001953125 0.0029296875
1 0.4638671875 0.435546875 0.001953125 0.0029296875
1 0.4599609375 0.4345703125 0.001953125 0.0029296875
1 0.451171875 0.4345703125 0.00390625 0.0029296875
1 0.447265625 0.4326171875 0.001953125 0.0029296875
1 0.455078125 0.43359375 0.001953125 0.0029296875
1 0.470703125 0.43359375 0.001953125 0.001953125
1 0.4931640625 0.4345703125 0.001953125 0.0029296875
1 0.4931640625 0.4375 0.001953125 0.00390625
1 0.4892578125 0.4384765625 0.0029296875 0.00390625
1 0.4833984375 0.439453125 0.0029296875 0.0048828125
1 0.4541015625 0.44140625 0.0029296875 0.00390625
1 0.44140625 0.4423828125 0.0029296875 0.0048828125
1 0.4453125 0.443359375 0.0029296875 0.0048828125
1 0.458984375 0.443359375 0.00390625 0.005859375
1 0.470703125 0.4453125 0.00390625 0.005859375
1 0.46484375 0.4521484375 0.0068359375 0.0087890625
1 0.4521484375 0.4580078125 0.0087890625 0.01171875
1 0.4375 0.46484375 0.0126953125 0.0166015625
1 0.4072265625 0.48046875 0.0205078125 0.0224609375
1 0.3515625 0.5126953125 0.0341796875 0.0390625