1 0.07421875 0.4228515625 0.0107421875 0.0126953125
1 0.1875 0.4208984375 0.0048828125 0.0048828125
1 0.271484375 0.4267578125 0.0087890625 0.009765625
1 0.361328125 0.4296875 0.0078125 0.0087890625
1 0.4453125 0.43359375 0.0068359375 0.0087890625
1 0.53515625 0.4384765625 0.0078125 0.0087890625
1 0.63671875 0.4453125 0.0068359375 0.009765625
1 0.7548828125 0.455078125 0.009765625 0.01171875
1 0.9228515625 0.46875 0.0126953125 0.0146484375
2 0.65234375 0.587890625 0.060546875 0.0693359375
2 0.3115234375 0.4873046875 0.03125 0.0361328125
2 0.201171875 0.455078125 0.01953125 0.0234375
2 0.1474609375 0.439453125 0.013671875 0.0166015625
2 0.189453125 0.4326171875 0.0107421875 0.0126953125
2 0.29296875 0.4326171875 0.0087890625 0.01171875
2 0.4140625 0.4375 0.0087890625 0.0107421875
2 0.521484375 0.4443359375 0.0087890625 0.01171875
2 0.630859375 0.4541015625 0.01171875 0.0146484375
2 0.810546875 0.4716796875 0.0166015625 0.0185546875