2 0.6923828125 0.435546875 0.01171875 0.015625
1 0.6904296875 0.4755859375 0.0263671875 0.033203125
2 0.8310546875 0.439453125 0.017578125 0.0205078125
1 0.583984375 0.4521484375 0.017578125 0.0205078125
1 0.9814453125 0.412109375 0.009765625 0.0107421875
1 0.408203125 0.4423828125 0.009765625 0.013671875
2 0.951171875 0.419921875 0.01171875 0.013671875
1 0.486328125 0.4453125 0.01171875 0.015625
2 0.47265625 0.43359375 0.0078125 0.0107421875
1 0.328125 0.4423828125 0.0087890625 0.01171875
2 0.48046875 0.4248046875 0.0048828125 0.0068359375
2 0.8544921875 0.41796875 0.0078125 0.0107421875
2 0.5693359375 0.43359375 0.009765625 0.0126953125
1 0.9013671875 0.412109375 0.0078125 0.0087890625
2 0.396484375 0.4345703125 0.0068359375 0.009765625
1 0.26953125 0.4423828125 0.0078125 0.0107421875
1 0.767578125 0.5478515625 0.0576171875 0.064453125
1 0.5791015625 0.4189453125 0.00390625 0.005859375
2 0.6953125 0.416015625 0.0048828125 0.0068359375
2 0.794921875 0.4169921875 0.0068359375 0.0087890625
1 0.4697265625 0.423828125 0.0048828125 0.005859375
1 0.3466796875 0.4306640625 0.0048828125 0.0068359375
2 0.6240234375 0.4189453125 0.0048828125 0.005859375
1 0.2919921875 0.4345703125 0.005859375 0.0068359375
2 0.75 0.416015625 0.005859375 0.0078125
2 0.412109375 0.4287109375 0.005859375 0.0068359375
2 0.357421875 0.4345703125 0.005859375 0.0087890625
1 0.5263671875 0.4208984375 0.00390625 0.005859375
2 0.5556640625 0.421875 0.0048828125 0.005859375
1 0.25 0.4404296875 0.0068359375 0.0087890625
1 0.2646484375 0.4375 0.005859375 0.0078125
2 0.365234375 0.4326171875 0.005859375 0.0078125
1 0.40625 0.427734375 0.00390625 0.005859375
1 0.734375 0.4140625 0.00390625 0.005859375
1 0.646484375 0.416015625 0.00390625 0.005859375
1 0.7900390625 0.412109375 0.00390625 0.005859375
1 0.8369140625 0.412109375 0.0048828125 0.0078125