1 0.0390625 0.4765625 0.037109375 0.0380859375
1 0.244140625 0.4521484375 0.01953125 0.0234375
1 0.3330078125 0.4404296875 0.013671875 0.0166015625
1 0.275390625 0.4306640625 0.01171875 0.0146484375
1 0.2373046875 0.423828125 0.0087890625 0.0107421875
1 0.22265625 0.41796875 0.0078125 0.0107421875
1 0.251953125 0.4169921875 0.005859375 0.0087890625
1 0.29296875 0.4150390625 0.0048828125 0.0068359375
1 0.318359375 0.4150390625 0.00390625 0.005859375
1 0.2998046875 0.4130859375 0.00390625 0.005859375
1 0.2685546875 0.41015625 0.00390625 0.0048828125
1 0.2626953125 0.4091796875 0.00390625 0.0048828125
1 0.2734375 0.4091796875 0.0029296875 0.00390625
1 0.2939453125 0.4091796875 0.0029296875 0.00390625
1 0.3115234375 0.4091796875 0.001953125 0.00390625
1 0.2783203125 0.4072265625 0.001953125 0.00390625
1 0.2880859375 0.4072265625 0.001953125 0.0029296875
1 0.3095703125 0.4072265625 0.001953125 0.0029296875
1 0.3408203125 0.408203125 0.001953125 0.00390625
1 0.376953125 0.41015625 0.001953125 0.0029296875
1 0.4072265625 0.4111328125 0.001953125 0.00390625
1 0.431640625 0.412109375 0.001953125 0.0029296875
1 0.455078125 0.4140625 0.001953125 0.001953125
1 0.46875 0.4140625 0.001953125 0.0029296875
1 0.4775390625 0.4150390625 0.001953125 0.0029296875
1 0.4853515625 0.416015625 0.001953125 0.0029296875
1 0.494140625 0.416015625 0.001953125 0.00390625
1 0.5048828125 0.41796875 0.001953125 0.00390625
1 0.5224609375 0.4189453125 0.0029296875 0.00390625
1 0.5419921875 0.4208984375 0.00390625 0.0048828125
1 0.5634765625 0.4228515625 0.00390625 0.0048828125
1 0.591796875 0.42578125 0.00390625 0.005859375
1 0.6279296875 0.4287109375 0.0048828125 0.005859375
1 0.67578125 0.43359375 0.0048828125 0.0068359375
1 0.7353515625 0.439453125 0.0068359375 0.0087890625
1 0.8134765625 0.447265625 0.005859375 0.0087890625
1 0.9345703125 0.4580078125 0.009765625 0.01171875
2 0.4111328125 0.5673828125 0.0634765625 0.0751953125
2 0.47265625 0.48046875 0.0234375 0.0302734375
2 0.4853515625 0.4599609375 0.017578125 0.0224609375
2 0.486328125 0.4443359375 0.0126953125 0.0166015625
2 0.431640625 0.435546875 0.0107421875 0.0126953125
2 0.3642578125 0.4287109375 0.0087890625 0.01171875
2 0.3232421875 0.421875 0.0068359375 0.009765625
2 0.3525390625 0.419921875 0.005859375 0.0078125
2 0.3720703125 0.4189453125 0.0048828125 0.0078125
2 0.3603515625 0.4150390625 0.00390625 0.005859375
2 0.33203125 0.4130859375 0.00390625 0.005859375
2 0.31640625 0.4111328125 0.0029296875 0.0048828125
2 0.3251953125 0.4111328125 0.0029296875 0.0048828125
2 0.3427734375 0.4111328125 0.0029296875 0.00390625
2 0.353515625 0.4111328125 0.0029296875 0.00390625
2 0.3369140625 0.4091796875 0.001953125 0.00390625
2 0.36328125 0.41015625 0.0029296875 0.00390625
2 0.3974609375 0.4111328125 0.001953125 0.00390625
2 0.4189453125 0.412109375 0.001953125 0.00390625
2 0.435546875 0.4130859375 0.001953125 0.00390625
2 0.4423828125 0.4150390625 0.0029296875 0.00390625
2 0.4501953125 0.4150390625 0.001953125 0.00390625
2 0.458984375 0.416015625 0.0029296875 0.00390625
2 0.47265625 0.41796875 0.0029296875 0.00390625
2 0.486328125 0.4189453125 0.00390625 0.0048828125
2 0.5029296875 0.4208984375 0.00390625 0.005859375
2 0.5234375 0.423828125 0.0048828125 0.005859375
2 0.5537109375 0.4267578125 0.005859375 0.0078125
2 0.595703125 0.431640625 0.0068359375 0.0087890625
2 0.6435546875 0.4375 0.0078125 0.009765625
2 0.7099609375 0.4453125 0.0087890625 0.01171875
2 0.8125 0.4560546875 0.0126953125 0.0146484375
2 0.9853515625 0.4755859375 0.0185546875 0.01953125