2 0.0654296875 0.4560546875 0.0263671875 0.029296875
2 0.248046875 0.48828125 0.0361328125 0.0400390625
2 0.77734375 0.4794921875 0.0224609375 0.02734375
2 0.26171875 0.44140625 0.0166015625 0.01953125
2 0.4833984375 0.4580078125 0.01953125 0.0224609375
2 0.1015625 0.4287109375 0.0146484375 0.0166015625
1 0.8349609375 0.4658203125 0.0166015625 0.0185546875
2 0.599609375 0.5947265625 0.0537109375 0.0576171875
1 0.2177734375 0.42578125 0.0107421875 0.0126953125
1 0.5576171875 0.447265625 0.013671875 0.0166015625
1 0.001953125 0.4111328125 0.00390625 0.009765625
1 0.3701171875 0.435546875 0.0126953125 0.0146484375
1 0.1044921875 0.4189453125 0.0087890625 0.0107421875