2 0.8525390625 0.5107421875 0.0341796875 0.0390625
2 0.7958984375 0.478515625 0.01953125 0.0234375
2 0.763671875 0.4619140625 0.0126953125 0.015625
2 0.75 0.453125 0.0087890625 0.01171875
2 0.7412109375 0.44921875 0.0068359375 0.0087890625
2 0.7333984375 0.4462890625 0.005859375 0.0078125
2 0.728515625 0.443359375 0.00390625 0.0078125
2 0.724609375 0.44140625 0.00390625 0.0068359375
2 0.734375 0.4404296875 0.00390625 0.005859375
2 0.7587890625 0.439453125 0.00390625 0.005859375
2 0.8115234375 0.4384765625 0.00390625 0.0048828125
2 0.873046875 0.4375 0.00390625 0.005859375
2 0.94140625 0.4384765625 0.0048828125 0.005859375
2 0.96875 0.4423828125 0.0068359375 0.0087890625
2 0.978515625 0.4404296875 0.005859375 0.0068359375
2 0.9287109375 0.4453125 0.0068359375 0.0087890625
2 0.8984375 0.447265625 0.0078125 0.0107421875
2 0.8798828125 0.451171875 0.009765625 0.0126953125
2 0.9072265625 0.455078125 0.01171875 0.013671875
2 0.974609375 0.4609375 0.0146484375 0.0166015625
1 0.2724609375 0.5498046875 0.0517578125 0.0517578125
1 0.47265625 0.4912109375 0.0224609375 0.02734375
1 0.55078125 0.4697265625 0.0146484375 0.0185546875
1 0.587890625 0.4599609375 0.0107421875 0.013671875
1 0.609375 0.4541015625 0.0078125 0.0107421875
1 0.625 0.44921875 0.0068359375 0.0087890625
1 0.634765625 0.4462890625 0.005859375 0.0078125
1 0.64453125 0.443359375 0.00390625 0.005859375
1 0.6513671875 0.4423828125 0.00390625 0.005859375
1 0.65625 0.4404296875 0.0029296875 0.0048828125
1 0.685546875 0.4384765625 0.001953125 0.0048828125
1 0.728515625 0.4375 0.0029296875 0.0048828125
1 0.791015625 0.4375 0.00390625 0.00390625
1 0.8662109375 0.4375 0.00390625 0.0048828125
1 0.9521484375 0.4375 0.00390625 0.0048828125