2 0.361328125 0.5126953125 0.044921875 0.05078125
2 0.2158203125 0.453125 0.021484375 0.0263671875
2 0.166015625 0.431640625 0.015625 0.0185546875
2 0.140625 0.4208984375 0.01171875 0.0146484375
2 0.12109375 0.4140625 0.0087890625 0.01171875
2 0.1083984375 0.4091796875 0.0068359375 0.0087890625
2 0.1015625 0.40625 0.005859375 0.0078125
2 0.11328125 0.404296875 0.0048828125 0.0068359375
2 0.1455078125 0.4033203125 0.0048828125 0.005859375
2 0.20703125 0.4052734375 0.0048828125 0.005859375
2 0.2724609375 0.4072265625 0.00390625 0.005859375
2 0.3369140625 0.41015625 0.00390625 0.005859375
2 0.36328125 0.412109375 0.0048828125 0.0068359375
2 0.375 0.4169921875 0.005859375 0.0087890625
2 0.349609375 0.419921875 0.0068359375 0.009765625
2 0.3330078125 0.423828125 0.0087890625 0.01171875
2 0.328125 0.4296875 0.0107421875 0.0146484375
2 0.373046875 0.4375 0.013671875 0.0166015625
2 0.4638671875 0.4482421875 0.015625 0.0205078125
2 0.689453125 0.4658203125 0.021484375 0.0244140625
1 0.1015625 0.4013671875 0.00390625 0.005859375
1 0.1806640625 0.40234375 0.0048828125 0.005859375
1 0.2607421875 0.4052734375 0.00390625 0.005859375
1 0.33984375 0.4091796875 0.00390625 0.0048828125
1 0.3896484375 0.4111328125 0.00390625 0.005859375
1 0.4345703125 0.4150390625 0.00390625 0.005859375
1 0.474609375 0.41796875 0.0048828125 0.0068359375
1 0.4697265625 0.419921875 0.005859375 0.0078125
1 0.45703125 0.4267578125 0.0078125 0.0107421875
1 0.4853515625 0.4326171875 0.009765625 0.0126953125
1 0.55859375 0.44140625 0.0126953125 0.015625
1 0.73046875 0.455078125 0.0146484375 0.017578125
1 0.9921875 0.4716796875 0.013671875 0.01953125