1 0.15625 0.455078125 0.0224609375 0.0244140625
1 0.220703125 0.443359375 0.0166015625 0.0185546875
1 0.2919921875 0.4375 0.0126953125 0.0146484375
1 0.384765625 0.435546875 0.0107421875 0.0126953125
1 0.462890625 0.4365234375 0.0087890625 0.0107421875
1 0.529296875 0.4375 0.0087890625 0.0107421875
1 0.595703125 0.4384765625 0.0078125 0.009765625
1 0.6875 0.44140625 0.0078125 0.009765625
1 0.7802734375 0.4443359375 0.0078125 0.009765625
1 0.9296875 0.451171875 0.0087890625 0.0107421875
2 0.4853515625 0.4873046875 0.02734375 0.03515625
2 0.4443359375 0.4521484375 0.0146484375 0.01953125
2 0.51171875 0.4453125 0.01171875 0.015625
2 0.6171875 0.4453125 0.0107421875 0.0126953125
2 0.71484375 0.447265625 0.009765625 0.0126953125
2 0.8349609375 0.451171875 0.0107421875 0.0126953125
2 0.994140625 0.4599609375 0.0107421875 0.0126953125