1 0.0078125 0.3994140625 0.0048828125 0.0048828125
1 0.0341796875 0.4013671875 0.0048828125 0.005859375
1 0.064453125 0.4033203125 0.005859375 0.005859375
1 0.1005859375 0.40625 0.005859375 0.0078125
1 0.140625 0.41015625 0.005859375 0.0078125
1 0.185546875 0.4140625 0.0068359375 0.0078125
1 0.2421875 0.41796875 0.0068359375 0.0087890625
1 0.30859375 0.4228515625 0.0078125 0.009765625
1 0.40234375 0.4296875 0.0068359375 0.009765625
1 0.505859375 0.4375 0.009765625 0.0126953125
1 0.65234375 0.44921875 0.0107421875 0.0146484375
1 0.869140625 0.4658203125 0.0146484375 0.017578125
2 0.306640625 0.533203125 0.0537109375 0.0625
2 0.005859375 0.404296875 0.0068359375 0.0087890625
2 0.0400390625 0.408203125 0.0068359375 0.0087890625
2 0.0810546875 0.412109375 0.0078125 0.009765625
2 0.1318359375 0.416015625 0.0087890625 0.0107421875
2 0.197265625 0.421875 0.009765625 0.01171875
2 0.283203125 0.4296875 0.0107421875 0.013671875
2 0.3955078125 0.4404296875 0.0126953125 0.0146484375
2 0.560546875 0.455078125 0.0166015625 0.01953125
2 0.8349609375 0.48046875 0.021484375 0.0244140625