1 0.091796875 0.5166015625 0.033203125 0.037109375
1 0.9638671875 0.45703125 0.01171875 0.0126953125
1 0.7978515625 0.44921875 0.0068359375 0.0087890625
1 0.7255859375 0.4482421875 0.005859375 0.0078125
1 0.6142578125 0.4482421875 0.0048828125 0.0068359375
1 0.5302734375 0.4482421875 0.005859375 0.0078125
1 0.4619140625 0.44921875 0.005859375 0.0078125
1 0.30078125 0.4521484375 0.005859375 0.0078125
1 0.21484375 0.4541015625 0.0048828125 0.0078125
1 0.123046875 0.4580078125 0.0078125 0.0087890625
1 0.0556640625 0.4619140625 0.009765625 0.01171875
1 0.0126953125 0.4794921875 0.0185546875 0.01953125
1 0.06640625 0.4912109375 0.0234375 0.025390625
2 0.7412109375 0.453125 0.0078125 0.0107421875
2 0.8046875 0.4580078125 0.009765625 0.0126953125
2 0.904296875 0.4658203125 0.0146484375 0.017578125
2 0.6708984375 0.451171875 0.0068359375 0.0087890625
2 0.580078125 0.4501953125 0.0068359375 0.0087890625
2 0.490234375 0.451171875 0.0068359375 0.0087890625
2 0.388671875 0.4521484375 0.0078125 0.0087890625
2 0.2900390625 0.455078125 0.0078125 0.009765625
2 0.2099609375 0.458984375 0.0078125 0.009765625
2 0.17578125 0.4619140625 0.009765625 0.0126953125
2 0.2021484375 0.4658203125 0.0126953125 0.0146484375
2 0.2841796875 0.4716796875 0.013671875 0.017578125
2 0.396484375 0.4814453125 0.0205078125 0.0234375
2 0.5849609375 0.50390625 0.0302734375 0.0341796875
2 0.9443359375 0.580078125 0.068359375 0.0751953125