2 0.890625 0.5576171875 0.060546875 0.060546875
2 0.5478515625 0.5029296875 0.025390625 0.029296875
2 0.5615234375 0.482421875 0.0166015625 0.0205078125
2 0.6435546875 0.4697265625 0.01171875 0.0166015625
2 0.6064453125 0.4609375 0.0087890625 0.0107421875
2 0.533203125 0.458984375 0.0068359375 0.0087890625
2 0.46875 0.4580078125 0.005859375 0.0078125
2 0.4521484375 0.45703125 0.0048828125 0.0078125
2 0.4921875 0.455078125 0.0048828125 0.0068359375
2 0.5478515625 0.453125 0.0048828125 0.0068359375
2 0.6201171875 0.453125 0.0048828125 0.005859375
2 0.70703125 0.4521484375 0.0048828125 0.0078125
2 0.7861328125 0.4521484375 0.0068359375 0.0078125
2 0.884765625 0.4521484375 0.0078125 0.0087890625
2 0.994140625 0.453125 0.0048828125 0.0068359375
1 0.9970703125 0.4501953125 0.00390625 0.0068359375
1 0.9072265625 0.4501953125 0.0068359375 0.0078125
1 0.8125 0.4501953125 0.0048828125 0.0068359375
1 0.62890625 0.451171875 0.00390625 0.005859375
1 0.54296875 0.4521484375 0.00390625 0.005859375
1 0.458984375 0.4541015625 0.00390625 0.005859375
1 0.3818359375 0.4560546875 0.00390625 0.005859375
1 0.34765625 0.458984375 0.005859375 0.0068359375
1 0.3720703125 0.4609375 0.0068359375 0.0078125
1 0.43359375 0.462890625 0.0078125 0.009765625
1 0.4794921875 0.466796875 0.0087890625 0.01171875
1 0.408203125 0.4755859375 0.01171875 0.015625
1 0.2451171875 0.490234375 0.0185546875 0.021484375
1 0.10546875 0.5185546875 0.0341796875 0.033203125
1 0.2236328125 0.5888671875 0.0595703125 0.068359375
1 0.716796875 0.4501953125 0.0048828125 0.005859375