1 0.90625 0.4423828125 0.00390625 0.0048828125
1 0.951171875 0.443359375 0.0048828125 0.005859375
1 0.388671875 0.505859375 0.02734375 0.033203125
1 0.439453125 0.4794921875 0.0166015625 0.0205078125
1 0.4697265625 0.46484375 0.0107421875 0.013671875
1 0.5048828125 0.458984375 0.0087890625 0.0107421875
1 0.5478515625 0.4560546875 0.0078125 0.0087890625
1 0.6064453125 0.453125 0.005859375 0.0087890625
1 0.6689453125 0.451171875 0.005859375 0.0078125
1 0.71484375 0.4482421875 0.00390625 0.005859375
1 0.708984375 0.447265625 0.00390625 0.005859375
1 0.681640625 0.4462890625 0.00390625 0.0048828125
1 0.64453125 0.4453125 0.00390625 0.0048828125
1 0.873046875 0.44140625 0.00390625 0.0048828125
1 0.8447265625 0.44140625 0.0029296875 0.00390625
1 0.8203125 0.4404296875 0.0029296875 0.00390625
1 0.7763671875 0.4404296875 0.001953125 0.0029296875
1 0.6962890625 0.4404296875 0.001953125 0.001953125
1 0.65625 0.44140625 0.001953125 0.0029296875
1 0.625 0.4404296875 0.001953125 0.00390625
1 0.59375 0.44140625 0.001953125 0.00390625
1 0.55859375 0.4423828125 0.001953125 0.00390625
1 0.5302734375 0.4423828125 0.0029296875 0.00390625
1 0.509765625 0.4443359375 0.0029296875 0.00390625
1 0.505859375 0.443359375 0.0029296875 0.0048828125
1 0.53125 0.4443359375 0.0029296875 0.0048828125
1 0.56640625 0.4453125 0.0029296875 0.0048828125
1 0.6083984375 0.4453125 0.0029296875 0.0048828125
2 0.75 0.44140625 0.001953125 0.00390625
2 0.767578125 0.44140625 0.0029296875 0.00390625
2 0.7880859375 0.44140625 0.0029296875 0.00390625
2 0.8134765625 0.4423828125 0.0029296875 0.0048828125
2 0.8388671875 0.443359375 0.00390625 0.0048828125
2 0.8759765625 0.4443359375 0.0048828125 0.005859375
2 0.9248046875 0.4453125 0.00390625 0.005859375
2 0.9970703125 0.447265625 0.00390625 0.0087890625
2 0.7236328125 0.4404296875 0.0029296875 0.00390625
2 0.68359375 0.44140625 0.001953125 0.0029296875
2 0.64453125 0.44140625 0.001953125 0.00390625
2 0.603515625 0.4423828125 0.0029296875 0.00390625
2 0.5693359375 0.443359375 0.0029296875 0.00390625
2 0.55078125 0.443359375 0.001953125 0.00390625
2 0.5546875 0.4443359375 0.0029296875 0.00390625
2 0.5810546875 0.4443359375 0.0029296875 0.00390625
2 0.62109375 0.4443359375 0.0029296875 0.00390625
2 0.6669921875 0.4443359375 0.00390625 0.0048828125
2 0.71484375 0.4443359375 0.0029296875 0.00390625
2 0.7529296875 0.4453125 0.00390625 0.005859375
2 0.783203125 0.4453125 0.00390625 0.005859375
2 0.80859375 0.4482421875 0.0048828125 0.0078125
2 0.7685546875 0.451171875 0.005859375 0.0078125
2 0.7216796875 0.453125 0.0068359375 0.0087890625
2 0.66015625 0.45703125 0.0078125 0.0107421875
2 0.6298828125 0.4619140625 0.0087890625 0.0126953125
2 0.650390625 0.46875 0.01171875 0.015625
2 0.7001953125 0.48046875 0.017578125 0.0224609375
2 0.8359375 0.513671875 0.0361328125 0.0390625