2 0.9052734375 0.5283203125 0.0390625 0.04296875
2 0.8642578125 0.4951171875 0.0244140625 0.025390625
2 0.900390625 0.478515625 0.017578125 0.01953125
2 0.8759765625 0.4697265625 0.01171875 0.0146484375
2 0.8212890625 0.4638671875 0.009765625 0.01171875
2 0.75 0.458984375 0.0078125 0.009765625
2 0.6796875 0.455078125 0.005859375 0.0087890625
2 0.626953125 0.453125 0.005859375 0.0078125
2 0.5732421875 0.4501953125 0.0048828125 0.0068359375
2 0.5419921875 0.44921875 0.00390625 0.005859375
2 0.5263671875 0.447265625 0.00390625 0.005859375
2 0.5478515625 0.447265625 0.00390625 0.0048828125
2 0.578125 0.4462890625 0.0029296875 0.00390625
2 0.5810546875 0.4453125 0.0029296875 0.00390625
2 0.556640625 0.4443359375 0.001953125 0.00390625
2 0.5400390625 0.443359375 0.001953125 0.00390625
2 0.5439453125 0.443359375 0.001953125 0.0029296875
2 0.55859375 0.443359375 0.001953125 0.00390625
2 0.5869140625 0.443359375 0.001953125 0.00390625
2 0.61328125 0.4443359375 0.0029296875 0.00390625
2 0.638671875 0.4443359375 0.0029296875 0.00390625
2 0.6767578125 0.4453125 0.0029296875 0.00390625
2 0.7294921875 0.4462890625 0.0029296875 0.0048828125
2 0.7646484375 0.447265625 0.0029296875 0.0048828125
2 0.7861328125 0.44921875 0.00390625 0.005859375
2 0.8115234375 0.4501953125 0.00390625 0.005859375
2 0.8369140625 0.4521484375 0.0048828125 0.0068359375
2 0.875 0.4541015625 0.005859375 0.0078125
2 0.951171875 0.45703125 0.005859375 0.0078125
1 0.1171875 0.59375 0.056640625 0.0595703125
1 0.3662109375 0.4990234375 0.02734375 0.03125
1 0.8837890625 0.4501953125 0.00390625 0.005859375
1 0.84765625 0.44921875 0.00390625 0.00390625
1 0.7685546875 0.4462890625 0.0029296875 0.00390625
1 0.6826171875 0.4443359375 0.0029296875 0.00390625
1 0.658203125 0.4443359375 0.001953125 0.0029296875
1 0.619140625 0.443359375 0.0029296875 0.0029296875
1 0.5751953125 0.443359375 0.001953125 0.0029296875
1 0.5302734375 0.4423828125 0.001953125 0.0029296875
1 0.5048828125 0.443359375 0.0029296875 0.00390625
1 0.4892578125 0.443359375 0.0029296875 0.00390625
1 0.4951171875 0.443359375 0.0029296875 0.00390625
1 0.5185546875 0.4443359375 0.0029296875 0.0048828125
1 0.5146484375 0.4453125 0.0029296875 0.0048828125
1 0.478515625 0.4453125 0.00390625 0.005859375
1 0.4541015625 0.447265625 0.00390625 0.005859375
1 0.466796875 0.4482421875 0.0048828125 0.0068359375
1 0.4951171875 0.451171875 0.005859375 0.0078125
1 0.564453125 0.4541015625 0.005859375 0.0078125
1 0.611328125 0.45703125 0.0078125 0.0107421875
1 0.6591796875 0.462890625 0.009765625 0.0126953125
1 0.638671875 0.46875 0.01171875 0.0166015625
1 0.544921875 0.478515625 0.0166015625 0.021484375
1 0.91015625 0.451171875 0.005859375 0.0078125
1 0.974609375 0.4541015625 0.0048828125 0.0078125