1 0.109375 0.5859375 0.068359375 0.0732421875
1 0.337890625 0.4990234375 0.0263671875 0.0302734375
1 0.400390625 0.4765625 0.015625 0.01953125
1 0.427734375 0.4658203125 0.0107421875 0.0146484375
1 0.443359375 0.4599609375 0.0078125 0.0107421875
1 0.4521484375 0.4560546875 0.0068359375 0.0087890625
1 0.458984375 0.453125 0.005859375 0.0078125
1 0.4931640625 0.451171875 0.0048828125 0.005859375
1 0.548828125 0.451171875 0.00390625 0.005859375
1 0.6181640625 0.4501953125 0.00390625 0.005859375
1 0.6806640625 0.451171875 0.0048828125 0.005859375
1 0.7529296875 0.4521484375 0.005859375 0.0068359375
1 0.8212890625 0.4541015625 0.0048828125 0.0068359375
1 0.8828125 0.4560546875 0.0068359375 0.0078125
1 0.9501953125 0.458984375 0.0078125 0.0087890625
2 0.791015625 0.4560546875 0.005859375 0.0078125
2 0.83984375 0.458984375 0.0068359375 0.0087890625
2 0.9091796875 0.462890625 0.0087890625 0.01171875
2 0.724609375 0.50390625 0.0263671875 0.0302734375
2 0.6435546875 0.478515625 0.0146484375 0.0205078125
2 0.6044921875 0.466796875 0.0107421875 0.013671875
2 0.58203125 0.4609375 0.0078125 0.0107421875
2 0.5673828125 0.45703125 0.0068359375 0.0087890625
2 0.55859375 0.4541015625 0.005859375 0.0078125
2 0.583984375 0.453125 0.0048828125 0.0068359375
2 0.646484375 0.4521484375 0.0048828125 0.005859375
2 0.7197265625 0.453125 0.005859375 0.0068359375