2 0.35546875 0.416015625 0.0048828125 0.0068359375
2 0.3974609375 0.41796875 0.005859375 0.0078125
2 0.4287109375 0.4208984375 0.005859375 0.0078125
2 0.4375 0.4228515625 0.005859375 0.0078125
2 0.435546875 0.4287109375 0.0078125 0.0107421875
2 0.4228515625 0.43359375 0.0107421875 0.013671875
2 0.4345703125 0.4443359375 0.013671875 0.017578125
2 0.5166015625 0.4619140625 0.01953125 0.0244140625
2 0.875 0.509765625 0.0361328125 0.0390625
2 0.4873046875 0.587890625 0.0654296875 0.0712890625
2 0.2353515625 0.4775390625 0.03515625 0.0380859375
2 0.1572265625 0.4443359375 0.0205078125 0.0234375
2 0.1240234375 0.4296875 0.0146484375 0.017578125
2 0.1015625 0.4208984375 0.0107421875 0.013671875
2 0.087890625 0.4140625 0.0087890625 0.01171875
2 0.1328125 0.41015625 0.005859375 0.0087890625
2 0.2080078125 0.4111328125 0.005859375 0.0068359375
2 0.2861328125 0.4130859375 0.0048828125 0.005859375
1 0.2890625 0.412109375 0.00390625 0.0048828125
1 0.3525390625 0.4140625 0.00390625 0.005859375
1 0.419921875 0.4169921875 0.00390625 0.005859375
1 0.4814453125 0.4208984375 0.0048828125 0.0068359375
1 0.515625 0.423828125 0.0048828125 0.0068359375
1 0.529296875 0.4267578125 0.0068359375 0.0087890625
1 0.5439453125 0.4306640625 0.0078125 0.009765625
1 0.564453125 0.4375 0.009765625 0.0126953125
1 0.634765625 0.44921875 0.013671875 0.0166015625
1 0.8583984375 0.4736328125 0.01953125 0.0224609375
1 0.005859375 0.40625 0.005859375 0.009765625
1 0.0517578125 0.4052734375 0.0068359375 0.0078125
1 0.138671875 0.4072265625 0.0048828125 0.005859375