1 0.2138671875 0.451171875 0.01953125 0.0224609375
1 0.3671875 0.4453125 0.013671875 0.0166015625
1 0.4990234375 0.4443359375 0.0107421875 0.0126953125
1 0.6240234375 0.4453125 0.009765625 0.01171875
1 0.728515625 0.4482421875 0.0078125 0.009765625
1 0.8681640625 0.4521484375 0.0087890625 0.009765625
1 0.9482421875 0.4541015625 0.0078125 0.0087890625
2 0.6162109375 0.5888671875 0.060546875 0.0703125
2 0.4443359375 0.4921875 0.0302734375 0.0361328125
2 0.505859375 0.46484375 0.0166015625 0.0224609375
2 0.9765625 0.4619140625 0.0107421875 0.01171875
2 0.8486328125 0.4599609375 0.01171875 0.013671875
2 0.7333984375 0.4580078125 0.01171875 0.013671875
2 0.6083984375 0.458984375 0.0146484375 0.0185546875