2 0.162109375 0.447265625 0.0166015625 0.0205078125
2 0.1337890625 0.4345703125 0.0126953125 0.015625
2 0.15234375 0.4287109375 0.009765625 0.0126953125
2 0.1884765625 0.42578125 0.0078125 0.0107421875
2 0.244140625 0.4248046875 0.0068359375 0.0087890625
2 0.2607421875 0.4228515625 0.005859375 0.0078125
2 0.251953125 0.419921875 0.005859375 0.0078125
2 0.220703125 0.41796875 0.0048828125 0.0068359375
2 0.1806640625 0.4150390625 0.0048828125 0.0068359375
2 0.1435546875 0.412109375 0.0048828125 0.005859375
2 0.0986328125 0.41015625 0.00390625 0.005859375
2 0.072265625 0.4072265625 0.00390625 0.005859375
2 0.05859375 0.40625 0.00390625 0.0048828125
2 0.0830078125 0.4052734375 0.0029296875 0.0048828125
2 0.1162109375 0.4072265625 0.0029296875 0.0048828125
2 0.1220703125 0.40625 0.0029296875 0.00390625
2 0.0986328125 0.4052734375 0.0029296875 0.00390625
2 0.0859375 0.4033203125 0.001953125 0.00390625
2 0.1044921875 0.404296875 0.001953125 0.00390625
2 0.134765625 0.40625 0.001953125 0.0029296875
2 0.1611328125 0.4072265625 0.001953125 0.0029296875
2 0.18359375 0.408203125 0.001953125 0.00390625
2 0.2158203125 0.41015625 0.0029296875 0.00390625
2 0.2587890625 0.4130859375 0.001953125 0.0029296875
2 0.2802734375 0.4140625 0.001953125 0.00390625
2 0.2900390625 0.416015625 0.001953125 0.00390625
2 0.3017578125 0.4169921875 0.0029296875 0.00390625
2 0.3115234375 0.41796875 0.0029296875 0.00390625
2 0.326171875 0.4189453125 0.00390625 0.0048828125
2 0.3603515625 0.421875 0.0029296875 0.00390625
2 0.3974609375 0.4248046875 0.00390625 0.0048828125
2 0.431640625 0.427734375 0.00390625 0.005859375
2 0.4365234375 0.4296875 0.0048828125 0.0068359375
2 0.46875 0.4345703125 0.005859375 0.0078125
2 0.5380859375 0.44140625 0.0068359375 0.009765625
2 0.6533203125 0.44921875 0.0078125 0.0107421875
2 0.73828125 0.45703125 0.0087890625 0.0126953125
2 0.8212890625 0.4697265625 0.013671875 0.0166015625
2 0.9580078125 0.484375 0.0185546875 0.01953125
2 0.498046875 0.5869140625 0.068359375 0.072265625
1 0.91796875 0.4677734375 0.0126953125 0.0126953125
1 0.8212890625 0.4560546875 0.0078125 0.0107421875
1 0.72265625 0.44921875 0.0068359375 0.0087890625
1 0.60546875 0.4423828125 0.0078125 0.0087890625
1 0.5322265625 0.435546875 0.0048828125 0.0068359375
1 0.5224609375 0.43359375 0.00390625 0.005859375
1 0.5166015625 0.4306640625 0.0029296875 0.00390625
1 0.4814453125 0.4287109375 0.00390625 0.0048828125
1 0.43359375 0.4248046875 0.0029296875 0.0048828125
1 0.38671875 0.421875 0.0029296875 0.00390625
1 0.3515625 0.4189453125 0.0029296875 0.0029296875
1 0.31640625 0.416015625 0.001953125 0.0029296875
1 0.255859375 0.412109375 0.001953125 0.0029296875
1 0.2236328125 0.41015625 0.0029296875 0.0029296875
1 0.203125 0.4091796875 0.001953125 0.0029296875
1 0.1669921875 0.4072265625 0.001953125 0.0029296875
1 0.0712890625 0.40234375 0.001953125 0.00390625
1 0.0390625 0.4013671875 0.001953125 0.0029296875
1 0.021484375 0.400390625 0.0029296875 0.00390625
1 0.0263671875 0.4013671875 0.0029296875 0.00390625
1 0.0537109375 0.4033203125 0.0029296875 0.00390625
1 0.0478515625 0.4033203125 0.0029296875 0.00390625
1 0.005859375 0.40234375 0.0029296875 0.00390625
1 0.0205078125 0.4072265625 0.0048828125 0.005859375
1 0.083984375 0.4111328125 0.0048828125 0.0078125
1 0.1171875 0.4130859375 0.005859375 0.0078125
1 0.1396484375 0.416015625 0.005859375 0.0078125
1 0.1123046875 0.41796875 0.0068359375 0.0087890625
1 0.0390625 0.41796875 0.009765625 0.0107421875
0 0.203125 0.4638671875 0.0341796875 0.0537109375
0 0.2177734375 0.46875 0.0361328125 0.056640625
2 0.2080078125 0.4755859375 0.0234375 0.033203125