1 0.3369140625 0.5185546875 0.0283203125 0.037109375
1 0.4033203125 0.4833984375 0.0185546875 0.0224609375
1 0.4365234375 0.4677734375 0.01171875 0.015625
1 0.4541015625 0.458984375 0.0087890625 0.01171875
1 0.46875 0.453125 0.0078125 0.009765625
1 0.484375 0.4501953125 0.005859375 0.0078125
1 0.53125 0.4482421875 0.0048828125 0.0068359375
1 0.5615234375 0.4462890625 0.0048828125 0.0068359375
1 0.5576171875 0.4462890625 0.00390625 0.0068359375
1 0.53125 0.4443359375 0.00390625 0.0048828125
1 0.498046875 0.4453125 0.00390625 0.005859375
1 0.4873046875 0.4443359375 0.00390625 0.0048828125
1 0.4892578125 0.4423828125 0.00390625 0.00390625
1 0.4921875 0.4423828125 0.0029296875 0.0048828125
1 0.5029296875 0.44140625 0.0029296875 0.00390625
1 0.525390625 0.44140625 0.001953125 0.00390625
1 0.55078125 0.4404296875 0.001953125 0.00390625
1 0.5732421875 0.4404296875 0.0029296875 0.00390625
1 0.5986328125 0.439453125 0.0029296875 0.00390625
1 0.6328125 0.439453125 0.0029296875 0.00390625
1 0.71875 0.4384765625 0.0029296875 0.00390625
1 0.7578125 0.4384765625 0.0029296875 0.00390625
1 0.798828125 0.4384765625 0.001953125 0.00390625
1 0.8310546875 0.439453125 0.0029296875 0.00390625
1 0.857421875 0.439453125 0.00390625 0.0048828125
1 0.0087890625 0.595703125 0.015625 0.0546875
2 0.7880859375 0.513671875 0.0263671875 0.0390625
2 0.673828125 0.48046875 0.0205078125 0.0244140625
2 0.6240234375 0.4658203125 0.0126953125 0.0166015625
2 0.595703125 0.45703125 0.0078125 0.01171875
2 0.5810546875 0.4521484375 0.0078125 0.009765625
2 0.5888671875 0.44921875 0.005859375 0.0087890625
2 0.6337890625 0.447265625 0.005859375 0.0078125
2 0.59765625 0.4443359375 0.0048828125 0.005859375
2 0.5517578125 0.4443359375 0.0029296875 0.0048828125
2 0.544921875 0.4423828125 0.0029296875 0.0048828125
2 0.541015625 0.44140625 0.0029296875 0.00390625
2 0.560546875 0.44140625 0.0029296875 0.00390625
2 0.5947265625 0.4404296875 0.0029296875 0.00390625
2 0.62890625 0.4404296875 0.00390625 0.00390625
2 0.6689453125 0.439453125 0.00390625 0.0048828125
2 0.712890625 0.439453125 0.0029296875 0.00390625
2 0.9921875 0.47265625 0.015625 0.021484375
2 0.8837890625 0.462890625 0.013671875 0.015625
2 0.8671875 0.45703125 0.0107421875 0.0126953125
2 0.9150390625 0.453125 0.009765625 0.0107421875
2 0.951171875 0.451171875 0.0087890625 0.0107421875
2 0.9755859375 0.4482421875 0.0078125 0.0087890625
2 0.9521484375 0.4453125 0.005859375 0.0078125
2 0.90625 0.443359375 0.0048828125 0.005859375
2 0.8642578125 0.4423828125 0.0048828125 0.005859375
2 0.826171875 0.44140625 0.00390625 0.005859375
2 0.7939453125 0.4404296875 0.0029296875 0.0048828125
2 0.7724609375 0.4404296875 0.0029296875 0.00390625
2 0.7431640625 0.439453125 0.00390625 0.0048828125
1 0.2255859375 0.470703125 0.01953125 0.0205078125
0 0.3115234375 0.509765625 0.044921875 0.0703125
0 0.33984375 0.5009765625 0.04296875 0.0625
0 0.7802734375 0.494140625 0.0400390625 0.0595703125
0 0.8154296875 0.5029296875 0.0517578125 0.0693359375