1 0.5771484375 0.453125 0.0078125 0.0087890625
1 0.6806640625 0.455078125 0.0087890625 0.0107421875
1 0.833984375 0.45703125 0.01171875 0.0126953125
1 0.2275390625 0.5888671875 0.060546875 0.0693359375
1 0.38671875 0.50390625 0.025390625 0.03125
1 0.2958984375 0.484375 0.017578125 0.0224609375
1 0.173828125 0.4755859375 0.015625 0.0185546875
1 0.0390625 0.4736328125 0.0146484375 0.015625
1 0.50390625 0.4521484375 0.005859375 0.0078125
1 0.439453125 0.451171875 0.005859375 0.0078125
1 0.3876953125 0.4501953125 0.005859375 0.0068359375
1 0.30078125 0.44921875 0.00390625 0.005859375
1 0.25 0.44921875 0.00390625 0.005859375
1 0.1572265625 0.451171875 0.00390625 0.0048828125
1 0.0751953125 0.453125 0.0048828125 0.005859375
1 0.00390625 0.4541015625 0.005859375 0.0078125
2 0.26953125 0.451171875 0.005859375 0.0078125
2 0.3115234375 0.4521484375 0.005859375 0.0078125
2 0.359375 0.453125 0.0068359375 0.0087890625
2 0.4248046875 0.455078125 0.0068359375 0.009765625
2 0.4951171875 0.45703125 0.0078125 0.0107421875
2 0.6005859375 0.458984375 0.009765625 0.0126953125
2 0.759765625 0.462890625 0.01171875 0.0146484375
2 0.21484375 0.451171875 0.005859375 0.0078125
2 0.1357421875 0.4521484375 0.005859375 0.0068359375
2 0.0498046875 0.4541015625 0.005859375 0.0078125
2 0.111328125 0.4638671875 0.0107421875 0.0126953125
2 0.24609375 0.4638671875 0.0107421875 0.013671875
2 0.3603515625 0.4658203125 0.01171875 0.0146484375
2 0.474609375 0.470703125 0.013671875 0.017578125
2 0.6162109375 0.478515625 0.0185546875 0.021484375
2 0.7880859375 0.498046875 0.0263671875 0.03125
2 0.9765625 0.5546875 0.046875 0.060546875
0 0.556640625 0.4423828125 0.005859375 0.013671875
1 0.3408203125 0.44921875 0.00390625 0.005859375