1 0.1748046875 0.552734375 0.0546875 0.0625
1 0.3388671875 0.4912109375 0.0234375 0.02734375
1 0.3935546875 0.4716796875 0.0146484375 0.0185546875
1 0.4208984375 0.462890625 0.0107421875 0.013671875
1 0.435546875 0.45703125 0.0078125 0.0107421875
1 0.4443359375 0.453125 0.005859375 0.0087890625
1 0.4501953125 0.451171875 0.0048828125 0.0078125
1 0.455078125 0.4482421875 0.00390625 0.005859375
1 0.484375 0.447265625 0.00390625 0.005859375
1 0.5322265625 0.447265625 0.00390625 0.005859375
1 0.5947265625 0.447265625 0.00390625 0.005859375
1 0.6484375 0.447265625 0.00390625 0.005859375
1 0.7099609375 0.4482421875 0.00390625 0.005859375
1 0.765625 0.44921875 0.00390625 0.0048828125
1 0.859375 0.453125 0.005859375 0.0078125
1 0.9208984375 0.4560546875 0.0078125 0.0087890625
2 0.7353515625 0.451171875 0.00390625 0.005859375
2 0.7685546875 0.453125 0.005859375 0.0068359375
2 0.814453125 0.4560546875 0.005859375 0.0078125
2 0.8779296875 0.4599609375 0.0078125 0.0107421875
2 0.974609375 0.4658203125 0.0107421875 0.013671875
2 0.9111328125 0.560546875 0.0537109375 0.0615234375
2 0.6923828125 0.494140625 0.0224609375 0.029296875
2 0.623046875 0.4736328125 0.0146484375 0.017578125
2 0.58984375 0.4638671875 0.0087890625 0.0126953125
2 0.5693359375 0.4580078125 0.0078125 0.0107421875
2 0.5546875 0.4541015625 0.005859375 0.0087890625
2 0.5458984375 0.4521484375 0.0048828125 0.0078125
2 0.5390625 0.44921875 0.00390625 0.0068359375
2 0.5625 0.4482421875 0.00390625 0.005859375
2 0.6162109375 0.4482421875 0.00390625 0.005859375
2 0.6796875 0.44921875 0.00390625 0.005859375