1 0.38671875 0.4716796875 0.0068359375 0.0146484375
1 0.4130859375 0.4560546875 0.0078125 0.009765625
1 0.421875 0.4521484375 0.005859375 0.0078125
1 0.4296875 0.44921875 0.005859375 0.0078125
1 0.44140625 0.4482421875 0.0048828125 0.005859375
1 0.478515625 0.4462890625 0.00390625 0.005859375
1 0.5029296875 0.4443359375 0.00390625 0.005859375
1 0.4794921875 0.443359375 0.0029296875 0.00390625
1 0.4521484375 0.4443359375 0.0029296875 0.0048828125
1 0.4423828125 0.443359375 0.0029296875 0.00390625
1 0.4443359375 0.4423828125 0.00390625 0.00390625
1 0.455078125 0.44140625 0.001953125 0.00390625
1 0.4755859375 0.44140625 0.001953125 0.0029296875
1 0.4970703125 0.439453125 0.001953125 0.0029296875
1 0.517578125 0.4404296875 0.0029296875 0.0029296875
1 0.5400390625 0.4404296875 0.001953125 0.00390625
1 0.5703125 0.439453125 0.001953125 0.00390625
1 0.64453125 0.4384765625 0.001953125 0.0029296875
1 0.67578125 0.4384765625 0.001953125 0.0029296875
1 0.7080078125 0.4384765625 0.001953125 0.00390625
1 0.732421875 0.439453125 0.001953125 0.0029296875
1 0.7509765625 0.439453125 0.001953125 0.0029296875
1 0.7841796875 0.4404296875 0.0029296875 0.0029296875
1 0.8134765625 0.4404296875 0.00390625 0.00390625
1 0.859375 0.4423828125 0.00390625 0.0048828125
1 0.8984375 0.443359375 0.00390625 0.005859375
1 0.90625 0.4443359375 0.0048828125 0.005859375
1 0.8896484375 0.4462890625 0.005859375 0.0078125
1 0.8583984375 0.4482421875 0.005859375 0.0087890625
1 0.828125 0.451171875 0.0078125 0.009765625
1 0.8671875 0.4541015625 0.0087890625 0.0107421875
1 0.984375 0.4580078125 0.0107421875 0.013671875
1 0.3486328125 0.4853515625 0.01953125 0.0234375
1 0.265625 0.5244140625 0.037109375 0.04296875
2 0.7353515625 0.515625 0.033203125 0.0400390625
2 0.623046875 0.48046875 0.01953125 0.0234375
2 0.58203125 0.466796875 0.0078125 0.013671875
2 0.5546875 0.4599609375 0.009765625 0.0126953125
2 0.5361328125 0.455078125 0.0078125 0.0107421875
2 0.5234375 0.451171875 0.005859375 0.0087890625
2 0.5146484375 0.4482421875 0.005859375 0.0068359375
2 0.5615234375 0.4453125 0.00390625 0.005859375
2 0.5654296875 0.4443359375 0.00390625 0.005859375
2 0.53515625 0.443359375 0.00390625 0.0048828125
2 0.4970703125 0.443359375 0.0029296875 0.00390625
2 0.4912109375 0.4423828125 0.001953125 0.00390625
2 0.4892578125 0.44140625 0.0029296875 0.00390625
2 0.5068359375 0.4404296875 0.0029296875 0.00390625
2 0.56640625 0.4404296875 0.0029296875 0.00390625
2 0.6015625 0.439453125 0.0029296875 0.00390625
2 0.63671875 0.439453125 0.0029296875 0.00390625
2 0.990234375 0.46875 0.0166015625 0.0185546875
2 0.818359375 0.4619140625 0.0126953125 0.0146484375
2 0.73828125 0.45703125 0.0107421875 0.0126953125
2 0.7021484375 0.453125 0.0078125 0.0107421875
2 0.7060546875 0.4501953125 0.0068359375 0.0087890625
2 0.74609375 0.4482421875 0.0068359375 0.0087890625
2 0.779296875 0.4462890625 0.0048828125 0.0068359375
2 0.806640625 0.4443359375 0.00390625 0.005859375
2 0.7998046875 0.4423828125 0.00390625 0.005859375
2 0.7734375 0.44140625 0.00390625 0.0048828125
2 0.74609375 0.4404296875 0.0029296875 0.00390625
2 0.7216796875 0.4404296875 0.0029296875 0.0048828125
2 0.7001953125 0.439453125 0.0029296875 0.00390625
2 0.6845703125 0.439453125 0.0029296875 0.00390625
2 0.662109375 0.439453125 0.0029296875 0.00390625
0 0.3779296875 0.4677734375 0.015625 0.029296875
0 0.3857421875 0.46484375 0.0146484375 0.029296875
0 0.5830078125 0.4619140625 0.0126953125 0.0263671875
0 0.58984375 0.4638671875 0.0146484375 0.029296875
1 0.1904296875 0.4677734375 0.0146484375 0.017578125
1 0.2744140625 0.4580078125 0.0107421875 0.013671875