1 0.8671875 0.5 0.044921875 0.048828125
1 0.98828125 0.451171875 0.0234375 0.0283203125
1 0.8583984375 0.4404296875 0.017578125 0.0205078125
2 0.9228515625 0.42578125 0.0146484375 0.0166015625
2 0.92578125 0.41015625 0.0078125 0.0087890625
2 0.890625 0.41796875 0.0087890625 0.01171875
1 0.3017578125 0.599609375 0.0576171875 0.0478515625
1 0.7490234375 0.43359375 0.0126953125 0.0146484375
1 0.8408203125 0.41015625 0.005859375 0.0068359375
1 0.724609375 0.4287109375 0.009765625 0.0126953125
1 0.7392578125 0.4228515625 0.0078125 0.0107421875
2 0.8779296875 0.4130859375 0.0068359375 0.009765625
1 0.751953125 0.41796875 0.0068359375 0.0087890625
1 0.7626953125 0.416015625 0.005859375 0.0078125
1 0.7890625 0.4130859375 0.005859375 0.0078125
1 0.8955078125 0.408203125 0.00390625 0.0068359375
1 0.9501953125 0.40625 0.0048828125 0.0068359375