2 0.3896484375 0.505859375 0.037109375 0.0419921875
2 0.3603515625 0.46875 0.021484375 0.025390625
2 0.3935546875 0.4521484375 0.013671875 0.017578125
2 0.375 0.443359375 0.0107421875 0.013671875
2 0.330078125 0.435546875 0.0087890625 0.01171875
2 0.2626953125 0.4306640625 0.0078125 0.0107421875
2 0.1865234375 0.423828125 0.0078125 0.009765625
2 0.1220703125 0.4208984375 0.0078125 0.0087890625
2 0.046875 0.416015625 0.0078125 0.0087890625
2 0.0029296875 0.4130859375 0.0048828125 0.0078125
2 0.0126953125 0.41015625 0.00390625 0.005859375
2 0.0595703125 0.41015625 0.00390625 0.005859375
2 0.064453125 0.41015625 0.00390625 0.005859375
2 0.029296875 0.4072265625 0.00390625 0.0048828125
2 0.00390625 0.4052734375 0.0029296875 0.00390625
2 0.0087890625 0.4052734375 0.0029296875 0.00390625
2 0.033203125 0.4052734375 0.0029296875 0.00390625
2 0.07421875 0.4072265625 0.0029296875 0.00390625
2 0.1103515625 0.4091796875 0.0029296875 0.00390625
2 0.1435546875 0.4111328125 0.0029296875 0.00390625
2 0.1884765625 0.4130859375 0.0029296875 0.00390625
2 0.2470703125 0.416015625 0.0029296875 0.0048828125
2 0.28125 0.4189453125 0.0029296875 0.0048828125
2 0.30078125 0.4208984375 0.00390625 0.005859375
2 0.32421875 0.4228515625 0.00390625 0.005859375
2 0.3466796875 0.4248046875 0.0048828125 0.0068359375
2 0.376953125 0.427734375 0.0048828125 0.0068359375
2 0.4345703125 0.431640625 0.005859375 0.0068359375
2 0.50390625 0.435546875 0.005859375 0.0078125
2 0.5791015625 0.4423828125 0.0068359375 0.0087890625
2 0.623046875 0.4482421875 0.0078125 0.0107421875
2 0.759765625 0.462890625 0.0107421875 0.0146484375
1 0.8193359375 0.4609375 0.0107421875 0.0126953125
1 0.7421875 0.4521484375 0.0078125 0.0107421875
1 0.6923828125 0.4462890625 0.005859375 0.0087890625
1 0.6142578125 0.439453125 0.0048828125 0.0078125
1 0.52734375 0.4345703125 0.00390625 0.0048828125
1 0.4501953125 0.4296875 0.00390625 0.005859375
1 0.404296875 0.42578125 0.0029296875 0.00390625
1 0.3837890625 0.423828125 0.00390625 0.0048828125
1 0.3544921875 0.4208984375 0.0029296875 0.00390625
1 0.322265625 0.4208984375 0.0029296875 0.00390625
1 0.283203125 0.41796875 0.00390625 0.00390625
1 0.2373046875 0.4150390625 0.0029296875 0.0029296875
1 0.1943359375 0.4130859375 0.0029296875 0.00390625
1 0.1650390625 0.4111328125 0.0029296875 0.0029296875
1 0.1171875 0.4091796875 0.0029296875 0.0029296875
1 0.056640625 0.40625 0.0029296875 0.0029296875
1 0.03125 0.419921875 0.0087890625 0.0107421875
1 0.0966796875 0.42578125 0.0107421875 0.0126953125
1 0.1552734375 0.43359375 0.0126953125 0.0146484375
1 0.125 0.44140625 0.0166015625 0.0185546875