1 0.2939453125 0.5595703125 0.0546875 0.0625
1 0.515625 0.5029296875 0.029296875 0.033203125
1 0.6630859375 0.4775390625 0.017578125 0.0224609375
1 0.7421875 0.466796875 0.013671875 0.017578125
1 0.666015625 0.4599609375 0.0107421875 0.013671875
1 0.62109375 0.4541015625 0.0087890625 0.01171875
1 0.654296875 0.451171875 0.0078125 0.009765625
1 0.71484375 0.4482421875 0.0078125 0.0087890625
1 0.7978515625 0.447265625 0.0068359375 0.0087890625
1 0.908203125 0.447265625 0.0078125 0.0087890625
2 0.9482421875 0.5263671875 0.044921875 0.0478515625
2 0.966796875 0.48828125 0.0263671875 0.0283203125
2 0.947265625 0.4697265625 0.017578125 0.0185546875
2 0.8291015625 0.4599609375 0.0126953125 0.0146484375
2 0.8125 0.453125 0.009765625 0.01171875
2 0.8876953125 0.451171875 0.0087890625 0.0107421875