1 0.357421875 0.5068359375 0.0205078125 0.0322265625
1 0.41015625 0.478515625 0.015625 0.0205078125
1 0.439453125 0.46484375 0.0107421875 0.0146484375
1 0.4560546875 0.4580078125 0.0087890625 0.01171875
1 0.46875 0.453125 0.0068359375 0.0087890625
1 0.484375 0.4501953125 0.005859375 0.0078125
1 0.529296875 0.447265625 0.005859375 0.0078125
1 0.55859375 0.4462890625 0.00390625 0.005859375
1 0.5556640625 0.4453125 0.00390625 0.005859375
1 0.498046875 0.4453125 0.00390625 0.005859375
1 0.486328125 0.4443359375 0.0029296875 0.0048828125
1 0.4892578125 0.4423828125 0.00390625 0.0048828125
1 0.4912109375 0.4423828125 0.0029296875 0.0048828125
1 0.501953125 0.44140625 0.0029296875 0.00390625
1 0.5244140625 0.4404296875 0.001953125 0.00390625
1 0.548828125 0.44140625 0.001953125 0.00390625
1 0.5712890625 0.4404296875 0.001953125 0.00390625
1 0.595703125 0.439453125 0.001953125 0.00390625
1 0.630859375 0.439453125 0.0029296875 0.00390625
1 0.71484375 0.4384765625 0.001953125 0.00390625
1 0.75390625 0.4384765625 0.001953125 0.0029296875
1 0.79296875 0.4384765625 0.001953125 0.00390625
1 0.8232421875 0.439453125 0.001953125 0.00390625
1 0.849609375 0.439453125 0.0029296875 0.00390625
1 0.8974609375 0.44140625 0.00390625 0.0048828125
1 0.9404296875 0.44140625 0.00390625 0.0048828125
1 0.15234375 0.5908203125 0.064453125 0.064453125
2 0.9853515625 0.583984375 0.029296875 0.0673828125
2 0.658203125 0.4765625 0.017578125 0.021484375
2 0.6162109375 0.4638671875 0.01171875 0.0146484375
2 0.5908203125 0.4560546875 0.0087890625 0.0107421875
2 0.5771484375 0.451171875 0.0068359375 0.0087890625
2 0.5849609375 0.44921875 0.005859375 0.0078125
2 0.6298828125 0.4462890625 0.005859375 0.0078125
2 0.5947265625 0.4443359375 0.0048828125 0.005859375
2 0.5498046875 0.4443359375 0.0029296875 0.0048828125
2 0.54296875 0.4423828125 0.0029296875 0.0048828125
2 0.5390625 0.44140625 0.0029296875 0.00390625
2 0.5595703125 0.44140625 0.0029296875 0.00390625
2 0.5927734375 0.4404296875 0.0029296875 0.00390625
2 0.6259765625 0.4404296875 0.0029296875 0.00390625
2 0.666015625 0.439453125 0.00390625 0.005859375
2 0.7080078125 0.439453125 0.0029296875 0.00390625
2 0.955078125 0.4697265625 0.0185546875 0.01953125
2 0.8603515625 0.4619140625 0.0126953125 0.0146484375
2 0.8486328125 0.4560546875 0.009765625 0.01171875
2 0.8955078125 0.453125 0.009765625 0.01171875
2 0.931640625 0.4501953125 0.0078125 0.0087890625
2 0.9580078125 0.447265625 0.0078125 0.0087890625
2 0.9365234375 0.4453125 0.005859375 0.0078125
2 0.89453125 0.443359375 0.0048828125 0.0068359375
2 0.8544921875 0.4423828125 0.00390625 0.005859375
2 0.818359375 0.44140625 0.00390625 0.0048828125
2 0.787109375 0.4404296875 0.0029296875 0.00390625
2 0.7666015625 0.4404296875 0.0029296875 0.00390625
2 0.73828125 0.439453125 0.0029296875 0.00390625
1 0.03515625 0.4921875 0.029296875 0.033203125
1 0.2412109375 0.46875 0.01171875 0.017578125
2 0.7509765625 0.5009765625 0.0244140625 0.0380859375
0 0.3369140625 0.5 0.037109375 0.05859375
0 0.3603515625 0.4921875 0.0341796875 0.052734375
0 0.7412109375 0.486328125 0.033203125 0.052734375
0 0.767578125 0.4931640625 0.0439453125 0.0595703125