2 0.556640625 0.47265625 0.01953125 0.0244140625
2 0.607421875 0.458984375 0.0146484375 0.0185546875
2 0.5263671875 0.513671875 0.037109375 0.044921875
1 0.0771484375 0.4775390625 0.0341796875 0.03515625
1 0.2939453125 0.4541015625 0.017578125 0.021484375
2 0.6474609375 0.44921875 0.009765625 0.0126953125
1 0.5078125 0.4404296875 0.009765625 0.0107421875
1 0.5498046875 0.4375 0.0078125 0.009765625
2 0.666015625 0.4443359375 0.0078125 0.0107421875
1 0.408203125 0.4462890625 0.0126953125 0.015625
1 0.587890625 0.4345703125 0.0068359375 0.0078125
2 0.6787109375 0.44140625 0.0068359375 0.0087890625
1 0.625 0.4345703125 0.0048828125 0.0068359375
2 0.6904296875 0.439453125 0.005859375 0.0078125
1 0.712890625 0.4365234375 0.0048828125 0.0068359375
2 0.732421875 0.439453125 0.0048828125 0.0078125
2 0.91015625 0.443359375 0.00390625 0.005859375
1 0.6630859375 0.4345703125 0.00390625 0.005859375
2 0.794921875 0.4404296875 0.0048828125 0.0068359375
1 0.7724609375 0.4375 0.00390625 0.0068359375
2 0.85546875 0.4375 0.0029296875 0.00390625
2 0.8828125 0.439453125 0.00390625 0.0048828125
1 0.759765625 0.4326171875 0.0029296875 0.0048828125
2 0.8935546875 0.443359375 0.00390625 0.005859375
2 0.744140625 0.431640625 0.0029296875 0.00390625
2 0.845703125 0.4423828125 0.0048828125 0.005859375
1 0.822265625 0.439453125 0.00390625 0.005859375
2 0.7421875 0.4306640625 0.001953125 0.0029296875
1 0.7060546875 0.4287109375 0.001953125 0.00390625
2 0.72265625 0.4296875 0.0029296875 0.00390625
1 0.7880859375 0.4345703125 0.0029296875 0.0048828125
1 0.6982421875 0.4296875 0.0029296875 0.00390625
2 0.7783203125 0.43359375 0.0029296875 0.00390625
1 0.7265625 0.431640625 0.001953125 0.00390625
1 0.6865234375 0.427734375 0.001953125 0.00390625
1 0.6806640625 0.4287109375 0.0029296875 0.0029296875
2 0.857421875 0.4345703125 0.001953125 0.0029296875
1 0.7353515625 0.4296875 0.001953125 0.00390625
1 0.833984375 0.43359375 0.001953125 0.0029296875
1 0.8154296875 0.4365234375 0.0029296875 0.00390625
2 0.8173828125 0.43359375 0.001953125 0.00390625
2 0.7763671875 0.431640625 0.0029296875 0.00390625
1 0.802734375 0.4326171875 0.0029296875 0.0029296875
1 0.76953125 0.4306640625 0.001953125 0.0029296875
2 0.8974609375 0.4404296875 0.00390625 0.0048828125
0 0.9736328125 0.44140625 0.0048828125 0.0087890625
0 0.9775390625 0.44140625 0.005859375 0.0087890625
2 0.9208984375 0.4375 0.001953125 0.00390625
2 0.9326171875 0.4384765625 0.001953125 0.00390625
2 0.9453125 0.4404296875 0.0029296875 0.00390625
2 0.9609375 0.44140625 0.001953125 0.0048828125