1 0.02734375 0.4619140625 0.025390625 0.0263671875
1 0.12890625 0.4482421875 0.017578125 0.0205078125
1 0.107421875 0.4423828125 0.0166015625 0.0185546875
1 0.0126953125 0.4365234375 0.015625 0.0166015625
1 0.04296875 0.4150390625 0.0048828125 0.0068359375
1 0.091796875 0.416015625 0.005859375 0.0068359375
1 0.259765625 0.419921875 0.0048828125 0.005859375
1 0.3359375 0.4228515625 0.00390625 0.0048828125
1 0.392578125 0.4248046875 0.00390625 0.0048828125
1 0.451171875 0.427734375 0.00390625 0.0048828125
1 0.5029296875 0.4296875 0.00390625 0.0048828125
1 0.55078125 0.4326171875 0.00390625 0.005859375
1 0.6416015625 0.4384765625 0.00390625 0.005859375
1 0.7236328125 0.4443359375 0.005859375 0.0078125
1 0.869140625 0.453125 0.0068359375 0.009765625
2 0.509765625 0.56640625 0.052734375 0.0703125
2 0.333984375 0.4873046875 0.0302734375 0.03515625
2 0.3701171875 0.4560546875 0.0166015625 0.0205078125
2 0.3173828125 0.443359375 0.0126953125 0.015625
2 0.201171875 0.4345703125 0.0107421875 0.013671875
2 0.0673828125 0.4287109375 0.0107421875 0.0126953125
2 0.0390625 0.4228515625 0.0078125 0.0107421875
2 0.0263671875 0.4189453125 0.0068359375 0.0087890625
2 0.0703125 0.41796875 0.0068359375 0.0078125
2 0.140625 0.4189453125 0.005859375 0.0068359375
2 0.203125 0.419921875 0.0048828125 0.005859375
2 0.2705078125 0.421875 0.0048828125 0.0068359375
2 0.3388671875 0.423828125 0.0048828125 0.005859375
2 0.9951171875 0.470703125 0.0087890625 0.0146484375
2 0.84765625 0.4560546875 0.009765625 0.0126953125
2 0.7353515625 0.44921875 0.0078125 0.0107421875
2 0.6376953125 0.4423828125 0.0068359375 0.0087890625
2 0.5556640625 0.4365234375 0.005859375 0.0078125
2 0.484375 0.431640625 0.005859375 0.0078125
2 0.4404296875 0.4296875 0.00390625 0.0068359375
2 0.388671875 0.4267578125 0.00390625 0.005859375