1 0.033203125 0.4140625 0.0078125 0.009765625
1 0.2236328125 0.41796875 0.0078125 0.0078125
1 0.3349609375 0.4208984375 0.005859375 0.0078125
1 0.4189453125 0.423828125 0.005859375 0.0078125
1 0.5087890625 0.4287109375 0.0048828125 0.0068359375
1 0.5966796875 0.43359375 0.005859375 0.0078125
1 0.6875 0.439453125 0.0078125 0.009765625
1 0.880859375 0.4521484375 0.009765625 0.01171875
2 0.712890625 0.580078125 0.0576171875 0.0732421875
2 0.1376953125 0.50390625 0.0458984375 0.0498046875
2 0.02734375 0.4189453125 0.009765625 0.01171875
2 0.1357421875 0.4189453125 0.009765625 0.01171875
2 0.2431640625 0.4208984375 0.0078125 0.009765625
2 0.3486328125 0.4248046875 0.0068359375 0.0087890625
2 0.994140625 0.46875 0.0107421875 0.0166015625
2 0.7734375 0.453125 0.0126953125 0.0146484375
2 0.6103515625 0.4404296875 0.009765625 0.01171875
2 0.51953125 0.4345703125 0.0078125 0.009765625
2 0.4287109375 0.4287109375 0.0078125 0.009765625