1 0.8818359375 0.4638671875 0.013671875 0.0146484375
1 0.76953125 0.4521484375 0.009765625 0.01171875
1 0.6982421875 0.4453125 0.0078125 0.009765625
1 0.62109375 0.439453125 0.0068359375 0.0087890625
1 0.50390625 0.43359375 0.005859375 0.0078125
1 0.412109375 0.4306640625 0.005859375 0.0078125
1 0.333984375 0.427734375 0.005859375 0.0078125
1 0.130859375 0.4228515625 0.0087890625 0.009765625
1 0.0107421875 0.4208984375 0.009765625 0.0107421875
2 0.64453125 0.4482421875 0.0087890625 0.0126953125
2 0.71875 0.458984375 0.0126953125 0.015625
2 0.84375 0.4765625 0.0185546875 0.021484375
2 0.56640625 0.4404296875 0.0078125 0.009765625
2 0.4658203125 0.435546875 0.0078125 0.009765625
2 0.3642578125 0.431640625 0.0078125 0.009765625
2 0.2392578125 0.4287109375 0.0087890625 0.0107421875
2 0.109375 0.42578125 0.009765625 0.01171875
2 0.0400390625 0.4521484375 0.0244140625 0.025390625
2 0.17578125 0.4814453125 0.033203125 0.0361328125
2 0.453125 0.5556640625 0.0537109375 0.06640625