1 0.431640625 0.42578125 0.001953125 0.0029296875
1 0.4404296875 0.427734375 0.001953125 0.0029296875
1 0.451171875 0.427734375 0.001953125 0.0029296875
1 0.4619140625 0.4296875 0.001953125 0.0029296875
1 0.474609375 0.4306640625 0.001953125 0.00390625
1 0.490234375 0.431640625 0.0029296875 0.00390625
1 0.5068359375 0.43359375 0.0029296875 0.00390625
1 0.52734375 0.435546875 0.0029296875 0.00390625
1 0.5498046875 0.4375 0.00390625 0.0048828125
1 0.578125 0.439453125 0.00390625 0.005859375
1 0.6142578125 0.443359375 0.00390625 0.005859375
1 0.6572265625 0.447265625 0.005859375 0.0078125
1 0.7138671875 0.453125 0.005859375 0.0078125
1 0.791015625 0.4609375 0.0078125 0.0087890625
1 0.8994140625 0.470703125 0.0107421875 0.01171875
1 0.078125 0.4599609375 0.0244140625 0.02734375
1 0.14453125 0.4443359375 0.0166015625 0.0185546875
1 0.177734375 0.4365234375 0.01171875 0.0146484375
1 0.1982421875 0.431640625 0.0087890625 0.0107421875
1 0.212890625 0.427734375 0.005859375 0.0087890625
1 0.22265625 0.42578125 0.0048828125 0.0078125
1 0.23046875 0.423828125 0.00390625 0.005859375
1 0.236328125 0.4228515625 0.0029296875 0.0048828125
1 0.3525390625 0.4208984375 0.001953125 0.0029296875
1 0.423828125 0.42578125 0.001953125 0.0029296875
2 0.37890625 0.4228515625 0.001953125 0.0029296875
2 0.3828125 0.4228515625 0.001953125 0.0029296875
2 0.388671875 0.423828125 0.001953125 0.0029296875
2 0.39453125 0.423828125 0.001953125 0.0029296875
2 0.400390625 0.4248046875 0.001953125 0.0029296875
2 0.408203125 0.42578125 0.001953125 0.00390625
2 0.416015625 0.4267578125 0.0029296875 0.00390625
2 0.42578125 0.427734375 0.001953125 0.00390625
2 0.4365234375 0.4287109375 0.0029296875 0.00390625
2 0.44921875 0.4306640625 0.0029296875 0.00390625
2 0.4638671875 0.4326171875 0.0029296875 0.0048828125
2 0.482421875 0.4345703125 0.00390625 0.005859375
2 0.50390625 0.4365234375 0.00390625 0.005859375
2 0.5302734375 0.4404296875 0.0048828125 0.0068359375
2 0.5654296875 0.443359375 0.005859375 0.0078125
2 0.6103515625 0.44921875 0.0068359375 0.0087890625
2 0.673828125 0.4560546875 0.0078125 0.0107421875
2 0.767578125 0.466796875 0.0107421875 0.013671875
2 0.91796875 0.484375 0.0146484375 0.0185546875
2 0.572265625 0.5126953125 0.033203125 0.0390625
2 0.4482421875 0.470703125 0.017578125 0.0234375
2 0.3994140625 0.4541015625 0.0126953125 0.0166015625
2 0.3720703125 0.4443359375 0.009765625 0.0126953125
2 0.3544921875 0.4384765625 0.0078125 0.0107421875
2 0.34375 0.43359375 0.005859375 0.0087890625
2 0.3349609375 0.431640625 0.0048828125 0.0078125
2 0.328125 0.4287109375 0.00390625 0.005859375
2 0.3232421875 0.4267578125 0.00390625 0.005859375
2 0.318359375 0.42578125 0.0029296875 0.0048828125
2 0.3154296875 0.4248046875 0.001953125 0.00390625
2 0.3115234375 0.423828125 0.00390625 0.00390625
2 0.3349609375 0.419921875 0.001953125 0.0029296875
2 0.361328125 0.4208984375 0.001953125 0.001953125