2 0.7666015625 0.52734375 0.0419921875 0.0458984375
2 0.4345703125 0.498046875 0.0244140625 0.0283203125
1 0.052734375 0.4677734375 0.0107421875 0.0126953125
2 0.2021484375 0.47265625 0.0126953125 0.015625
1 0.017578125 0.47265625 0.0126953125 0.0146484375
1 0.103515625 0.4638671875 0.0087890625 0.0107421875
1 0.009765625 0.5390625 0.0185546875 0.048828125
2 0.2080078125 0.48828125 0.0185546875 0.0224609375
1 0.2958984375 0.4560546875 0.0068359375 0.0078125
1 0.2412109375 0.45703125 0.0068359375 0.0087890625
1 0.177734375 0.4599609375 0.0087890625 0.0087890625
2 0.265625 0.4599609375 0.0078125 0.009765625
2 0.74609375 0.4541015625 0.0078125 0.0087890625
2 0.5 0.453125 0.0068359375 0.0078125
2 0.4189453125 0.4541015625 0.0068359375 0.0087890625
2 0.20703125 0.46484375 0.0087890625 0.0107421875
1 0.484375 0.451171875 0.005859375 0.0068359375
2 0.5869140625 0.4521484375 0.0068359375 0.0078125
2 0.34765625 0.45703125 0.0068359375 0.0087890625
1 0.9375 0.453125 0.0087890625 0.0107421875
2 0.8388671875 0.45703125 0.0087890625 0.01171875
2 0.66015625 0.4521484375 0.005859375 0.0087890625
1 0.166015625 0.5751953125 0.0537109375 0.064453125
1 0.576171875 0.4501953125 0.005859375 0.0068359375
1 0.6533203125 0.44921875 0.0048828125 0.0068359375
1 0.833984375 0.4501953125 0.005859375 0.0078125
1 0.7421875 0.4501953125 0.0048828125 0.005859375