2 0.8271484375 0.486328125 0.021484375 0.025390625
1 0.47265625 0.509765625 0.0283203125 0.03515625
2 0.9287109375 0.5224609375 0.04296875 0.0419921875
1 0.54296875 0.4833984375 0.017578125 0.0224609375
2 0.935546875 0.4560546875 0.0107421875 0.01171875
2 0.7841796875 0.4697265625 0.013671875 0.0166015625
2 0.904296875 0.453125 0.0078125 0.009765625
2 0.96875 0.4501953125 0.0078125 0.0087890625
1 0.5810546875 0.4697265625 0.0126953125 0.0166015625
2 0.7470703125 0.45703125 0.0078125 0.0107421875
2 0.91796875 0.451171875 0.0068359375 0.0087890625
1 0.642578125 0.4482421875 0.0048828125 0.005859375
2 0.7470703125 0.443359375 0.00390625 0.0048828125
1 0.6533203125 0.447265625 0.00390625 0.005859375
2 0.77734375 0.4443359375 0.00390625 0.0048828125
2 0.736328125 0.453125 0.005859375 0.0087890625
2 0.7314453125 0.447265625 0.00390625 0.005859375
1 0.6689453125 0.44140625 0.001953125 0.0029296875
1 0.6337890625 0.4501953125 0.0048828125 0.0068359375
1 0.6640625 0.4443359375 0.0029296875 0.00390625
2 0.771484375 0.4453125 0.00390625 0.005859375
2 0.990234375 0.443359375 0.00390625 0.005859375
2 0.7275390625 0.4501953125 0.0048828125 0.0068359375
1 0.69140625 0.4443359375 0.0029296875 0.00390625
2 0.7216796875 0.4482421875 0.00390625 0.005859375
1 0.7568359375 0.4404296875 0.001953125 0.0029296875
1 0.712890625 0.4443359375 0.0029296875 0.0048828125
1 0.689453125 0.4462890625 0.00390625 0.0048828125
1 0.626953125 0.4541015625 0.005859375 0.0087890625
2 0.751953125 0.4404296875 0.001953125 0.00390625
1 0.6552734375 0.443359375 0.0029296875 0.00390625
2 0.720703125 0.44140625 0.001953125 0.00390625
2 0.9375 0.44140625 0.00390625 0.0048828125
1 0.689453125 0.44140625 0.001953125 0.00390625
1 0.7333984375 0.44140625 0.001953125 0.0029296875
2 0.7099609375 0.443359375 0.0029296875 0.0048828125
2 0.865234375 0.4404296875 0.0029296875 0.00390625
2 0.9619140625 0.4423828125 0.00390625 0.0048828125
1 0.7119140625 0.44140625 0.001953125 0.0029296875
2 0.8232421875 0.4404296875 0.00390625 0.00390625
1 0.6591796875 0.4423828125 0.001953125 0.00390625
2 0.7841796875 0.4404296875 0.0029296875 0.00390625
2 0.7041015625 0.4423828125 0.001953125 0.00390625
1 0.578125 0.462890625 0.0078125 0.009765625
1 0.119140625 0.6064453125 0.0439453125 0.0341796875
2 0.89453125 0.4404296875 0.00390625 0.00390625
1 0.7900390625 0.4404296875 0.001953125 0.0029296875
1 0.9130859375 0.4404296875 0.0029296875 0.0029296875
2 0.919921875 0.4404296875 0.00390625 0.00390625
2 0.998046875 0.4619140625 0.001953125 0.0126953125
1 0.8740234375 0.439453125 0.0029296875 0.0029296875
0 0.7646484375 0.4580078125 0.0107421875 0.021484375
0 0.7685546875 0.458984375 0.013671875 0.0224609375