1 0.21875 0.458984375 0.0224609375 0.025390625
1 0.38671875 0.4482421875 0.013671875 0.0166015625
1 0.5224609375 0.4462890625 0.01171875 0.0146484375
1 0.6240234375 0.4462890625 0.009765625 0.0126953125
1 0.740234375 0.4462890625 0.0078125 0.0107421875
1 0.798828125 0.4462890625 0.0078125 0.0087890625
1 0.861328125 0.4462890625 0.0068359375 0.0078125
1 0.919921875 0.447265625 0.005859375 0.0078125
1 0.9755859375 0.44921875 0.005859375 0.0068359375
2 0.6142578125 0.5947265625 0.056640625 0.056640625
2 0.4931640625 0.494140625 0.0283203125 0.03515625
2 0.986328125 0.453125 0.0068359375 0.0087890625
2 0.953125 0.4541015625 0.0078125 0.009765625
2 0.9140625 0.455078125 0.0078125 0.0107421875
2 0.8603515625 0.4560546875 0.0087890625 0.01171875
2 0.677734375 0.4609375 0.0146484375 0.017578125
2 0.572265625 0.4697265625 0.0205078125 0.0244140625
2 0.771484375 0.4580078125 0.0126953125 0.015625