1 0.677734375 0.4599609375 0.009765625 0.01171875
1 0.6904296875 0.455078125 0.0078125 0.009765625
1 0.7021484375 0.451171875 0.005859375 0.0078125
1 0.7109375 0.44921875 0.0048828125 0.0068359375
1 0.7197265625 0.447265625 0.00390625 0.005859375
1 0.73046875 0.4462890625 0.00390625 0.0048828125
1 0.7685546875 0.4443359375 0.00390625 0.0048828125
1 0.794921875 0.443359375 0.0029296875 0.0048828125
1 0.771484375 0.4423828125 0.0029296875 0.00390625
1 0.7431640625 0.4423828125 0.0029296875 0.00390625
1 0.7333984375 0.44140625 0.0029296875 0.00390625
1 0.73828125 0.4404296875 0.001953125 0.0029296875
1 0.748046875 0.4404296875 0.001953125 0.0029296875
1 0.76953125 0.44140625 0.0029296875 0.00390625
1 0.7939453125 0.439453125 0.001953125 0.0029296875
1 0.8173828125 0.439453125 0.001953125 0.00390625
1 0.8427734375 0.439453125 0.001953125 0.00390625
1 0.87890625 0.4384765625 0.001953125 0.00390625
1 0.9736328125 0.4384765625 0.00390625 0.0029296875
1 0.65625 0.4658203125 0.01171875 0.0146484375
1 0.6181640625 0.4775390625 0.0166015625 0.01953125
1 0.5576171875 0.498046875 0.0234375 0.029296875
1 0.3291015625 0.5732421875 0.052734375 0.06640625
2 0.9697265625 0.51171875 0.0390625 0.0380859375
2 0.892578125 0.4814453125 0.0205078125 0.0234375
2 0.857421875 0.466796875 0.013671875 0.0166015625
2 0.841796875 0.4609375 0.0107421875 0.013671875
2 0.8251953125 0.455078125 0.0078125 0.0107421875
2 0.814453125 0.451171875 0.005859375 0.0087890625
2 0.8076171875 0.4482421875 0.0048828125 0.0078125
2 0.802734375 0.4462890625 0.00390625 0.0068359375
2 0.8125 0.4453125 0.00390625 0.005859375
2 0.857421875 0.4443359375 0.00390625 0.005859375
2 0.86328125 0.4423828125 0.00390625 0.005859375
2 0.83203125 0.4423828125 0.00390625 0.005859375
2 0.791015625 0.4423828125 0.0029296875 0.00390625
2 0.78515625 0.4404296875 0.0029296875 0.00390625
2 0.8037109375 0.439453125 0.001953125 0.00390625
2 0.837890625 0.439453125 0.0029296875 0.00390625
2 0.873046875 0.439453125 0.0029296875 0.00390625
2 0.916015625 0.4384765625 0.00390625 0.0048828125
2 0.962890625 0.439453125 0.0048828125 0.00390625
2 0.99609375 0.4521484375 0.0078125 0.009765625
2 0.9951171875 0.439453125 0.00390625 0.00390625
0 0.3369140625 0.4599609375 0.017578125 0.03125