2 0.6865234375 0.4501953125 0.00390625 0.0068359375
2 0.7783203125 0.455078125 0.0078125 0.0107421875
2 0.6357421875 0.51171875 0.0283203125 0.037109375
2 0.474609375 0.4755859375 0.0166015625 0.021484375
2 0.3310546875 0.45703125 0.0087890625 0.0126953125
2 0.3837890625 0.4521484375 0.0078125 0.01171875
2 0.3544921875 0.447265625 0.005859375 0.0078125
2 0.29296875 0.4453125 0.005859375 0.0078125
2 0.23046875 0.4443359375 0.005859375 0.0078125
2 0.2109375 0.443359375 0.0048828125 0.0068359375
2 0.248046875 0.4423828125 0.0048828125 0.0068359375
2 0.2998046875 0.44140625 0.00390625 0.005859375
2 0.36328125 0.4423828125 0.00390625 0.005859375
2 0.4345703125 0.4423828125 0.00390625 0.005859375
2 0.4921875 0.443359375 0.00390625 0.005859375
2 0.5556640625 0.4453125 0.0048828125 0.005859375
2 0.6123046875 0.447265625 0.0048828125 0.0068359375
1 0.759765625 0.4501953125 0.0048828125 0.0068359375
1 0.6240234375 0.4453125 0.0048828125 0.005859375
1 0.57421875 0.443359375 0.00390625 0.005859375
1 0.5126953125 0.4423828125 0.00390625 0.005859375
1 0.37109375 0.4404296875 0.00390625 0.0048828125
1 0.29296875 0.4404296875 0.00390625 0.0048828125
1 0.2109375 0.439453125 0.0029296875 0.0048828125
1 0.1318359375 0.44140625 0.0048828125 0.005859375
1 0.1015625 0.443359375 0.005859375 0.0068359375
1 0.13671875 0.4453125 0.005859375 0.0078125
1 0.205078125 0.447265625 0.005859375 0.0087890625
1 0.2548828125 0.44921875 0.0078125 0.009765625
1 0.20703125 0.4541015625 0.0087890625 0.0107421875
1 0.09765625 0.4609375 0.013671875 0.0146484375
1 0.05859375 0.4716796875 0.0185546875 0.0205078125
1 0.2275390625 0.4833984375 0.021484375 0.025390625
1 0.2509765625 0.53125 0.0390625 0.0478515625
0 0.6796875 0.447265625 0.0078125 0.015625
0 0.69140625 0.447265625 0.0087890625 0.0146484375
0 0.7548828125 0.447265625 0.005859375 0.0126953125
0 0.7666015625 0.447265625 0.0078125 0.013671875