1 0.3544921875 0.50390625 0.029296875 0.033203125
1 0.4248046875 0.4755859375 0.0166015625 0.0205078125
1 0.4677734375 0.46484375 0.01171875 0.0146484375
1 0.548828125 0.4580078125 0.0087890625 0.0107421875
1 0.5947265625 0.453125 0.0078125 0.009765625
1 0.5869140625 0.451171875 0.0068359375 0.009765625
1 0.5458984375 0.451171875 0.0068359375 0.0087890625
1 0.498046875 0.44921875 0.005859375 0.0078125
1 0.4814453125 0.4482421875 0.0048828125 0.0068359375
1 0.4853515625 0.4462890625 0.00390625 0.005859375
1 0.4912109375 0.4443359375 0.00390625 0.005859375
1 0.505859375 0.443359375 0.00390625 0.0048828125
1 0.53515625 0.4423828125 0.0029296875 0.0048828125
1 0.5654296875 0.4423828125 0.0029296875 0.0048828125
1 0.5947265625 0.44140625 0.00390625 0.00390625
1 0.6689453125 0.4404296875 0.00390625 0.0048828125
1 0.7138671875 0.439453125 0.00390625 0.0048828125
1 0.779296875 0.439453125 0.0029296875 0.0048828125
2 0.75 0.5 0.02734375 0.033203125
2 0.66015625 0.47265625 0.0166015625 0.0205078125
2 0.65625 0.462890625 0.01171875 0.015625
2 0.71875 0.455078125 0.009765625 0.01171875
2 0.7080078125 0.4501953125 0.0078125 0.009765625
2 0.642578125 0.4482421875 0.0068359375 0.0087890625
2 0.5732421875 0.447265625 0.0048828125 0.0078125
2 0.5615234375 0.4453125 0.00390625 0.005859375
2 0.5556640625 0.4443359375 0.00390625 0.0048828125
2 0.580078125 0.443359375 0.00390625 0.005859375
2 0.6240234375 0.44140625 0.00390625 0.0048828125
2 0.666015625 0.44140625 0.00390625 0.0048828125
2 0.71875 0.4404296875 0.00390625 0.0048828125
2 0.7763671875 0.4404296875 0.00390625 0.0048828125
2 0.97265625 0.4443359375 0.005859375 0.0078125
2 0.9072265625 0.4423828125 0.0048828125 0.0068359375
2 0.8671875 0.44140625 0.0048828125 0.005859375
2 0.8203125 0.4404296875 0.00390625 0.005859375
1 0.8330078125 0.4384765625 0.005859375 0.005859375
1 0.8916015625 0.4384765625 0.0048828125 0.005859375
1 0.9453125 0.439453125 0.005859375 0.005859375
1 0.9951171875 0.4404296875 0.005859375 0.0078125