2 0.984375 0.4658203125 0.03125 0.03515625
2 0.83984375 0.4423828125 0.0185546875 0.0224609375
2 0.8427734375 0.4306640625 0.013671875 0.0166015625
2 0.896484375 0.4208984375 0.01171875 0.013671875
2 0.939453125 0.4150390625 0.0087890625 0.0107421875
2 0.9716796875 0.41015625 0.0078125 0.009765625
2 0.9970703125 0.40625 0.005859375 0.0078125
1 0.6396484375 0.544921875 0.0498046875 0.064453125
1 0.583984375 0.46875 0.021484375 0.02734375
1 0.587890625 0.4482421875 0.013671875 0.0185546875
1 0.623046875 0.4375 0.01171875 0.0146484375
1 0.7041015625 0.427734375 0.009765625 0.01171875
1 0.7685546875 0.4208984375 0.0087890625 0.009765625
1 0.8212890625 0.416015625 0.0078125 0.009765625
1 0.859375 0.412109375 0.0068359375 0.0078125
1 0.8896484375 0.4091796875 0.005859375 0.0078125
1 0.916015625 0.40625 0.005859375 0.0068359375
1 0.9384765625 0.404296875 0.0048828125 0.005859375
1 0.958984375 0.40234375 0.00390625 0.005859375
1 0.9765625 0.400390625 0.00390625 0.0048828125
1 0.990234375 0.3994140625 0.00390625 0.00390625