1 0.365234375 0.53515625 0.0419921875 0.048828125
1 0.3251953125 0.509765625 0.03125 0.03515625
1 0.1875 0.49609375 0.0263671875 0.02734375
1 0.0537109375 0.4873046875 0.021484375 0.021484375
1 0.03125 0.4794921875 0.017578125 0.0185546875
1 0.0732421875 0.4697265625 0.013671875 0.015625
1 0.1025390625 0.462890625 0.0107421875 0.01171875
1 0.123046875 0.4599609375 0.0087890625 0.0107421875
1 0.1591796875 0.45703125 0.0078125 0.0087890625
1 0.2197265625 0.4541015625 0.0068359375 0.0078125
1 0.2744140625 0.4521484375 0.0068359375 0.0078125
1 0.322265625 0.451171875 0.005859375 0.0078125
1 0.4921875 0.4482421875 0.005859375 0.0068359375
1 0.5771484375 0.447265625 0.0048828125 0.005859375
1 0.6474609375 0.447265625 0.00390625 0.005859375
1 0.8076171875 0.44921875 0.005859375 0.0078125
1 0.8935546875 0.451171875 0.0078125 0.009765625
2 0.986328125 0.5576171875 0.02734375 0.056640625
2 0.6796875 0.4931640625 0.025390625 0.0283203125
2 0.4609375 0.4794921875 0.017578125 0.0205078125
2 0.283203125 0.4736328125 0.0126953125 0.017578125
2 0.2607421875 0.4638671875 0.0087890625 0.0126953125
2 0.25390625 0.4580078125 0.0078125 0.009765625
2 0.2998046875 0.455078125 0.0068359375 0.0087890625
2 0.3701171875 0.4521484375 0.005859375 0.0087890625
2 0.43359375 0.451171875 0.005859375 0.0078125
2 0.5068359375 0.4501953125 0.005859375 0.0078125
2 0.5859375 0.44921875 0.005859375 0.0068359375
2 0.9462890625 0.4580078125 0.009765625 0.0126953125
2 0.802734375 0.453125 0.0078125 0.009765625
2 0.7255859375 0.451171875 0.0068359375 0.0087890625
2 0.650390625 0.4501953125 0.005859375 0.0078125