2 0.6123046875 0.4052734375 0.001953125 0.00390625
2 0.630859375 0.4052734375 0.0029296875 0.00390625
2 0.6474609375 0.4052734375 0.0029296875 0.00390625
2 0.6533203125 0.4052734375 0.0029296875 0.00390625
2 0.6611328125 0.40625 0.0029296875 0.00390625
2 0.6572265625 0.4072265625 0.0029296875 0.0048828125
2 0.6328125 0.4091796875 0.00390625 0.005859375
2 0.6162109375 0.41015625 0.00390625 0.005859375
2 0.6357421875 0.4111328125 0.0048828125 0.0068359375
2 0.6943359375 0.412109375 0.005859375 0.0078125
2 0.74609375 0.4130859375 0.0078125 0.009765625
2 0.7197265625 0.4169921875 0.0078125 0.0107421875
2 0.6552734375 0.423828125 0.0087890625 0.01171875
2 0.61328125 0.4326171875 0.0126953125 0.0146484375
2 0.6826171875 0.443359375 0.0166015625 0.01953125
2 0.9140625 0.458984375 0.02734375 0.03125
2 0.0439453125 0.4580078125 0.0166015625 0.01953125
2 0.171875 0.443359375 0.0107421875 0.013671875
2 0.2705078125 0.4326171875 0.0087890625 0.0107421875
2 0.3310546875 0.4267578125 0.0068359375 0.0087890625
2 0.375 0.421875 0.005859375 0.0078125
2 0.40234375 0.4189453125 0.0048828125 0.0068359375
2 0.4267578125 0.416015625 0.00390625 0.005859375
2 0.4423828125 0.4150390625 0.00390625 0.0048828125
2 0.4560546875 0.4140625 0.00390625 0.0048828125
2 0.466796875 0.4130859375 0.0029296875 0.00390625
2 0.4775390625 0.412109375 0.001953125 0.00390625
2 0.4873046875 0.41015625 0.001953125 0.0029296875
2 0.5 0.4091796875 0.001953125 0.0029296875
2 0.5234375 0.408203125 0.001953125 0.0029296875
2 0.5556640625 0.4072265625 0.001953125 0.00390625
1 0.5810546875 0.4072265625 0.001953125 0.00390625
1 0.5986328125 0.4091796875 0.0029296875 0.0048828125
1 0.609375 0.4072265625 0.001953125 0.00390625
1 0.5576171875 0.412109375 0.00390625 0.005859375
1 0.53515625 0.4130859375 0.00390625 0.005859375
1 0.54296875 0.4140625 0.00390625 0.0068359375
1 0.5810546875 0.4150390625 0.005859375 0.0078125
1 0.615234375 0.4169921875 0.0068359375 0.0078125
1 0.5791015625 0.421875 0.0068359375 0.009765625
1 0.4921875 0.427734375 0.0087890625 0.01171875
1 0.4287109375 0.435546875 0.0107421875 0.013671875
1 0.4072265625 0.4482421875 0.015625 0.0185546875
1 0.5166015625 0.46484375 0.0234375 0.02734375
1 0.6015625 0.5146484375 0.04296875 0.0517578125
1 0.01171875 0.5126953125 0.0234375 0.0439453125
1 0.193359375 0.470703125 0.0234375 0.0244140625
1 0.255859375 0.451171875 0.015625 0.017578125
1 0.306640625 0.439453125 0.0126953125 0.0146484375
1 0.365234375 0.4306640625 0.0087890625 0.0107421875
1 0.41015625 0.4248046875 0.0068359375 0.0087890625
1 0.4443359375 0.419921875 0.005859375 0.0068359375
1 0.4638671875 0.4169921875 0.00390625 0.005859375
1 0.48046875 0.4150390625 0.00390625 0.0048828125
1 0.4921875 0.4130859375 0.0029296875 0.0048828125
1 0.5029296875 0.412109375 0.0029296875 0.00390625
1 0.51171875 0.4111328125 0.0029296875 0.00390625
1 0.5185546875 0.41015625 0.0029296875 0.00390625
1 0.5263671875 0.4091796875 0.001953125 0.0029296875
1 0.5478515625 0.408203125 0.001953125 0.0029296875