2 0.0556640625 0.4638671875 0.0166015625 0.0185546875
2 0.11328125 0.4560546875 0.0107421875 0.013671875
2 0.103515625 0.4501953125 0.0087890625 0.01171875
2 0.203125 0.4453125 0.0078125 0.0087890625
2 0.2841796875 0.4443359375 0.005859375 0.0078125
2 0.328125 0.4423828125 0.0048828125 0.0068359375
2 0.337890625 0.4365234375 0.0029296875 0.0048828125
2 0.392578125 0.435546875 0.001953125 0.00390625
2 0.3876953125 0.4345703125 0.001953125 0.0029296875
2 0.408203125 0.43359375 0.001953125 0.0029296875
2 0.439453125 0.43359375 0.001953125 0.0029296875
2 0.47265625 0.4345703125 0.001953125 0.0029296875
2 0.5078125 0.435546875 0.001953125 0.00390625
2 0.517578125 0.4365234375 0.0029296875 0.00390625
2 0.521484375 0.439453125 0.0029296875 0.00390625
2 0.525390625 0.4404296875 0.0029296875 0.00390625
2 0.5283203125 0.4423828125 0.00390625 0.0048828125
2 0.533203125 0.443359375 0.00390625 0.005859375
2 0.53515625 0.4443359375 0.00390625 0.005859375
2 0.5380859375 0.447265625 0.0048828125 0.0068359375
2 0.5078125 0.4482421875 0.0078125 0.0087890625
2 0.48046875 0.451171875 0.0068359375 0.009765625
2 0.4990234375 0.4541015625 0.0078125 0.0107421875
2 0.5537109375 0.458984375 0.0087890625 0.0126953125
2 0.591796875 0.466796875 0.0126953125 0.0166015625
2 0.638671875 0.4853515625 0.01953125 0.0244140625
2 0.7841796875 0.541015625 0.04296875 0.05078125
1 0.1279296875 0.478515625 0.021484375 0.0234375
1 0.2734375 0.466796875 0.0126953125 0.0166015625
1 0.2958984375 0.4580078125 0.009765625 0.0126953125
1 0.2470703125 0.453125 0.0078125 0.0107421875
1 0.2529296875 0.44921875 0.005859375 0.0087890625
1 0.3095703125 0.447265625 0.005859375 0.0078125
1 0.384765625 0.4453125 0.0048828125 0.0068359375
1 0.4111328125 0.4423828125 0.00390625 0.005859375
1 0.376953125 0.4404296875 0.0029296875 0.0048828125
1 0.369140625 0.4384765625 0.0029296875 0.0048828125
1 0.39453125 0.4384765625 0.0029296875 0.00390625
1 0.431640625 0.4384765625 0.0029296875 0.00390625
1 0.4443359375 0.4375 0.001953125 0.0029296875
1 0.4404296875 0.4365234375 0.001953125 0.00390625
1 0.4287109375 0.435546875 0.001953125 0.0029296875
1 0.4248046875 0.435546875 0.001953125 0.0029296875
1 0.4345703125 0.4345703125 0.001953125 0.0029296875
1 0.45703125 0.4345703125 0.001953125 0.0029296875
1 0.474609375 0.435546875 0.001953125 0.0029296875
1 0.484375 0.435546875 0.001953125 0.0029296875
1 0.484375 0.4375 0.0029296875 0.00390625
1 0.4814453125 0.4384765625 0.0029296875 0.00390625
1 0.48046875 0.44140625 0.00390625 0.005859375
1 0.4765625 0.4443359375 0.0048828125 0.005859375
1 0.466796875 0.4462890625 0.005859375 0.0078125
1 0.416015625 0.4482421875 0.005859375 0.0078125
1 0.390625 0.451171875 0.0068359375 0.0107421875
1 0.4091796875 0.4580078125 0.0087890625 0.0126953125
1 0.423828125 0.4658203125 0.0126953125 0.015625
1 0.4072265625 0.4833984375 0.017578125 0.0234375
1 0.3232421875 0.5361328125 0.041015625 0.048828125