1 0.22265625 0.5390625 0.044921875 0.05078125
1 0.357421875 0.4892578125 0.0205078125 0.0234375
1 0.400390625 0.4716796875 0.0126953125 0.0166015625
1 0.423828125 0.462890625 0.009765625 0.0126953125
1 0.4384765625 0.4580078125 0.0078125 0.009765625
1 0.4482421875 0.4541015625 0.005859375 0.0078125
1 0.4560546875 0.4521484375 0.0048828125 0.0068359375
1 0.4609375 0.4501953125 0.00390625 0.005859375
1 0.4658203125 0.4482421875 0.00390625 0.0048828125
1 0.4697265625 0.447265625 0.0029296875 0.00390625
1 0.4716796875 0.4453125 0.0029296875 0.00390625
1 0.4755859375 0.4453125 0.0029296875 0.00390625
1 0.48046875 0.443359375 0.001953125 0.00390625
1 0.49609375 0.443359375 0.001953125 0.00390625
1 0.521484375 0.4423828125 0.001953125 0.0029296875
1 0.55078125 0.4423828125 0.001953125 0.0029296875
1 0.5771484375 0.4423828125 0.001953125 0.00390625
1 0.6337890625 0.443359375 0.001953125 0.00390625
1 0.658203125 0.4443359375 0.001953125 0.00390625
1 0.6787109375 0.4443359375 0.001953125 0.00390625
1 0.69140625 0.4453125 0.001953125 0.00390625
1 0.705078125 0.4453125 0.0029296875 0.00390625
1 0.7216796875 0.4462890625 0.0029296875 0.00390625
1 0.7412109375 0.447265625 0.00390625 0.0048828125
1 0.763671875 0.4482421875 0.00390625 0.0048828125
1 0.7919921875 0.44921875 0.00390625 0.0048828125
1 0.826171875 0.451171875 0.00390625 0.005859375
1 0.8701171875 0.453125 0.0048828125 0.005859375
1 0.9296875 0.4560546875 0.0068359375 0.0078125
2 0.833984375 0.53515625 0.0419921875 0.048828125
2 0.6826171875 0.490234375 0.0205078125 0.025390625
2 0.626953125 0.4716796875 0.0126953125 0.0166015625
2 0.5986328125 0.4638671875 0.009765625 0.0126953125
2 0.5810546875 0.4580078125 0.0078125 0.0107421875
2 0.5693359375 0.4541015625 0.0068359375 0.0087890625
2 0.5595703125 0.4521484375 0.005859375 0.0078125
2 0.5537109375 0.4501953125 0.00390625 0.005859375
2 0.548828125 0.4482421875 0.00390625 0.005859375
2 0.5439453125 0.447265625 0.00390625 0.0048828125
2 0.5419921875 0.447265625 0.00390625 0.0048828125
2 0.5380859375 0.4453125 0.0029296875 0.00390625
2 0.53125 0.443359375 0.0029296875 0.00390625
2 0.5439453125 0.443359375 0.001953125 0.00390625
2 0.5732421875 0.443359375 0.001953125 0.00390625
2 0.6064453125 0.4443359375 0.001953125 0.00390625
2 0.62890625 0.4443359375 0.001953125 0.00390625
2 0.63671875 0.4443359375 0.001953125 0.00390625
2 0.6474609375 0.4453125 0.0029296875 0.00390625
2 0.6591796875 0.4462890625 0.00390625 0.0048828125
2 0.673828125 0.447265625 0.00390625 0.005859375
2 0.6904296875 0.4482421875 0.00390625 0.005859375
2 0.7099609375 0.44921875 0.00390625 0.005859375
2 0.7353515625 0.451171875 0.0048828125 0.0068359375
2 0.7685546875 0.453125 0.005859375 0.0078125
2 0.810546875 0.455078125 0.0068359375 0.0087890625
2 0.8701171875 0.4599609375 0.0087890625 0.0107421875
2 0.958984375 0.46484375 0.01171875 0.0126953125