1 0.1455078125 0.546875 0.046875 0.0537109375
1 0.1396484375 0.5 0.025390625 0.029296875
1 0.1220703125 0.4765625 0.0185546875 0.0205078125
1 0.2412109375 0.4638671875 0.0126953125 0.0146484375
1 0.326171875 0.4560546875 0.009765625 0.0126953125
1 0.380859375 0.4521484375 0.0078125 0.009765625
1 0.3505859375 0.4482421875 0.0068359375 0.0087890625
1 0.3291015625 0.4462890625 0.005859375 0.0078125
1 0.3203125 0.4443359375 0.005859375 0.0078125
1 0.3408203125 0.4423828125 0.0048828125 0.005859375
1 0.3720703125 0.4404296875 0.00390625 0.005859375
1 0.3935546875 0.439453125 0.00390625 0.0048828125
1 0.3798828125 0.4384765625 0.0029296875 0.00390625
1 0.357421875 0.4384765625 0.0029296875 0.00390625
1 0.353515625 0.4375 0.0029296875 0.00390625
1 0.3623046875 0.4375 0.0029296875 0.00390625
1 0.3798828125 0.4365234375 0.001953125 0.00390625
1 0.39453125 0.435546875 0.001953125 0.0029296875
1 0.3681640625 0.435546875 0.001953125 0.0029296875
1 0.3759765625 0.4345703125 0.001953125 0.0029296875
1 0.421875 0.4345703125 0.001953125 0.0029296875
1 0.4541015625 0.43359375 0.001953125 0.0029296875
1 0.4794921875 0.43359375 0.001953125 0.0029296875
1 0.521484375 0.43359375 0.001953125 0.001953125
1 0.533203125 0.43359375 0.001953125 0.001953125
1 0.5390625 0.43359375 0.001953125 0.001953125
1 0.544921875 0.4345703125 0.001953125 0.00390625
1 0.55078125 0.4345703125 0.001953125 0.0029296875
1 0.5576171875 0.4345703125 0.001953125 0.0029296875
1 0.5712890625 0.435546875 0.001953125 0.00390625
1 0.583984375 0.4365234375 0.0029296875 0.00390625
1 0.5986328125 0.4365234375 0.0029296875 0.00390625
1 0.6181640625 0.4375 0.0029296875 0.00390625
1 0.640625 0.4384765625 0.00390625 0.0048828125
1 0.6708984375 0.4404296875 0.0048828125 0.005859375
1 0.705078125 0.4423828125 0.0048828125 0.0068359375
1 0.7490234375 0.4443359375 0.0068359375 0.0078125
1 0.810546875 0.4462890625 0.0068359375 0.0087890625
1 0.8955078125 0.4501953125 0.009765625 0.0107421875
2 0.5595703125 0.513671875 0.037109375 0.0400390625
2 0.423828125 0.4853515625 0.021484375 0.0263671875
2 0.361328125 0.4716796875 0.0166015625 0.0205078125
2 0.42578125 0.4609375 0.0107421875 0.0146484375
2 0.4560546875 0.4560546875 0.0087890625 0.0107421875
2 0.4775390625 0.4501953125 0.0078125 0.0107421875
2 0.4541015625 0.447265625 0.005859375 0.0087890625
2 0.4140625 0.4462890625 0.005859375 0.0078125
2 0.3896484375 0.443359375 0.0048828125 0.0068359375
2 0.4150390625 0.44140625 0.00390625 0.005859375
2 0.4423828125 0.439453125 0.00390625 0.005859375
2 0.4287109375 0.4384765625 0.0029296875 0.0048828125
2 0.4072265625 0.4384765625 0.0029296875 0.00390625
2 0.396484375 0.4375 0.0029296875 0.00390625
2 0.404296875 0.4365234375 0.0029296875 0.00390625
2 0.4189453125 0.4365234375 0.001953125 0.00390625
2 0.4296875 0.435546875 0.001953125 0.00390625
2 0.416015625 0.435546875 0.001953125 0.0029296875
2 0.4404296875 0.4345703125 0.001953125 0.0029296875
2 0.4697265625 0.43359375 0.001953125 0.0029296875
2 0.48828125 0.4345703125 0.001953125 0.00390625
2 0.501953125 0.4345703125 0.001953125 0.0029296875
2 0.5068359375 0.4345703125 0.001953125 0.0029296875
2 0.51171875 0.435546875 0.001953125 0.0029296875
2 0.517578125 0.435546875 0.001953125 0.00390625
2 0.5263671875 0.4365234375 0.001953125 0.00390625
2 0.5361328125 0.4365234375 0.0029296875 0.00390625
2 0.5458984375 0.4375 0.0029296875 0.00390625
2 0.55859375 0.4384765625 0.00390625 0.0048828125
2 0.576171875 0.439453125 0.00390625 0.005859375
2 0.6005859375 0.44140625 0.0048828125 0.0068359375
2 0.625 0.443359375 0.005859375 0.0078125
2 0.658203125 0.4453125 0.005859375 0.0087890625
2 0.703125 0.4482421875 0.0078125 0.009765625
2 0.7705078125 0.4521484375 0.0107421875 0.0126953125
2 0.876953125 0.458984375 0.0146484375 0.0166015625