2 0.8837890625 0.5439453125 0.046875 0.0537109375
2 0.701171875 0.4892578125 0.0224609375 0.0263671875
1 0.38671875 0.494140625 0.0234375 0.029296875
1 0.2763671875 0.548828125 0.046875 0.0546875
2 0.9140625 0.466796875 0.015625 0.0166015625
1 0.9619140625 0.4580078125 0.0107421875 0.0126953125
2 0.6103515625 0.4638671875 0.0107421875 0.013671875
2 0.5888671875 0.4580078125 0.0087890625 0.0107421875
2 0.8154296875 0.4599609375 0.01171875 0.0146484375
2 0.8154296875 0.4501953125 0.0068359375 0.0078125
2 0.583984375 0.4443359375 0.00390625 0.005859375
1 0.4677734375 0.4541015625 0.005859375 0.0087890625
2 0.76953125 0.4560546875 0.0087890625 0.01171875
2 0.564453125 0.4501953125 0.005859375 0.0078125
1 0.48828125 0.44921875 0.0048828125 0.0068359375
1 0.5263671875 0.447265625 0.00390625 0.005859375
1 0.943359375 0.451171875 0.0068359375 0.0087890625
1 0.9111328125 0.4541015625 0.0087890625 0.0107421875
1 0.4765625 0.451171875 0.0048828125 0.0078125
2 0.5732421875 0.453125 0.005859375 0.0087890625
2 0.572265625 0.4482421875 0.0048828125 0.0068359375
1 0.498046875 0.4453125 0.0029296875 0.0048828125
1 0.5009765625 0.4423828125 0.001953125 0.00390625
2 0.8505859375 0.4482421875 0.0068359375 0.0078125
2 0.87890625 0.447265625 0.0048828125 0.005859375
2 0.6123046875 0.4462890625 0.0048828125 0.0068359375
1 0.9755859375 0.4482421875 0.005859375 0.0078125
2 0.8388671875 0.443359375 0.00390625 0.005859375
1 0.458984375 0.458984375 0.0078125 0.0107421875
2 0.5537109375 0.4423828125 0.0029296875 0.00390625
2 0.80859375 0.4423828125 0.00390625 0.00390625
2 0.615234375 0.4453125 0.0048828125 0.0068359375
2 0.869140625 0.4443359375 0.00390625 0.005859375
2 0.7568359375 0.44140625 0.00390625 0.0048828125
1 0.8125 0.4404296875 0.0029296875 0.00390625
2 0.7158203125 0.4404296875 0.0029296875 0.0048828125
1 0.982421875 0.4453125 0.00390625 0.005859375
2 0.740234375 0.44140625 0.0029296875 0.0048828125
1 0.5498046875 0.4462890625 0.00390625 0.005859375
1 0.5869140625 0.4404296875 0.0029296875 0.00390625
2 0.689453125 0.4404296875 0.0029296875 0.00390625
1 0.9921875 0.4462890625 0.005859375 0.0068359375
1 0.8818359375 0.4423828125 0.0029296875 0.0048828125
1 0.5654296875 0.44140625 0.001953125 0.0029296875
1 0.935546875 0.443359375 0.00390625 0.0048828125
1 0.521484375 0.4423828125 0.001953125 0.0029296875
2 0.5439453125 0.4443359375 0.0029296875 0.0048828125
2 0.5390625 0.443359375 0.001953125 0.00390625
1 0.6962890625 0.4404296875 0.001953125 0.0029296875
2 0.53515625 0.4423828125 0.001953125 0.00390625
2 0.6513671875 0.4404296875 0.00390625 0.0048828125
1 0.4873046875 0.4453125 0.0029296875 0.0048828125
1 0.4912109375 0.443359375 0.0029296875 0.00390625
2 0.7822265625 0.44140625 0.00390625 0.0048828125
1 0.619140625 0.4404296875 0.0029296875 0.00390625
1 0.5439453125 0.4404296875 0.001953125 0.0029296875
1 0.73046875 0.4404296875 0.001953125 0.00390625
1 0.849609375 0.44140625 0.00390625 0.00390625
1 0.4892578125 0.443359375 0.001953125 0.00390625
0 0.6455078125 0.466796875 0.0126953125 0.0302734375
0 0.6552734375 0.4677734375 0.017578125 0.0302734375