2 0.7705078125 0.4833984375 0.0185546875 0.0224609375
2 0.677734375 0.5048828125 0.029296875 0.033203125
1 0.083984375 0.4990234375 0.044921875 0.046875
1 0.5322265625 0.462890625 0.0146484375 0.017578125
1 0.373046875 0.470703125 0.021484375 0.0244140625
1 0.62109375 0.458984375 0.0107421875 0.0126953125
2 0.81640625 0.4736328125 0.0126953125 0.0166015625
1 0.677734375 0.4560546875 0.0087890625 0.0107421875
2 0.8603515625 0.4638671875 0.0087890625 0.0107421875
2 0.8427734375 0.4677734375 0.0107421875 0.013671875
1 0.76953125 0.4521484375 0.0048828125 0.0068359375
1 0.8125 0.4501953125 0.0029296875 0.0048828125
1 0.787109375 0.451171875 0.00390625 0.005859375
1 0.822265625 0.44921875 0.0029296875 0.00390625
1 0.7177734375 0.455078125 0.005859375 0.0078125
1 0.74609375 0.453125 0.005859375 0.0078125
1 0.8310546875 0.44921875 0.001953125 0.00390625
1 0.80078125 0.4501953125 0.00390625 0.0048828125
2 0.8037109375 0.603515625 0.0478515625 0.0400390625
2 0.8720703125 0.4619140625 0.0068359375 0.0087890625
1 0.837890625 0.44921875 0.001953125 0.00390625
1 0.8447265625 0.4482421875 0.001953125 0.0029296875
2 0.8818359375 0.4599609375 0.005859375 0.0078125
1 0.8505859375 0.4482421875 0.001953125 0.0029296875
2 0.888671875 0.4580078125 0.0048828125 0.0068359375
2 0.900390625 0.455078125 0.00390625 0.0048828125
1 0.85546875 0.4482421875 0.001953125 0.001953125
2 0.89453125 0.45703125 0.00390625 0.005859375
2 0.9697265625 0.4521484375 0.001953125 0.00390625
1 0.9765625 0.4521484375 0.0029296875 0.00390625
1 0.8603515625 0.447265625 0.001953125 0.001953125
1 0.94921875 0.451171875 0.001953125 0.0029296875
2 0.9384765625 0.4501953125 0.001953125 0.0029296875
1 0.87109375 0.447265625 0.001953125 0.001953125
1 0.8759765625 0.447265625 0.001953125 0.001953125
2 0.904296875 0.455078125 0.0029296875 0.00390625
1 0.8642578125 0.447265625 0.001953125 0.001953125
2 0.908203125 0.4541015625 0.0029296875 0.00390625
2 0.921875 0.4501953125 0.001953125 0.0029296875
1 0.8916015625 0.447265625 0.001953125 0.001953125
2 0.9111328125 0.453125 0.0029296875 0.0029296875
1 0.8681640625 0.447265625 0.00390625 0.0029296875
2 0.9169921875 0.451171875 0.0029296875 0.00390625