1 0.3037109375 0.53125 0.0361328125 0.044921875
1 0.390625 0.4892578125 0.0205078125 0.0244140625
1 0.4296875 0.4716796875 0.0126953125 0.015625
1 0.451171875 0.462890625 0.0087890625 0.01171875
1 0.4677734375 0.45703125 0.0078125 0.009765625
1 0.484375 0.4541015625 0.005859375 0.0078125
1 0.5322265625 0.451171875 0.005859375 0.0078125
1 0.5625 0.44921875 0.00390625 0.0068359375
1 0.5595703125 0.4482421875 0.00390625 0.005859375
1 0.5322265625 0.447265625 0.00390625 0.0048828125
1 0.4990234375 0.4482421875 0.00390625 0.005859375
1 0.4873046875 0.447265625 0.00390625 0.005859375
1 0.490234375 0.4453125 0.00390625 0.0048828125
1 0.4931640625 0.4453125 0.0029296875 0.0048828125
1 0.50390625 0.4443359375 0.0029296875 0.00390625
1 0.52734375 0.4443359375 0.0029296875 0.00390625
1 0.552734375 0.443359375 0.001953125 0.00390625
1 0.576171875 0.443359375 0.0029296875 0.00390625
1 0.6005859375 0.443359375 0.0029296875 0.00390625
1 0.63671875 0.4423828125 0.0029296875 0.00390625
1 0.7236328125 0.44140625 0.0029296875 0.00390625
1 0.7626953125 0.44140625 0.0029296875 0.00390625
1 0.8037109375 0.44140625 0.0029296875 0.00390625
1 0.8369140625 0.44140625 0.0029296875 0.00390625
1 0.8642578125 0.4423828125 0.00390625 0.0048828125
2 0.8095703125 0.5244140625 0.0283203125 0.04296875
2 0.6787109375 0.486328125 0.0205078125 0.025390625
2 0.626953125 0.470703125 0.013671875 0.017578125
2 0.59765625 0.4609375 0.0087890625 0.01171875
2 0.5830078125 0.455078125 0.0068359375 0.009765625
2 0.58984375 0.453125 0.005859375 0.0078125
2 0.6376953125 0.44921875 0.005859375 0.0078125
2 0.6005859375 0.447265625 0.0048828125 0.005859375
2 0.5537109375 0.447265625 0.00390625 0.005859375
2 0.5458984375 0.4453125 0.0029296875 0.0048828125
2 0.54296875 0.4443359375 0.0029296875 0.00390625
2 0.5634765625 0.4443359375 0.0029296875 0.00390625
2 0.59765625 0.443359375 0.0029296875 0.00390625
2 0.6318359375 0.443359375 0.00390625 0.00390625
2 0.6728515625 0.4423828125 0.00390625 0.00390625
2 0.716796875 0.4423828125 0.0029296875 0.00390625
2 0.8984375 0.466796875 0.0146484375 0.0166015625
2 0.8798828125 0.4609375 0.01171875 0.013671875
2 0.9287109375 0.45703125 0.0107421875 0.01171875
2 0.9638671875 0.453125 0.0087890625 0.0107421875
2 0.9892578125 0.4501953125 0.0078125 0.0087890625
2 0.962890625 0.447265625 0.005859375 0.0087890625
2 0.916015625 0.4462890625 0.005859375 0.0068359375
2 0.8720703125 0.4453125 0.0048828125 0.005859375
2 0.8330078125 0.4443359375 0.00390625 0.005859375
2 0.7998046875 0.443359375 0.00390625 0.0048828125
2 0.77734375 0.4423828125 0.00390625 0.0048828125
2 0.748046875 0.4423828125 0.00390625 0.0048828125
0 0.2734375 0.5224609375 0.05078125 0.078125
0 0.314453125 0.5107421875 0.0419921875 0.0673828125
0 0.794921875 0.5068359375 0.0419921875 0.0703125
0 0.841796875 0.515625 0.0546875 0.0810546875