1 0.638671875 0.4296875 0.0029296875 0.00390625
1 0.6689453125 0.4326171875 0.0029296875 0.00390625
1 0.7080078125 0.4345703125 0.00390625 0.0048828125
1 0.759765625 0.4375 0.00390625 0.005859375
1 0.8173828125 0.4423828125 0.0048828125 0.005859375
1 0.8828125 0.447265625 0.005859375 0.0078125
1 0.9208984375 0.451171875 0.0078125 0.009765625
1 0.9560546875 0.4560546875 0.0087890625 0.009765625
1 0.0234375 0.546875 0.046875 0.0693359375
1 0.2021484375 0.458984375 0.0224609375 0.025390625
1 0.236328125 0.443359375 0.0146484375 0.017578125
1 0.259765625 0.4326171875 0.009765625 0.01171875
1 0.2919921875 0.4287109375 0.0078125 0.0107421875
1 0.3330078125 0.427734375 0.0068359375 0.0087890625
1 0.3876953125 0.427734375 0.005859375 0.0078125
1 0.4443359375 0.4287109375 0.0048828125 0.005859375
1 0.48046875 0.4267578125 0.00390625 0.0048828125
1 0.458984375 0.4248046875 0.0029296875 0.0048828125
1 0.42578125 0.4228515625 0.0029296875 0.0048828125
1 0.6162109375 0.4287109375 0.001953125 0.00390625
1 0.595703125 0.4267578125 0.001953125 0.00390625
1 0.5771484375 0.42578125 0.001953125 0.0029296875
1 0.54296875 0.423828125 0.001953125 0.00390625
1 0.474609375 0.419921875 0.001953125 0.0029296875
1 0.4384765625 0.4189453125 0.001953125 0.00390625
1 0.41015625 0.41796875 0.001953125 0.0029296875
1 0.37890625 0.4169921875 0.001953125 0.00390625
1 0.345703125 0.416015625 0.001953125 0.00390625
1 0.3154296875 0.4150390625 0.0029296875 0.00390625
1 0.294921875 0.4150390625 0.00390625 0.00390625
1 0.3173828125 0.4169921875 0.0029296875 0.00390625
1 0.3515625 0.4189453125 0.0029296875 0.00390625
1 0.392578125 0.4208984375 0.0029296875 0.00390625
2 0.5205078125 0.4228515625 0.001953125 0.00390625
2 0.53515625 0.423828125 0.001953125 0.00390625
2 0.55078125 0.42578125 0.001953125 0.00390625
2 0.5703125 0.4267578125 0.0029296875 0.00390625
2 0.5888671875 0.4287109375 0.00390625 0.0048828125
2 0.6142578125 0.4306640625 0.0029296875 0.0048828125
2 0.6474609375 0.43359375 0.00390625 0.005859375
2 0.6943359375 0.4365234375 0.00390625 0.005859375
2 0.7490234375 0.4404296875 0.005859375 0.0078125
2 0.791015625 0.4443359375 0.005859375 0.0087890625
2 0.8134765625 0.44921875 0.0078125 0.009765625
2 0.900390625 0.4580078125 0.009765625 0.0126953125
2 0.498046875 0.421875 0.001953125 0.0029296875
2 0.4638671875 0.4208984375 0.001953125 0.0029296875
2 0.4287109375 0.4189453125 0.001953125 0.00390625
2 0.3896484375 0.41796875 0.001953125 0.0029296875
2 0.3564453125 0.416015625 0.001953125 0.00390625
2 0.3369140625 0.4169921875 0.0029296875 0.00390625
2 0.3408203125 0.4169921875 0.0029296875 0.00390625
2 0.3671875 0.41796875 0.0029296875 0.0048828125
2 0.4052734375 0.419921875 0.0029296875 0.0048828125
2 0.447265625 0.4228515625 0.00390625 0.0048828125
2 0.48828125 0.4248046875 0.0029296875 0.00390625
2 0.51953125 0.4267578125 0.00390625 0.0048828125
2 0.560546875 0.4296875 0.0029296875 0.005859375
2 0.55859375 0.431640625 0.0048828125 0.0068359375
2 0.525390625 0.4326171875 0.005859375 0.0078125
2 0.486328125 0.4326171875 0.005859375 0.0078125
2 0.4326171875 0.4326171875 0.0068359375 0.009765625
2 0.4052734375 0.435546875 0.0087890625 0.0107421875
2 0.4189453125 0.44140625 0.009765625 0.0126953125
2 0.451171875 0.451171875 0.0126953125 0.0166015625
2 0.517578125 0.470703125 0.0205078125 0.0244140625
2 0.7216796875 0.53515625 0.04296875 0.05078125