1 0.0205078125 0.4697265625 0.0361328125 0.03515625
1 0.2109375 0.4462890625 0.01953125 0.021484375
1 0.2978515625 0.4375 0.013671875 0.0166015625
1 0.2294921875 0.4287109375 0.0126953125 0.013671875
1 0.1845703125 0.421875 0.0107421875 0.0126953125
1 0.2236328125 0.419921875 0.0087890625 0.009765625
1 0.2880859375 0.4189453125 0.0078125 0.0087890625
1 0.365234375 0.419921875 0.005859375 0.0078125
1 0.451171875 0.4228515625 0.005859375 0.0078125
1 0.654296875 0.4326171875 0.005859375 0.0078125
1 0.708984375 0.4365234375 0.0068359375 0.0087890625
1 0.77734375 0.443359375 0.0078125 0.009765625
1 0.86328125 0.451171875 0.009765625 0.01171875
1 0.95703125 0.4599609375 0.0126953125 0.013671875
2 0.3935546875 0.5576171875 0.0595703125 0.0712890625
2 0.41015625 0.482421875 0.029296875 0.03515625
2 0.4541015625 0.455078125 0.017578125 0.0234375
2 0.458984375 0.44140625 0.01171875 0.015625
2 0.3798828125 0.4326171875 0.009765625 0.0126953125
2 0.37109375 0.4267578125 0.0078125 0.0107421875
2 0.4326171875 0.42578125 0.0078125 0.0087890625
2 0.5244140625 0.4296875 0.0078125 0.009765625
2 0.5927734375 0.43359375 0.0078125 0.009765625
2 0.6630859375 0.4384765625 0.0078125 0.0107421875
2 0.732421875 0.4462890625 0.0107421875 0.013671875
2 0.830078125 0.4580078125 0.0146484375 0.015625
2 0.990234375 0.4755859375 0.0185546875 0.0205078125