1 0.14453125 0.529296875 0.0400390625 0.044921875
1 0.9912109375 0.447265625 0.0087890625 0.0107421875
1 0.8369140625 0.447265625 0.0068359375 0.0078125
1 0.7333984375 0.447265625 0.0068359375 0.0078125
1 0.6552734375 0.4482421875 0.005859375 0.0078125
1 0.57421875 0.44921875 0.005859375 0.0078125
1 0.4873046875 0.451171875 0.0068359375 0.0087890625
1 0.4052734375 0.453125 0.005859375 0.0078125
1 0.322265625 0.4560546875 0.0078125 0.0087890625
1 0.2626953125 0.4599609375 0.0078125 0.009765625
1 0.205078125 0.4638671875 0.009765625 0.0126953125
1 0.173828125 0.470703125 0.0107421875 0.0146484375
1 0.1865234375 0.478515625 0.0126953125 0.0166015625
1 0.197265625 0.494140625 0.021484375 0.025390625
2 0.99609375 0.4267578125 0.0068359375 0.0146484375
2 0.912109375 0.451171875 0.0087890625 0.0107421875
2 0.7900390625 0.4501953125 0.0068359375 0.009765625
2 0.68359375 0.451171875 0.0068359375 0.009765625
2 0.5712890625 0.4521484375 0.0068359375 0.0087890625
2 0.4716796875 0.4541015625 0.0078125 0.009765625
2 0.3935546875 0.4580078125 0.0087890625 0.0107421875
2 0.3564453125 0.4619140625 0.0087890625 0.0126953125
2 0.3701171875 0.4658203125 0.01171875 0.013671875
2 0.4345703125 0.47265625 0.015625 0.0185546875
2 0.529296875 0.490234375 0.0224609375 0.0283203125
2 0.73828125 0.53515625 0.04296875 0.05078125