1 0.40234375 0.474609375 0.0107421875 0.0146484375
1 0.3857421875 0.4853515625 0.015625 0.0185546875
1 0.8994140625 0.4697265625 0.009765625 0.0126953125
1 0.7802734375 0.46484375 0.0087890625 0.0107421875
1 0.673828125 0.4619140625 0.0068359375 0.009765625
1 0.5751953125 0.462890625 0.0068359375 0.0087890625
1 0.482421875 0.46484375 0.0078125 0.0107421875
1 0.4208984375 0.46875 0.0087890625 0.01171875
2 0.591796875 0.4814453125 0.0146484375 0.0185546875
2 0.5703125 0.47265625 0.0107421875 0.0146484375
2 0.591796875 0.4677734375 0.009765625 0.0126953125
2 0.6875 0.466796875 0.009765625 0.0126953125
2 0.8046875 0.4697265625 0.01171875 0.0146484375
2 0.931640625 0.4755859375 0.013671875 0.0166015625
0 0.333984375 0.51171875 0.0341796875 0.0615234375
0 0.345703125 0.5068359375 0.0302734375 0.05859375
0 0.7138671875 0.5009765625 0.0322265625 0.0537109375
0 0.7392578125 0.5078125 0.0390625 0.05859375
2 0.7255859375 0.513671875 0.021484375 0.0322265625
1 0.3427734375 0.517578125 0.0205078125 0.033203125