2 0.380859375 0.546875 0.056640625 0.06640625
2 0.2451171875 0.470703125 0.029296875 0.033203125
2 0.1513671875 0.4443359375 0.0205078125 0.0234375
2 0.048828125 0.4306640625 0.0166015625 0.0185546875
1 0.001953125 0.40625 0.00390625 0.0078125
1 0.0859375 0.4111328125 0.0078125 0.009765625
1 0.1767578125 0.4169921875 0.0087890625 0.0107421875
1 0.29296875 0.423828125 0.009765625 0.01171875
1 0.4287109375 0.431640625 0.009765625 0.0126953125
1 0.615234375 0.4423828125 0.01171875 0.0146484375
1 0.783203125 0.451171875 0.01171875 0.015625
2 0.080078125 0.41796875 0.0107421875 0.0126953125
2 0.197265625 0.42578125 0.01171875 0.0146484375
2 0.3466796875 0.435546875 0.0126953125 0.015625
2 0.5234375 0.447265625 0.0146484375 0.0185546875
2 0.7646484375 0.4619140625 0.0166015625 0.0205078125