2 0.45703125 0.4228515625 0.0029296875 0.00390625
2 0.4736328125 0.423828125 0.0029296875 0.0048828125
2 0.478515625 0.4248046875 0.0029296875 0.00390625
2 0.474609375 0.42578125 0.0029296875 0.0048828125
2 0.453125 0.42578125 0.00390625 0.005859375
2 0.4453125 0.4267578125 0.00390625 0.0068359375
2 0.45703125 0.4287109375 0.0048828125 0.0068359375
2 0.4951171875 0.431640625 0.005859375 0.0078125
2 0.5615234375 0.4365234375 0.0068359375 0.0087890625
2 0.6328125 0.439453125 0.0068359375 0.0087890625
2 0.7314453125 0.4453125 0.0087890625 0.0107421875
2 0.8505859375 0.4521484375 0.0087890625 0.01171875
2 0.9921875 0.4619140625 0.0126953125 0.013671875
2 0.3505859375 0.5361328125 0.0478515625 0.0576171875
2 0.33984375 0.46875 0.0224609375 0.02734375
2 0.3291015625 0.44921875 0.013671875 0.017578125
2 0.3310546875 0.4404296875 0.009765625 0.013671875
2 0.3203125 0.4345703125 0.0087890625 0.01171875
2 0.2802734375 0.4296875 0.0078125 0.009765625
2 0.2587890625 0.42578125 0.005859375 0.0087890625
2 0.2880859375 0.4228515625 0.0048828125 0.0068359375
2 0.306640625 0.4208984375 0.00390625 0.005859375
2 0.3037109375 0.419921875 0.00390625 0.0048828125
2 0.2734375 0.41796875 0.00390625 0.0048828125
2 0.2783203125 0.4169921875 0.0029296875 0.0048828125
2 0.3076171875 0.4169921875 0.0029296875 0.00390625
2 0.2998046875 0.416015625 0.001953125 0.00390625
2 0.2734375 0.4140625 0.00390625 0.0048828125
2 0.2451171875 0.4140625 0.0029296875 0.00390625
2 0.2822265625 0.4140625 0.001953125 0.0029296875
2 0.31640625 0.4150390625 0.001953125 0.0029296875
2 0.3544921875 0.416015625 0.001953125 0.0029296875
2 0.3828125 0.4169921875 0.001953125 0.0029296875
2 0.41015625 0.41796875 0.001953125 0.00390625
2 0.4248046875 0.419921875 0.0029296875 0.00390625
1 0.505859375 0.423828125 0.0029296875 0.00390625
1 0.5283203125 0.4248046875 0.0029296875 0.00390625
1 0.552734375 0.4267578125 0.0029296875 0.00390625
1 0.462890625 0.4208984375 0.001953125 0.0029296875
1 0.447265625 0.4189453125 0.001953125 0.0029296875
1 0.4013671875 0.4169921875 0.001953125 0.0029296875
1 0.3251953125 0.4150390625 0.001953125 0.0029296875
1 0.234375 0.4130859375 0.0029296875 0.00390625
1 0.1953125 0.4111328125 0.001953125 0.0029296875
1 0.1826171875 0.4111328125 0.0029296875 0.0029296875
1 0.2548828125 0.4150390625 0.0029296875 0.00390625
1 0.236328125 0.4150390625 0.001953125 0.00390625
1 0.2041015625 0.4150390625 0.00390625 0.0048828125
1 0.2021484375 0.416015625 0.00390625 0.0048828125
1 0.2431640625 0.41796875 0.00390625 0.005859375
1 0.24609375 0.419921875 0.00390625 0.005859375
1 0.205078125 0.419921875 0.0048828125 0.0068359375
1 0.1533203125 0.419921875 0.005859375 0.0078125
1 0.1259765625 0.4248046875 0.0078125 0.009765625
1 0.142578125 0.431640625 0.009765625 0.0126953125
1 0.021484375 0.4501953125 0.0224609375 0.0234375
1 0.91796875 0.4521484375 0.0087890625 0.0107421875
1 0.7783203125 0.4443359375 0.0068359375 0.0078125
1 0.66015625 0.4375 0.005859375 0.0078125
1 0.58984375 0.43359375 0.005859375 0.0078125
1 0.5400390625 0.4306640625 0.0048828125 0.005859375
1 0.5341796875 0.4287109375 0.00390625 0.0048828125
1 0.5439453125 0.427734375 0.00390625 0.0048828125
0 0.4423828125 0.4189453125 0.00390625 0.005859375
0 0.482421875 0.4208984375 0.0048828125 0.0068359375
1 0.1279296875 0.4384765625 0.013671875 0.0146484375