1 0.7001953125 0.4462890625 0.0029296875 0.00390625
1 0.7177734375 0.447265625 0.0029296875 0.00390625
1 0.736328125 0.4482421875 0.0029296875 0.00390625
1 0.759765625 0.44921875 0.00390625 0.0048828125
1 0.7890625 0.4501953125 0.00390625 0.005859375
1 0.8251953125 0.4521484375 0.005859375 0.005859375
1 0.8701171875 0.4541015625 0.0048828125 0.0068359375
1 0.9306640625 0.45703125 0.0078125 0.0087890625
1 0.212890625 0.5341796875 0.046875 0.0517578125
1 0.3515625 0.48828125 0.0224609375 0.025390625
1 0.4013671875 0.4716796875 0.0146484375 0.017578125
1 0.427734375 0.462890625 0.009765625 0.0126953125
1 0.443359375 0.4580078125 0.0078125 0.0107421875
1 0.4541015625 0.4541015625 0.005859375 0.0087890625
1 0.4609375 0.4521484375 0.0048828125 0.0068359375
1 0.466796875 0.4501953125 0.00390625 0.005859375
1 0.4716796875 0.4482421875 0.00390625 0.0048828125
1 0.498046875 0.443359375 0.001953125 0.0029296875
1 0.55859375 0.443359375 0.001953125 0.0029296875
1 0.5888671875 0.443359375 0.001953125 0.0029296875
1 0.646484375 0.4443359375 0.001953125 0.0029296875
1 0.673828125 0.4453125 0.001953125 0.00390625
1 0.685546875 0.4462890625 0.001953125 0.00390625
2 0.623046875 0.4443359375 0.001953125 0.00390625
2 0.630859375 0.4443359375 0.001953125 0.00390625
2 0.6396484375 0.4453125 0.001953125 0.00390625
2 0.6494140625 0.4462890625 0.001953125 0.00390625
2 0.6611328125 0.447265625 0.0029296875 0.00390625
2 0.6767578125 0.4482421875 0.0029296875 0.0048828125
2 0.6923828125 0.44921875 0.0029296875 0.0048828125
2 0.712890625 0.4501953125 0.00390625 0.005859375
2 0.7392578125 0.4521484375 0.00390625 0.005859375
2 0.771484375 0.4541015625 0.005859375 0.0078125
2 0.8154296875 0.45703125 0.005859375 0.0078125
2 0.876953125 0.4609375 0.0078125 0.009765625
2 0.96875 0.466796875 0.0107421875 0.013671875
2 0.8798828125 0.541015625 0.0439453125 0.05078125
2 0.7021484375 0.4912109375 0.0205078125 0.025390625
2 0.6376953125 0.4736328125 0.0126953125 0.017578125
2 0.603515625 0.46484375 0.009765625 0.0126953125
2 0.583984375 0.458984375 0.0078125 0.0107421875
2 0.5703125 0.4560546875 0.005859375 0.0087890625
2 0.560546875 0.453125 0.0048828125 0.0068359375
2 0.552734375 0.451171875 0.00390625 0.005859375
2 0.546875 0.44921875 0.00390625 0.005859375
2 0.5419921875 0.4482421875 0.0029296875 0.0048828125
2 0.5380859375 0.447265625 0.0029296875 0.00390625
2 0.53515625 0.4462890625 0.0029296875 0.00390625
2 0.53125 0.4443359375 0.001953125 0.00390625
2 0.529296875 0.4443359375 0.001953125 0.0029296875
2 0.5263671875 0.4423828125 0.001953125 0.0029296875
2 0.5673828125 0.443359375 0.001953125 0.0029296875
2 0.599609375 0.443359375 0.001953125 0.0029296875