2 0.1103515625 0.4580078125 0.0146484375 0.0166015625
2 0.1484375 0.4482421875 0.0087890625 0.0126953125
2 0.154296875 0.4462890625 0.0087890625 0.0107421875
2 0.2294921875 0.4443359375 0.0068359375 0.0087890625
2 0.302734375 0.443359375 0.005859375 0.0078125
2 0.3447265625 0.4423828125 0.00390625 0.005859375
2 0.341796875 0.4404296875 0.00390625 0.005859375
2 0.3212890625 0.439453125 0.00390625 0.0048828125
2 0.314453125 0.4375 0.00390625 0.0048828125
2 0.34765625 0.4375 0.0029296875 0.00390625
2 0.384765625 0.435546875 0.0029296875 0.00390625
2 0.4052734375 0.435546875 0.001953125 0.0029296875
2 0.3984375 0.4345703125 0.001953125 0.0029296875
2 0.3837890625 0.435546875 0.001953125 0.00390625
2 0.375 0.43359375 0.001953125 0.0029296875
2 0.419921875 0.43359375 0.001953125 0.0029296875
2 0.4326171875 0.4326171875 0.001953125 0.0029296875
2 0.4267578125 0.431640625 0.001953125 0.0029296875
2 0.4404296875 0.431640625 0.001953125 0.0029296875
2 0.4892578125 0.431640625 0.001953125 0.001953125
2 0.515625 0.431640625 0.001953125 0.001953125
2 0.5224609375 0.43359375 0.001953125 0.0029296875
2 0.52734375 0.435546875 0.001953125 0.00390625
2 0.529296875 0.4365234375 0.0029296875 0.00390625
2 0.51171875 0.4375 0.0029296875 0.00390625
2 0.498046875 0.4384765625 0.0029296875 0.00390625
2 0.5068359375 0.439453125 0.0029296875 0.0048828125
2 0.5302734375 0.4404296875 0.00390625 0.0048828125
2 0.541015625 0.44140625 0.00390625 0.005859375
2 0.5458984375 0.443359375 0.00390625 0.0068359375
2 0.552734375 0.4453125 0.005859375 0.0078125
2 0.560546875 0.44921875 0.0068359375 0.009765625
2 0.5712890625 0.4541015625 0.0078125 0.01171875
2 0.5908203125 0.4619140625 0.01171875 0.0166015625
2 0.6201171875 0.47265625 0.0166015625 0.021484375
2 0.66796875 0.494140625 0.025390625 0.0302734375
2 0.8203125 0.556640625 0.0546875 0.056640625
1 0.1962890625 0.4677734375 0.0166015625 0.0185546875
1 0.3056640625 0.4599609375 0.0107421875 0.0146484375
1 0.31640625 0.453125 0.0087890625 0.01171875
1 0.28515625 0.44921875 0.0068359375 0.009765625
1 0.27734375 0.4462890625 0.005859375 0.0087890625
1 0.33203125 0.4443359375 0.0048828125 0.0078125
1 0.396484375 0.443359375 0.0048828125 0.0068359375
1 0.423828125 0.4423828125 0.00390625 0.005859375
1 0.4189453125 0.4404296875 0.00390625 0.005859375
1 0.388671875 0.439453125 0.00390625 0.0048828125
1 0.3818359375 0.439453125 0.0029296875 0.0048828125
1 0.4052734375 0.4384765625 0.0029296875 0.00390625
1 0.4423828125 0.4375 0.001953125 0.00390625
1 0.453125 0.435546875 0.001953125 0.00390625
1 0.4296875 0.435546875 0.001953125 0.0029296875
1 0.421875 0.4345703125 0.001953125 0.0029296875
1 0.4375 0.43359375 0.001953125 0.0029296875
1 0.4609375 0.43359375 0.001953125 0.0029296875
1 0.4697265625 0.43359375 0.001953125 0.001953125
1 0.466796875 0.4326171875 0.001953125 0.0029296875
1 0.45703125 0.4326171875 0.001953125 0.0029296875
1 0.4541015625 0.431640625 0.001953125 0.0029296875
1 0.458984375 0.43359375 0.0029296875 0.00390625
1 0.4765625 0.431640625 0.0009765625 0.001953125
1 0.490234375 0.431640625 0.001953125 0.001953125
1 0.498046875 0.43359375 0.001953125 0.0029296875
1 0.494140625 0.4365234375 0.001953125 0.0029296875
1 0.4892578125 0.4375 0.0029296875 0.00390625
1 0.4619140625 0.4384765625 0.001953125 0.00390625
1 0.4521484375 0.439453125 0.0029296875 0.0048828125
1 0.455078125 0.439453125 0.0029296875 0.00390625
1 0.4677734375 0.4404296875 0.0029296875 0.0048828125
1 0.4775390625 0.4404296875 0.0029296875 0.00390625
1 0.478515625 0.443359375 0.00390625 0.0068359375
1 0.4755859375 0.4462890625 0.0048828125 0.0068359375
1 0.466796875 0.4501953125 0.005859375 0.0087890625
1 0.4580078125 0.453125 0.0087890625 0.0107421875
1 0.443359375 0.4609375 0.01171875 0.0146484375
1 0.423828125 0.4716796875 0.015625 0.01953125
1 0.3779296875 0.4921875 0.0244140625 0.029296875
1 0.24609375 0.560546875 0.056640625 0.05859375
2 0.154296875 0.4521484375 0.009765625 0.01171875