1 0.0498046875 0.453125 0.025390625 0.0263671875
1 0.15234375 0.44140625 0.0185546875 0.01953125
1 0.271484375 0.4375 0.013671875 0.0146484375
1 0.3642578125 0.4365234375 0.0107421875 0.013671875
1 0.4384765625 0.4375 0.0087890625 0.01171875
1 0.5087890625 0.4384765625 0.0087890625 0.01171875
1 0.6044921875 0.4404296875 0.0078125 0.0107421875
1 0.6953125 0.443359375 0.0087890625 0.0107421875
1 0.8349609375 0.4482421875 0.0087890625 0.0107421875
1 0.974609375 0.4560546875 0.009765625 0.0107421875
2 0.4775390625 0.5244140625 0.0400390625 0.052734375
2 0.3623046875 0.4599609375 0.0185546875 0.0234375
2 0.4306640625 0.4482421875 0.013671875 0.0185546875
2 0.54296875 0.447265625 0.01171875 0.0146484375
2 0.642578125 0.4482421875 0.0107421875 0.013671875
2 0.7587890625 0.451171875 0.0107421875 0.0126953125
2 0.91015625 0.4580078125 0.01171875 0.0126953125