1 0.1875 0.578125 0.05859375 0.0712890625
1 0.3427734375 0.5 0.025390625 0.03125
1 0.39453125 0.474609375 0.0146484375 0.0185546875
1 0.419921875 0.462890625 0.0107421875 0.013671875
1 0.4365234375 0.4560546875 0.0078125 0.0107421875
1 0.455078125 0.4521484375 0.005859375 0.0087890625
1 0.505859375 0.44921875 0.005859375 0.0078125
1 0.537109375 0.447265625 0.0048828125 0.0068359375
1 0.5341796875 0.447265625 0.00390625 0.005859375
1 0.470703125 0.4462890625 0.00390625 0.005859375
1 0.4580078125 0.4453125 0.00390625 0.005859375
1 0.4638671875 0.443359375 0.00390625 0.00390625
1 0.4755859375 0.4423828125 0.0029296875 0.0048828125
1 0.4990234375 0.44140625 0.0029296875 0.00390625
1 0.5244140625 0.44140625 0.001953125 0.00390625
1 0.548828125 0.4404296875 0.0029296875 0.00390625
1 0.57421875 0.4404296875 0.001953125 0.00390625
1 0.609375 0.439453125 0.0029296875 0.00390625
1 0.697265625 0.4384765625 0.0029296875 0.00390625
1 0.73828125 0.439453125 0.0029296875 0.00390625
1 0.8408203125 0.4384765625 0.00390625 0.005859375
1 0.943359375 0.4423828125 0.00390625 0.005859375
2 0.9384765625 0.5615234375 0.0546875 0.064453125
2 0.6943359375 0.494140625 0.0263671875 0.03125
2 0.6181640625 0.47265625 0.015625 0.0185546875
2 0.580078125 0.4609375 0.0107421875 0.013671875
2 0.5615234375 0.4541015625 0.0078125 0.0107421875
2 0.568359375 0.451171875 0.0068359375 0.0087890625
2 0.6162109375 0.4482421875 0.005859375 0.0087890625
2 0.576171875 0.4453125 0.0048828125 0.005859375
2 0.5263671875 0.4453125 0.00390625 0.005859375
2 0.51953125 0.443359375 0.00390625 0.0048828125
2 0.515625 0.4423828125 0.0029296875 0.00390625
2 0.5361328125 0.44140625 0.0029296875 0.0048828125
2 0.5712890625 0.44140625 0.0029296875 0.00390625
2 0.60546875 0.4404296875 0.0029296875 0.00390625
2 0.6474609375 0.4404296875 0.00390625 0.00390625
2 0.69140625 0.439453125 0.0029296875 0.00390625
2 0.9169921875 0.4677734375 0.0166015625 0.0185546875
2 0.884765625 0.4599609375 0.0126953125 0.0146484375
2 0.9296875 0.4560546875 0.0107421875 0.0126953125
2 0.9619140625 0.4521484375 0.0078125 0.0107421875
2 0.98046875 0.44921875 0.0078125 0.0087890625
2 0.94921875 0.4453125 0.005859375 0.0087890625
2 0.8994140625 0.4443359375 0.005859375 0.0068359375
2 0.853515625 0.443359375 0.0048828125 0.005859375
2 0.8115234375 0.44140625 0.00390625 0.005859375
2 0.77734375 0.4404296875 0.00390625 0.0048828125
2 0.75390625 0.4404296875 0.00390625 0.0048828125
2 0.7236328125 0.439453125 0.00390625 0.0048828125
1 0.1328125 0.4794921875 0.0205078125 0.0244140625
0 0.1328125 0.56640625 0.0810546875 0.1142578125
0 0.2119140625 0.5458984375 0.0703125 0.0947265625
0 0.9013671875 0.533203125 0.0654296875 0.0927734375
0 0.974609375 0.5546875 0.0498046875 0.119140625