1 0.5791015625 0.4580078125 0.0078125 0.0107421875
1 0.7138671875 0.4609375 0.0107421875 0.0146484375
1 0.9287109375 0.46484375 0.0146484375 0.0146484375
1 0.08984375 0.529296875 0.0380859375 0.04296875
1 0.490234375 0.45703125 0.0068359375 0.009765625
1 0.4140625 0.455078125 0.0078125 0.0087890625
1 0.35546875 0.4541015625 0.0068359375 0.0078125
1 0.259765625 0.453125 0.0048828125 0.005859375
1 0.2021484375 0.453125 0.0048828125 0.005859375
1 0.09375 0.455078125 0.0048828125 0.005859375
2 0.216796875 0.4560546875 0.0068359375 0.0087890625
2 0.2607421875 0.45703125 0.0068359375 0.0087890625
2 0.314453125 0.458984375 0.0078125 0.009765625
2 0.390625 0.4619140625 0.009765625 0.0126953125
2 0.4765625 0.46484375 0.0087890625 0.013671875
2 0.6162109375 0.46875 0.013671875 0.0166015625
2 0.8505859375 0.4765625 0.0205078125 0.021484375
2 0.1552734375 0.4560546875 0.005859375 0.0078125
2 0.0615234375 0.45703125 0.0068359375 0.0087890625
2 0.134765625 0.4765625 0.015625 0.017578125
2 0.2822265625 0.48046875 0.0166015625 0.021484375
2 0.4375 0.490234375 0.0234375 0.0263671875
2 0.6708984375 0.5126953125 0.0361328125 0.0380859375
0 0.46484375 0.4599609375 0.0146484375 0.025390625
0 0.48828125 0.4599609375 0.0146484375 0.0263671875
0 0.5703125 0.4541015625 0.0107421875 0.0205078125
0 0.58984375 0.453125 0.01171875 0.0224609375
1 0.701171875 0.453125 0.0078125 0.0107421875