1 0.041015625 0.5947265625 0.013671875 0.056640625
1 0.333984375 0.5146484375 0.03125 0.037109375
1 0.4013671875 0.48046875 0.0166015625 0.0205078125
1 0.4296875 0.4658203125 0.01171875 0.0146484375
1 0.44921875 0.458984375 0.0087890625 0.01171875
1 0.46875 0.455078125 0.0068359375 0.0087890625
1 0.521484375 0.451171875 0.005859375 0.0078125
1 0.5546875 0.44921875 0.0048828125 0.0068359375
1 0.55078125 0.4482421875 0.0048828125 0.0068359375
1 0.5205078125 0.447265625 0.00390625 0.005859375
1 0.484375 0.447265625 0.00390625 0.005859375
1 0.4716796875 0.447265625 0.00390625 0.005859375
1 0.4736328125 0.4453125 0.00390625 0.0048828125
1 0.4775390625 0.4443359375 0.0029296875 0.00390625
1 0.48828125 0.443359375 0.0029296875 0.00390625
1 0.5126953125 0.443359375 0.001953125 0.00390625
1 0.5390625 0.4423828125 0.0029296875 0.00390625
1 0.5634765625 0.44140625 0.0029296875 0.00390625
1 0.58984375 0.44140625 0.0029296875 0.00390625
1 0.6259765625 0.4404296875 0.0029296875 0.00390625
1 0.716796875 0.439453125 0.0029296875 0.00390625
1 0.7587890625 0.439453125 0.0029296875 0.00390625
1 0.8388671875 0.439453125 0.0029296875 0.0048828125
1 0.8701171875 0.4404296875 0.00390625 0.0048828125
1 0.9287109375 0.44140625 0.00390625 0.005859375
1 0.982421875 0.4423828125 0.005859375 0.0068359375
2 0.76171875 0.5087890625 0.0322265625 0.037109375
2 0.6533203125 0.478515625 0.0185546875 0.0224609375
2 0.6044921875 0.4638671875 0.0107421875 0.0146484375
2 0.58203125 0.45703125 0.0087890625 0.0107421875
2 0.587890625 0.453125 0.0068359375 0.0087890625
2 0.63671875 0.4482421875 0.0068359375 0.009765625
2 0.59375 0.4462890625 0.0048828125 0.005859375
2 0.5419921875 0.4462890625 0.00390625 0.005859375
2 0.5341796875 0.4443359375 0.00390625 0.0048828125
2 0.5302734375 0.443359375 0.0029296875 0.00390625
2 0.55078125 0.443359375 0.00390625 0.0048828125
2 0.5869140625 0.4423828125 0.00390625 0.0048828125
2 0.623046875 0.44140625 0.00390625 0.0048828125
2 0.666015625 0.4404296875 0.0029296875 0.00390625
2 0.7119140625 0.4404296875 0.00390625 0.0048828125
2 0.9921875 0.47265625 0.0146484375 0.021484375
2 0.9443359375 0.462890625 0.013671875 0.015625
2 0.9873046875 0.4580078125 0.01171875 0.0146484375
2 0.9951171875 0.4462890625 0.0068359375 0.0087890625
2 0.9384765625 0.4443359375 0.005859375 0.0078125
2 0.88671875 0.443359375 0.0048828125 0.005859375
2 0.841796875 0.4423828125 0.0048828125 0.005859375
2 0.8037109375 0.44140625 0.0048828125 0.005859375
2 0.7783203125 0.4404296875 0.00390625 0.0048828125
2 0.7451171875 0.4404296875 0.00390625 0.0048828125