2 0.9697265625 0.4482421875 0.025390625 0.025390625
2 0.787109375 0.4375 0.0166015625 0.0185546875
2 0.6689453125 0.43359375 0.0107421875 0.0146484375
2 0.5859375 0.4306640625 0.0087890625 0.0107421875
2 0.5673828125 0.427734375 0.0068359375 0.009765625
2 0.5791015625 0.423828125 0.005859375 0.0078125
2 0.591796875 0.4208984375 0.005859375 0.0068359375
2 0.6015625 0.41796875 0.00390625 0.005859375
2 0.6103515625 0.416015625 0.00390625 0.005859375
2 0.6162109375 0.4150390625 0.0029296875 0.0048828125
2 0.62109375 0.4140625 0.001953125 0.00390625
2 0.6259765625 0.4130859375 0.001953125 0.00390625
2 0.62890625 0.412109375 0.001953125 0.0029296875
2 0.6396484375 0.4111328125 0.001953125 0.00390625
2 0.658203125 0.4091796875 0.001953125 0.00390625
2 0.6923828125 0.408203125 0.0029296875 0.00390625
2 0.7275390625 0.40625 0.0029296875 0.0029296875
2 0.76171875 0.4052734375 0.001953125 0.0029296875
2 0.7685546875 0.4052734375 0.001953125 0.00390625
2 0.7646484375 0.40625 0.001953125 0.00390625
2 0.7490234375 0.408203125 0.0029296875 0.00390625
2 0.7177734375 0.41015625 0.00390625 0.0048828125
2 0.69140625 0.4111328125 0.00390625 0.005859375
2 0.6708984375 0.4140625 0.00390625 0.005859375
2 0.6796875 0.4150390625 0.0048828125 0.005859375
2 0.71484375 0.4150390625 0.005859375 0.0078125
2 0.7724609375 0.4150390625 0.005859375 0.0078125
2 0.841796875 0.4140625 0.0078125 0.0087890625
2 0.931640625 0.4140625 0.009765625 0.01171875
1 0.642578125 0.556640625 0.0546875 0.0703125
1 0.67578125 0.46875 0.0224609375 0.0283203125
1 0.6201171875 0.4482421875 0.015625 0.01953125
1 0.5048828125 0.44140625 0.01171875 0.0146484375
1 0.453125 0.4375 0.0087890625 0.01171875
1 0.443359375 0.4345703125 0.0068359375 0.009765625
1 0.470703125 0.4296875 0.005859375 0.0078125
1 0.49609375 0.42578125 0.005859375 0.0068359375
1 0.51953125 0.4228515625 0.0048828125 0.0068359375
1 0.5361328125 0.419921875 0.00390625 0.005859375
1 0.5478515625 0.4189453125 0.0029296875 0.0048828125
1 0.5595703125 0.4169921875 0.0029296875 0.00390625
1 0.5693359375 0.416015625 0.0029296875 0.00390625
1 0.578125 0.4140625 0.0029296875 0.00390625
1 0.5859375 0.4140625 0.001953125 0.00390625
1 0.591796875 0.412109375 0.001953125 0.0029296875
1 0.61328125 0.4111328125 0.001953125 0.0029296875
1 0.6435546875 0.41015625 0.001953125 0.0029296875
1 0.6845703125 0.4072265625 0.001953125 0.00390625
1 0.7314453125 0.40625 0.001953125 0.0029296875
1 0.7783203125 0.404296875 0.001953125 0.0029296875
1 0.8046875 0.404296875 0.001953125 0.0029296875
1 0.8203125 0.4033203125 0.001953125 0.0029296875
1 0.830078125 0.404296875 0.0029296875 0.0029296875
1 0.8095703125 0.4052734375 0.001953125 0.00390625
1 0.78125 0.4072265625 0.0029296875 0.00390625
1 0.7509765625 0.41015625 0.0029296875 0.0048828125
1 0.740234375 0.4111328125 0.00390625 0.0048828125
1 0.7431640625 0.412109375 0.00390625 0.0048828125
1 0.7763671875 0.412109375 0.00390625 0.005859375
1 0.8466796875 0.41015625 0.005859375 0.0078125
1 0.9443359375 0.4091796875 0.0078125 0.0087890625