2 0.791015625 0.5283203125 0.0439453125 0.0478515625
2 0.7216796875 0.484375 0.021484375 0.025390625
2 0.6611328125 0.4677734375 0.0146484375 0.017578125
2 0.59375 0.4599609375 0.0107421875 0.013671875
2 0.5 0.455078125 0.0078125 0.0107421875
2 0.412109375 0.453125 0.0078125 0.009765625
2 0.33203125 0.4521484375 0.0068359375 0.009765625
2 0.255859375 0.451171875 0.005859375 0.0087890625
2 0.22265625 0.44921875 0.005859375 0.0078125
2 0.21484375 0.447265625 0.00390625 0.0068359375
2 0.212890625 0.4443359375 0.00390625 0.005859375
2 0.2099609375 0.44140625 0.0029296875 0.00390625
2 0.2158203125 0.4404296875 0.001953125 0.00390625
2 0.232421875 0.439453125 0.0029296875 0.00390625
2 0.2646484375 0.4384765625 0.001953125 0.00390625
2 0.296875 0.4384765625 0.001953125 0.00390625
2 0.3330078125 0.439453125 0.0029296875 0.00390625
2 0.3212890625 0.439453125 0.0029296875 0.00390625
2 0.298828125 0.44140625 0.0029296875 0.00390625
2 0.2802734375 0.443359375 0.00390625 0.0048828125
2 0.2666015625 0.4423828125 0.0029296875 0.00390625
2 0.26953125 0.443359375 0.0029296875 0.0048828125
2 0.3154296875 0.4443359375 0.00390625 0.0048828125
2 0.3623046875 0.4443359375 0.00390625 0.005859375
2 0.4111328125 0.4443359375 0.00390625 0.005859375
2 0.4638671875 0.4453125 0.005859375 0.0068359375
2 0.5048828125 0.447265625 0.005859375 0.0068359375
2 0.5517578125 0.4482421875 0.0068359375 0.0087890625
2 0.6162109375 0.451171875 0.0078125 0.009765625
2 0.7001953125 0.455078125 0.0087890625 0.01171875
2 0.8349609375 0.4609375 0.0126953125 0.015625
1 0.2744140625 0.5458984375 0.0439453125 0.0537109375
1 0.431640625 0.4892578125 0.0224609375 0.025390625
1 0.451171875 0.4697265625 0.013671875 0.0166015625
1 0.3984375 0.4609375 0.0107421875 0.0126953125
1 0.333984375 0.45703125 0.0078125 0.0107421875
1 0.2265625 0.4560546875 0.0078125 0.009765625
1 0.154296875 0.4541015625 0.0068359375 0.0087890625
1 0.1181640625 0.4521484375 0.0068359375 0.0087890625
1 0.126953125 0.4482421875 0.0048828125 0.0068359375
1 0.1357421875 0.447265625 0.00390625 0.005859375
1 0.142578125 0.4453125 0.00390625 0.0048828125
1 0.146484375 0.4443359375 0.0029296875 0.00390625
1 0.1513671875 0.443359375 0.0029296875 0.00390625
1 0.1552734375 0.4423828125 0.0029296875 0.0029296875
1 0.158203125 0.4423828125 0.001953125 0.0029296875
1 0.1845703125 0.4404296875 0.001953125 0.0029296875
1 0.2548828125 0.4384765625 0.001953125 0.0029296875
1 0.337890625 0.4375 0.001953125 0.0029296875
1 0.359375 0.4384765625 0.001953125 0.0029296875
1 0.3720703125 0.4384765625 0.001953125 0.0029296875
1 0.3828125 0.4384765625 0.001953125 0.0029296875
1 0.3681640625 0.439453125 0.001953125 0.00390625
1 0.349609375 0.4404296875 0.001953125 0.00390625
1 0.3291015625 0.439453125 0.001953125 0.0029296875
1 0.32421875 0.44140625 0.0029296875 0.00390625
1 0.3291015625 0.4423828125 0.0029296875 0.00390625
1 0.357421875 0.4423828125 0.0029296875 0.00390625
1 0.408203125 0.443359375 0.00390625 0.005859375
1 0.466796875 0.443359375 0.00390625 0.005859375
1 0.5234375 0.443359375 0.0048828125 0.005859375
1 0.5654296875 0.4453125 0.005859375 0.0068359375
1 0.62109375 0.447265625 0.005859375 0.0078125
1 0.6884765625 0.44921875 0.0068359375 0.0087890625
1 0.7890625 0.4521484375 0.0087890625 0.0107421875
1 0.939453125 0.45703125 0.01171875 0.0126953125