1 0.0126953125 0.5888671875 0.021484375 0.0693359375
1 0.35546875 0.509765625 0.03125 0.03515625
1 0.4443359375 0.4814453125 0.017578125 0.0205078125
1 0.5595703125 0.46875 0.01171875 0.015625
1 0.6171875 0.462890625 0.009765625 0.013671875
1 0.6064453125 0.4599609375 0.0087890625 0.0126953125
1 0.5546875 0.4580078125 0.0078125 0.0107421875
1 0.49609375 0.45703125 0.0068359375 0.0087890625
1 0.4775390625 0.455078125 0.005859375 0.0078125
1 0.482421875 0.4521484375 0.0048828125 0.0068359375
1 0.4873046875 0.4501953125 0.00390625 0.005859375
1 0.4921875 0.44921875 0.00390625 0.005859375
1 0.5078125 0.4482421875 0.00390625 0.005859375
1 0.541015625 0.447265625 0.00390625 0.0048828125
1 0.5751953125 0.4462890625 0.00390625 0.0048828125
1 0.6064453125 0.4453125 0.00390625 0.005859375
1 0.73828125 0.443359375 0.00390625 0.0048828125
2 0.7529296875 0.5029296875 0.029296875 0.0341796875
2 0.7177734375 0.4794921875 0.0185546875 0.0224609375
2 0.78515625 0.4658203125 0.013671875 0.015625
2 0.7578125 0.4580078125 0.0107421875 0.0126953125
2 0.671875 0.455078125 0.0087890625 0.0107421875
2 0.5859375 0.4541015625 0.0068359375 0.0087890625
2 0.5712890625 0.451171875 0.0048828125 0.0078125
2 0.564453125 0.4482421875 0.00390625 0.005859375
2 0.591796875 0.447265625 0.0048828125 0.005859375
2 0.6396484375 0.4462890625 0.0048828125 0.005859375
2 0.6875 0.4453125 0.0048828125 0.005859375
2 0.74609375 0.4443359375 0.0048828125 0.005859375
2 0.8125 0.443359375 0.0048828125 0.0068359375
2 0.9775390625 0.4462890625 0.0068359375 0.0078125
2 0.923828125 0.4453125 0.005859375 0.0078125
2 0.865234375 0.4443359375 0.0048828125 0.005859375
1 0.8740234375 0.4423828125 0.00390625 0.00390625
1 0.9453125 0.4423828125 0.00390625 0.005859375