2 0.279296875 0.4638671875 0.021484375 0.0224609375
2 0.412109375 0.4462890625 0.0146484375 0.0166015625
2 0.4599609375 0.4345703125 0.0087890625 0.0126953125
2 0.4921875 0.4296875 0.0078125 0.0107421875
2 0.5888671875 0.4248046875 0.0068359375 0.009765625
2 0.6875 0.419921875 0.0078125 0.009765625
2 0.7509765625 0.416015625 0.005859375 0.0087890625
2 0.7548828125 0.4140625 0.0048828125 0.0068359375
2 0.734375 0.412109375 0.00390625 0.0068359375
2 0.7294921875 0.41015625 0.00390625 0.005859375
2 0.7744140625 0.4072265625 0.00390625 0.005859375
2 0.8291015625 0.404296875 0.00390625 0.005859375
2 0.861328125 0.40234375 0.00390625 0.005859375
2 0.8525390625 0.400390625 0.0029296875 0.0048828125
2 0.833984375 0.400390625 0.0029296875 0.00390625
2 0.857421875 0.3984375 0.0029296875 0.00390625
2 0.90234375 0.39453125 0.001953125 0.00390625
2 0.900390625 0.39453125 0.0029296875 0.00390625
2 0.923828125 0.3935546875 0.001953125 0.00390625
2 0.9599609375 0.3916015625 0.001953125 0.00390625
1 0.162109375 0.515625 0.037109375 0.04296875
1 0.50390625 0.4755859375 0.02734375 0.03125
1 0.6064453125 0.44921875 0.0166015625 0.0205078125
1 0.6083984375 0.4365234375 0.01171875 0.015625
1 0.625 0.427734375 0.009765625 0.01171875
1 0.71484375 0.421875 0.0087890625 0.0107421875
1 0.8212890625 0.4169921875 0.0078125 0.0107421875
1 0.873046875 0.4130859375 0.0078125 0.009765625
1 0.869140625 0.408203125 0.005859375 0.0078125
1 0.8251953125 0.4091796875 0.0048828125 0.0078125
1 0.818359375 0.408203125 0.0048828125 0.0068359375
1 0.8564453125 0.40625 0.00390625 0.005859375
1 0.9169921875 0.40234375 0.00390625 0.005859375
1 0.9384765625 0.3994140625 0.00390625 0.005859375
1 0.900390625 0.3994140625 0.0029296875 0.0048828125
1 0.890625 0.3984375 0.0029296875 0.0048828125
1 0.9140625 0.3974609375 0.0029296875 0.00390625
1 0.9541015625 0.396484375 0.0029296875 0.00390625
1 0.9482421875 0.3935546875 0.001953125 0.0029296875
1 0.943359375 0.392578125 0.001953125 0.00390625
1 0.9541015625 0.392578125 0.001953125 0.0029296875
1 0.998046875 0.400390625 0.00390625 0.0068359375
1 0.9501953125 0.4033203125 0.0048828125 0.005859375
1 0.9306640625 0.4052734375 0.0048828125 0.0068359375
1 0.9345703125 0.4072265625 0.0048828125 0.005859375
1 0.9560546875 0.4072265625 0.0068359375 0.0087890625
1 0.9736328125 0.4111328125 0.0087890625 0.0126953125
1 0.9599609375 0.4208984375 0.0126953125 0.0146484375
1 0.931640625 0.43359375 0.0185546875 0.01953125
1 0.892578125 0.4521484375 0.0244140625 0.02734375
1 0.7998046875 0.494140625 0.04296875 0.0458984375
1 0.5302734375 0.6015625 0.0556640625 0.0419921875