2 0.6669921875 0.40625 0.001953125 0.0029296875
2 0.6796875 0.4052734375 0.001953125 0.0029296875
2 0.68359375 0.40625 0.001953125 0.0029296875
2 0.6875 0.40625 0.001953125 0.0029296875
2 0.666015625 0.4091796875 0.0029296875 0.00390625
2 0.701171875 0.4091796875 0.0029296875 0.00390625
2 0.7275390625 0.4091796875 0.00390625 0.005859375
2 0.7080078125 0.4111328125 0.00390625 0.005859375
2 0.669921875 0.4140625 0.00390625 0.005859375
2 0.6484375 0.416015625 0.0048828125 0.0068359375
2 0.6728515625 0.41796875 0.005859375 0.0078125
2 0.73046875 0.4189453125 0.0068359375 0.0087890625
2 0.75390625 0.42578125 0.009765625 0.01171875
2 0.6767578125 0.4326171875 0.0107421875 0.013671875
2 0.6240234375 0.443359375 0.013671875 0.0166015625
2 0.7001953125 0.455078125 0.0205078125 0.0244140625
2 0.0234375 0.462890625 0.0185546875 0.01953125
2 0.1494140625 0.4501953125 0.0107421875 0.015625
2 0.2548828125 0.439453125 0.009765625 0.0126953125
2 0.361328125 0.431640625 0.0078125 0.0107421875
2 0.423828125 0.427734375 0.0068359375 0.0087890625
2 0.4326171875 0.4248046875 0.005859375 0.0078125
2 0.4248046875 0.4228515625 0.0048828125 0.0078125
2 0.443359375 0.419921875 0.00390625 0.0068359375
2 0.46875 0.4169921875 0.00390625 0.005859375
2 0.4873046875 0.416015625 0.00390625 0.005859375
2 0.50390625 0.4140625 0.0029296875 0.00390625
2 0.515625 0.4130859375 0.0029296875 0.00390625
2 0.5263671875 0.412109375 0.001953125 0.00390625
2 0.5341796875 0.4111328125 0.001953125 0.0029296875
2 0.541015625 0.41015625 0.001953125 0.0029296875
2 0.546875 0.4091796875 0.001953125 0.0029296875
2 0.5537109375 0.4091796875 0.001953125 0.0029296875
2 0.5595703125 0.4091796875 0.0029296875 0.00390625
2 0.5673828125 0.408203125 0.001953125 0.0029296875
2 0.583984375 0.4072265625 0.001953125 0.0029296875
2 0.6103515625 0.4072265625 0.001953125 0.001953125
1 0.642578125 0.4072265625 0.001953125 0.0029296875
1 0.6513671875 0.40625 0.001953125 0.0029296875
1 0.65625 0.40625 0.001953125 0.0029296875
1 0.6142578125 0.4091796875 0.001953125 0.0029296875
1 0.599609375 0.41015625 0.001953125 0.0029296875
1 0.6064453125 0.41015625 0.0029296875 0.00390625
1 0.6318359375 0.41015625 0.001953125 0.00390625
1 0.65234375 0.4111328125 0.0029296875 0.0048828125
1 0.6318359375 0.4130859375 0.00390625 0.005859375
1 0.587890625 0.4150390625 0.00390625 0.005859375
1 0.5634765625 0.4169921875 0.00390625 0.005859375
1 0.5673828125 0.419921875 0.0048828125 0.0068359375
1 0.6162109375 0.4208984375 0.005859375 0.0087890625
1 0.6416015625 0.423828125 0.0068359375 0.009765625
1 0.6015625 0.4296875 0.0087890625 0.0107421875
1 0.49609375 0.4365234375 0.0087890625 0.0126953125
1 0.4208984375 0.4462890625 0.0126953125 0.015625
1 0.341796875 0.466796875 0.0224609375 0.0234375
1 0.44140625 0.4990234375 0.03515625 0.0390625
1 0.45703125 0.58984375 0.0615234375 0.0654296875
1 0.15625 0.4619140625 0.0185546875 0.0205078125
1 0.275390625 0.447265625 0.013671875 0.015625
1 0.365234375 0.4375 0.0107421875 0.01171875
1 0.4677734375 0.4306640625 0.0087890625 0.0107421875
1 0.5048828125 0.4267578125 0.005859375 0.0078125
1 0.51171875 0.423828125 0.005859375 0.0078125
1 0.505859375 0.4228515625 0.0048828125 0.0068359375
1 0.5068359375 0.4169921875 0.0029296875 0.0048828125
1 0.5205078125 0.4169921875 0.00390625 0.005859375
1 0.5341796875 0.4150390625 0.0029296875 0.00390625
1 0.546875 0.4130859375 0.001953125 0.00390625
1 0.5556640625 0.412109375 0.001953125 0.00390625
1 0.5634765625 0.41015625 0.001953125 0.0029296875
1 0.568359375 0.41015625 0.001953125 0.0029296875
1 0.57421875 0.4091796875 0.001953125 0.0029296875
1 0.5791015625 0.4091796875 0.001953125 0.0029296875
1 0.587890625 0.4072265625 0.001953125 0.001953125
1 0.603515625 0.4072265625 0.001953125 0.0029296875