2 0.9658203125 0.5810546875 0.0673828125 0.07421875
2 0.6845703125 0.498046875 0.0283203125 0.03125
2 0.5537109375 0.4755859375 0.0166015625 0.021484375
2 0.4130859375 0.46484375 0.01171875 0.015625
2 0.294921875 0.4609375 0.0107421875 0.013671875
2 0.1865234375 0.4599609375 0.009765625 0.0126953125
2 0.0849609375 0.4580078125 0.0087890625 0.01171875
2 0.0478515625 0.455078125 0.0078125 0.009765625
2 0.05078125 0.451171875 0.0048828125 0.0078125
2 0.0595703125 0.4501953125 0.0048828125 0.0068359375
2 0.064453125 0.447265625 0.00390625 0.005859375
2 0.0703125 0.4462890625 0.00390625 0.0048828125
2 0.0751953125 0.4443359375 0.0029296875 0.0048828125
2 0.0791015625 0.4423828125 0.0029296875 0.00390625
2 0.08203125 0.44140625 0.001953125 0.00390625
2 0.0927734375 0.44140625 0.001953125 0.00390625
2 0.115234375 0.4404296875 0.001953125 0.00390625
2 0.154296875 0.4404296875 0.0029296875 0.00390625
2 0.193359375 0.439453125 0.001953125 0.0029296875
2 0.228515625 0.439453125 0.001953125 0.0029296875
2 0.2353515625 0.439453125 0.001953125 0.00390625
2 0.2333984375 0.4404296875 0.001953125 0.0029296875
2 0.21875 0.44140625 0.0029296875 0.00390625
2 0.189453125 0.4423828125 0.0029296875 0.00390625
2 0.1630859375 0.443359375 0.00390625 0.0048828125
2 0.1435546875 0.4453125 0.00390625 0.005859375
2 0.15625 0.4462890625 0.00390625 0.005859375
2 0.197265625 0.4462890625 0.0048828125 0.0068359375
2 0.25390625 0.447265625 0.0048828125 0.0068359375
2 0.3134765625 0.447265625 0.005859375 0.0078125
2 0.376953125 0.4482421875 0.005859375 0.0087890625
2 0.4267578125 0.4501953125 0.0068359375 0.0087890625
2 0.4853515625 0.4541015625 0.0078125 0.0107421875
2 0.5703125 0.458984375 0.0107421875 0.0126953125
2 0.6953125 0.4658203125 0.0146484375 0.017578125
2 0.923828125 0.4775390625 0.0224609375 0.0234375
1 0.306640625 0.5029296875 0.029296875 0.033203125
1 0.2470703125 0.4775390625 0.0185546875 0.0205078125
1 0.1669921875 0.46875 0.013671875 0.0166015625
1 0.01171875 0.4658203125 0.0146484375 0.015625
1 0.00390625 0.4443359375 0.00390625 0.0048828125
1 0.0126953125 0.443359375 0.0029296875 0.00390625
1 0.021484375 0.4423828125 0.0029296875 0.00390625
1 0.0283203125 0.4423828125 0.0029296875 0.0029296875
1 0.0546875 0.4404296875 0.001953125 0.0029296875
1 0.14453125 0.439453125 0.0029296875 0.0029296875
1 0.2421875 0.4384765625 0.001953125 0.0029296875
1 0.2666015625 0.4384765625 0.001953125 0.0029296875
1 0.28125 0.439453125 0.001953125 0.0029296875
1 0.291015625 0.439453125 0.0029296875 0.00390625
1 0.2734375 0.4404296875 0.0029296875 0.00390625
1 0.25 0.44140625 0.0029296875 0.00390625
1 0.2236328125 0.4423828125 0.0029296875 0.00390625
1 0.21484375 0.443359375 0.0029296875 0.0048828125
1 0.2197265625 0.4443359375 0.00390625 0.0048828125
1 0.3125 0.443359375 0.00390625 0.00390625
1 0.3828125 0.4453125 0.0048828125 0.0068359375
1 0.4501953125 0.4462890625 0.005859375 0.0078125
1 0.5009765625 0.4482421875 0.0068359375 0.0078125
1 0.5703125 0.44921875 0.005859375 0.0068359375
1 0.658203125 0.4541015625 0.0087890625 0.0107421875
1 0.80078125 0.4599609375 0.01171875 0.0146484375