1 0.2265625 0.5712890625 0.05859375 0.06640625
1 0.361328125 0.4990234375 0.0234375 0.029296875
1 0.41015625 0.474609375 0.0146484375 0.017578125
1 0.4326171875 0.462890625 0.009765625 0.013671875
1 0.44921875 0.45703125 0.0078125 0.0107421875
1 0.466796875 0.453125 0.005859375 0.0078125
1 0.5166015625 0.4501953125 0.005859375 0.0068359375
1 0.5478515625 0.4482421875 0.00390625 0.0068359375
1 0.5439453125 0.447265625 0.00390625 0.005859375
1 0.515625 0.4462890625 0.00390625 0.0048828125
1 0.48046875 0.447265625 0.00390625 0.005859375
1 0.46875 0.4462890625 0.00390625 0.005859375
1 0.4736328125 0.4443359375 0.0029296875 0.00390625
1 0.4853515625 0.443359375 0.001953125 0.00390625
1 0.5087890625 0.4423828125 0.001953125 0.00390625
1 0.5341796875 0.4423828125 0.001953125 0.00390625
1 0.5576171875 0.44140625 0.0029296875 0.00390625
1 0.583984375 0.4404296875 0.0029296875 0.00390625
1 0.619140625 0.4404296875 0.0029296875 0.00390625
1 0.70703125 0.439453125 0.0029296875 0.00390625
1 0.748046875 0.4384765625 0.0029296875 0.00390625
1 0.8515625 0.439453125 0.00390625 0.0048828125
1 0.9052734375 0.4404296875 0.00390625 0.0048828125
1 0.955078125 0.44140625 0.0048828125 0.005859375
2 0.939453125 0.5556640625 0.056640625 0.064453125
2 0.7060546875 0.4931640625 0.0244140625 0.0302734375
2 0.6298828125 0.47265625 0.0146484375 0.0185546875
2 0.5908203125 0.4609375 0.009765625 0.013671875
2 0.5712890625 0.455078125 0.0078125 0.0107421875
2 0.5791015625 0.4521484375 0.0068359375 0.0087890625
2 0.6552734375 0.591796875 0.005859375 0.0078125
2 0.6259765625 0.4482421875 0.0068359375 0.0087890625
2 0.5859375 0.4453125 0.0048828125 0.005859375
2 0.537109375 0.4453125 0.00390625 0.0048828125
2 0.529296875 0.4443359375 0.00390625 0.0048828125
2 0.525390625 0.443359375 0.0029296875 0.00390625
2 0.5458984375 0.4423828125 0.0029296875 0.00390625
2 0.5810546875 0.44140625 0.0029296875 0.00390625
2 0.6162109375 0.4404296875 0.0029296875 0.00390625
2 0.6572265625 0.4404296875 0.00390625 0.0048828125
2 0.7021484375 0.4404296875 0.0029296875 0.00390625
2 0.927734375 0.4677734375 0.015625 0.0185546875
2 0.8955078125 0.4599609375 0.0126953125 0.0146484375
2 0.94140625 0.4560546875 0.0107421875 0.0126953125
2 0.9736328125 0.4521484375 0.0087890625 0.0107421875
2 0.9931640625 0.4482421875 0.0078125 0.0087890625
2 0.9619140625 0.4453125 0.0068359375 0.0087890625
2 0.912109375 0.443359375 0.005859375 0.0068359375
2 0.8642578125 0.4423828125 0.005859375 0.0068359375
2 0.8232421875 0.4423828125 0.0048828125 0.005859375
2 0.7880859375 0.4404296875 0.00390625 0.005859375
2 0.7646484375 0.4404296875 0.00390625 0.005859375
2 0.7333984375 0.4404296875 0.00390625 0.0048828125