1 0.615234375 0.431640625 0.001953125 0.001953125
1 0.642578125 0.4326171875 0.001953125 0.0029296875
1 0.6904296875 0.43359375 0.001953125 0.001953125
1 0.677734375 0.4345703125 0.001953125 0.0029296875
1 0.716796875 0.435546875 0.001953125 0.0029296875
1 0.748046875 0.435546875 0.001953125 0.0029296875
1 0.7431640625 0.4375 0.0029296875 0.00390625
1 0.73828125 0.4384765625 0.0029296875 0.00390625
1 0.7724609375 0.4384765625 0.00390625 0.0048828125
1 0.8134765625 0.439453125 0.00390625 0.0048828125
1 0.8642578125 0.44140625 0.005859375 0.0068359375
1 0.880859375 0.4423828125 0.005859375 0.0078125
1 0.900390625 0.4453125 0.005859375 0.0078125
1 0.9130859375 0.4482421875 0.0068359375 0.0087890625
1 0.2138671875 0.578125 0.060546875 0.0693359375
1 0.3564453125 0.5107421875 0.0322265625 0.0390625
1 0.4287109375 0.48046875 0.0205078125 0.0244140625
1 0.4609375 0.462890625 0.013671875 0.0166015625
1 0.4814453125 0.455078125 0.009765625 0.0126953125
1 0.4921875 0.4501953125 0.0078125 0.0107421875
1 0.501953125 0.4462890625 0.005859375 0.0078125
1 0.5078125 0.443359375 0.00390625 0.0068359375
1 0.5126953125 0.4404296875 0.00390625 0.0048828125
1 0.5166015625 0.439453125 0.00390625 0.005859375
1 0.521484375 0.4365234375 0.0029296875 0.00390625
1 0.5263671875 0.4345703125 0.0029296875 0.00390625
1 0.533203125 0.4326171875 0.001953125 0.0029296875
1 0.546875 0.43359375 0.001953125 0.001953125
1 0.5634765625 0.4326171875 0.001953125 0.001953125
2 0.634765625 0.4326171875 0.001953125 0.001953125
2 0.654296875 0.43359375 0.001953125 0.0029296875
2 0.6611328125 0.43359375 0.001953125 0.0029296875
2 0.6474609375 0.43359375 0.001953125 0.0029296875
2 0.6455078125 0.43359375 0.001953125 0.0029296875
2 0.6640625 0.4345703125 0.001953125 0.0029296875
2 0.6826171875 0.435546875 0.001953125 0.0029296875
2 0.7021484375 0.435546875 0.001953125 0.00390625
2 0.697265625 0.4365234375 0.0029296875 0.00390625
2 0.6943359375 0.4365234375 0.0029296875 0.00390625
2 0.6904296875 0.4384765625 0.0029296875 0.00390625
2 0.7109375 0.439453125 0.0029296875 0.0048828125
2 0.75 0.439453125 0.00390625 0.005859375
2 0.796875 0.4423828125 0.00390625 0.0068359375
2 0.8017578125 0.4453125 0.0048828125 0.0078125
2 0.818359375 0.447265625 0.0068359375 0.009765625
2 0.8984375 0.4521484375 0.0087890625 0.0107421875
2 0.7958984375 0.5146484375 0.0361328125 0.0400390625
2 0.703125 0.4814453125 0.0205078125 0.025390625
2 0.65234375 0.4638671875 0.0126953125 0.017578125
2 0.62890625 0.455078125 0.0087890625 0.0126953125
2 0.615234375 0.4501953125 0.0068359375 0.009765625
2 0.60546875 0.4462890625 0.005859375 0.0087890625
2 0.5966796875 0.443359375 0.0048828125 0.0068359375
2 0.58984375 0.44140625 0.00390625 0.005859375
2 0.5859375 0.4404296875 0.0029296875 0.00390625
2 0.5830078125 0.4384765625 0.0029296875 0.00390625
2 0.580078125 0.4384765625 0.001953125 0.00390625
2 0.576171875 0.4365234375 0.00390625 0.00390625
2 0.5732421875 0.435546875 0.001953125 0.0029296875
2 0.5693359375 0.4345703125 0.001953125 0.0029296875
2 0.568359375 0.43359375 0.001953125 0.0029296875
2 0.583984375 0.4326171875 0.001953125 0.0029296875
2 0.607421875 0.4326171875 0.001953125 0.001953125