1 0.046875 0.5556640625 0.0517578125 0.05859375
1 0.0234375 0.5068359375 0.029296875 0.03125
1 0.8515625 0.458984375 0.0107421875 0.0126953125
1 0.7578125 0.455078125 0.0087890625 0.0107421875
1 0.6884765625 0.451171875 0.005859375 0.0078125
1 0.638671875 0.4501953125 0.0048828125 0.0068359375
1 0.578125 0.44921875 0.0048828125 0.0068359375
1 0.4794921875 0.4501953125 0.0048828125 0.005859375
1 0.4013671875 0.4501953125 0.0048828125 0.0068359375
1 0.3349609375 0.4521484375 0.005859375 0.0068359375
1 0.1669921875 0.4560546875 0.0068359375 0.0078125
2 0.5888671875 0.4541015625 0.0078125 0.009765625
2 0.6357421875 0.45703125 0.0087890625 0.01171875
2 0.7041015625 0.462890625 0.0107421875 0.013671875
2 0.8291015625 0.4716796875 0.0166015625 0.01953125
2 0.5302734375 0.4521484375 0.005859375 0.0078125
2 0.4482421875 0.4521484375 0.005859375 0.0078125
2 0.36328125 0.453125 0.0068359375 0.0087890625
2 0.2607421875 0.455078125 0.0068359375 0.0087890625
2 0.1591796875 0.458984375 0.0078125 0.009765625
2 0.0732421875 0.4609375 0.0087890625 0.0107421875
2 0.0390625 0.4658203125 0.0107421875 0.01171875
2 0.0732421875 0.4697265625 0.0126953125 0.013671875
2 0.1669921875 0.4716796875 0.0146484375 0.0166015625
2 0.283203125 0.478515625 0.017578125 0.0205078125
2 0.4443359375 0.4912109375 0.0224609375 0.0263671875
2 0.6484375 0.521484375 0.037109375 0.04296875
0 0.9951171875 0.4755859375 0.0087890625 0.048828125