2 0.9326171875 0.427734375 0.0126953125 0.0146484375
2 0.8076171875 0.42578125 0.009765625 0.01171875
2 0.7119140625 0.42578125 0.0078125 0.009765625
2 0.6357421875 0.42578125 0.0068359375 0.0087890625
2 0.6064453125 0.423828125 0.005859375 0.0078125
2 0.6025390625 0.421875 0.0048828125 0.0068359375
2 0.60546875 0.416015625 0.00390625 0.005859375
2 0.6123046875 0.4140625 0.0029296875 0.00390625
2 0.6279296875 0.4130859375 0.001953125 0.00390625
2 0.6572265625 0.412109375 0.0029296875 0.00390625
2 0.689453125 0.412109375 0.0029296875 0.00390625
2 0.7197265625 0.4091796875 0.001953125 0.0029296875
2 0.7265625 0.41015625 0.001953125 0.0029296875
2 0.7138671875 0.41015625 0.001953125 0.00390625
2 0.669921875 0.4140625 0.0029296875 0.00390625
2 0.6572265625 0.4150390625 0.00390625 0.005859375
2 0.6689453125 0.416015625 0.00390625 0.005859375
2 0.703125 0.416015625 0.00390625 0.005859375
2 0.75390625 0.4150390625 0.00390625 0.005859375
2 0.8115234375 0.4130859375 0.005859375 0.0078125
2 0.8828125 0.4140625 0.0068359375 0.0087890625
2 0.9423828125 0.4140625 0.0078125 0.0087890625
1 0.4560546875 0.59765625 0.05078125 0.0498046875
1 0.8056640625 0.490234375 0.037109375 0.041015625
1 0.8525390625 0.451171875 0.021484375 0.0234375
1 0.783203125 0.4365234375 0.0126953125 0.015625
1 0.7109375 0.431640625 0.009765625 0.01171875
1 0.6015625 0.431640625 0.0078125 0.0107421875
1 0.541015625 0.4306640625 0.0068359375 0.0087890625
1 0.5146484375 0.4287109375 0.005859375 0.0078125
1 0.51953125 0.42578125 0.00390625 0.0068359375
1 0.529296875 0.423828125 0.0048828125 0.005859375
1 0.5380859375 0.4228515625 0.00390625 0.005859375
1 0.544921875 0.4208984375 0.0029296875 0.0048828125
1 0.5498046875 0.4189453125 0.001953125 0.00390625
1 0.5546875 0.4189453125 0.0029296875 0.00390625
1 0.55859375 0.4169921875 0.0029296875 0.00390625
1 0.5625 0.4169921875 0.001953125 0.0029296875
1 0.56640625 0.416015625 0.001953125 0.0029296875
1 0.5693359375 0.4150390625 0.001953125 0.0029296875
1 0.5869140625 0.4140625 0.001953125 0.0029296875
1 0.6484375 0.412109375 0.001953125 0.0029296875
1 0.732421875 0.408203125 0.001953125 0.0029296875
1 0.7568359375 0.408203125 0.001953125 0.0029296875
1 0.771484375 0.4072265625 0.001953125 0.0029296875
1 0.765625 0.4091796875 0.001953125 0.0029296875
1 0.7431640625 0.41015625 0.001953125 0.00390625
1 0.7197265625 0.4130859375 0.0029296875 0.00390625
1 0.7138671875 0.4130859375 0.0029296875 0.00390625
1 0.7509765625 0.4130859375 0.0029296875 0.00390625
1 0.88671875 0.41015625 0.0048828125 0.0068359375
1 0.97265625 0.4091796875 0.0068359375 0.0078125