2 0.2275390625 0.439453125 0.001953125 0.00390625
2 0.2451171875 0.439453125 0.0029296875 0.00390625
2 0.23046875 0.4404296875 0.001953125 0.00390625
2 0.2109375 0.44140625 0.0029296875 0.00390625
2 0.1826171875 0.4423828125 0.0029296875 0.00390625
2 0.1572265625 0.443359375 0.00390625 0.0048828125
2 0.1474609375 0.4443359375 0.00390625 0.005859375
2 0.162109375 0.4462890625 0.00390625 0.005859375
2 0.203125 0.4462890625 0.0048828125 0.0068359375
2 0.259765625 0.4462890625 0.0048828125 0.0068359375
2 0.3271484375 0.4462890625 0.005859375 0.0068359375
2 0.375 0.447265625 0.005859375 0.0078125
2 0.4228515625 0.44921875 0.0068359375 0.0087890625
2 0.4716796875 0.451171875 0.0078125 0.0107421875
2 0.5556640625 0.4560546875 0.009765625 0.0126953125
2 0.68359375 0.462890625 0.0126953125 0.015625
2 0.88671875 0.4736328125 0.0205078125 0.0224609375
2 0.9736328125 0.587890625 0.0517578125 0.0703125
2 0.6904296875 0.4970703125 0.02734375 0.0322265625
2 0.591796875 0.474609375 0.0166015625 0.021484375
2 0.505859375 0.466796875 0.0146484375 0.017578125
2 0.4248046875 0.462890625 0.01171875 0.0146484375
2 0.3095703125 0.458984375 0.0107421875 0.013671875
2 0.201171875 0.45703125 0.0087890625 0.01171875
2 0.1181640625 0.4560546875 0.0087890625 0.0107421875
2 0.0615234375 0.4541015625 0.0078125 0.009765625
2 0.0498046875 0.4521484375 0.0068359375 0.0087890625
2 0.056640625 0.4501953125 0.005859375 0.0078125
2 0.0625 0.447265625 0.0048828125 0.0068359375
2 0.068359375 0.4462890625 0.00390625 0.005859375
2 0.072265625 0.4453125 0.00390625 0.005859375
2 0.076171875 0.443359375 0.00390625 0.005859375
2 0.0810546875 0.4423828125 0.0029296875 0.0048828125
2 0.0888671875 0.44140625 0.0029296875 0.00390625
2 0.11328125 0.4404296875 0.0029296875 0.00390625
2 0.154296875 0.439453125 0.0029296875 0.00390625
2 0.1943359375 0.439453125 0.001953125 0.00390625
1 0.205078125 0.4384765625 0.001953125 0.0029296875
1 0.2373046875 0.439453125 0.001953125 0.0029296875
1 0.2685546875 0.4384765625 0.001953125 0.0029296875
1 0.2939453125 0.4384765625 0.001953125 0.00390625
1 0.279296875 0.439453125 0.001953125 0.00390625
1 0.2607421875 0.4404296875 0.0029296875 0.00390625
1 0.23828125 0.44140625 0.0029296875 0.00390625
1 0.220703125 0.4423828125 0.0029296875 0.0048828125
1 0.228515625 0.4443359375 0.00390625 0.0048828125
1 0.2568359375 0.4443359375 0.00390625 0.0048828125
1 0.3232421875 0.4443359375 0.00390625 0.005859375
1 0.380859375 0.443359375 0.0048828125 0.005859375
1 0.4296875 0.4443359375 0.0048828125 0.0068359375
1 0.478515625 0.4453125 0.005859375 0.0078125
1 0.529296875 0.447265625 0.005859375 0.0078125
1 0.59765625 0.44921875 0.0078125 0.009765625
1 0.6845703125 0.4521484375 0.0078125 0.0107421875
1 0.806640625 0.45703125 0.0107421875 0.0126953125
1 0.326171875 0.5146484375 0.0302734375 0.0380859375
1 0.3310546875 0.4853515625 0.0205078125 0.025390625
1 0.287109375 0.4716796875 0.015625 0.0185546875
1 0.1875 0.4658203125 0.0126953125 0.015625
1 0.060546875 0.4638671875 0.01171875 0.013671875
1 0.0087890625 0.4443359375 0.00390625 0.0048828125
1 0.0126953125 0.443359375 0.00390625 0.0048828125
1 0.01953125 0.443359375 0.0029296875 0.0048828125
1 0.02734375 0.4423828125 0.0029296875 0.00390625
1 0.044921875 0.44140625 0.0029296875 0.00390625
1 0.123046875 0.4404296875 0.001953125 0.0029296875
1 0.1611328125 0.439453125 0.001953125 0.0029296875