2 0.9921875 0.474609375 0.0146484375 0.0380859375
2 0.8515625 0.447265625 0.01953125 0.0224609375
2 0.859375 0.43359375 0.0146484375 0.017578125
2 0.919921875 0.4228515625 0.0107421875 0.013671875
2 0.9658203125 0.4169921875 0.009765625 0.0107421875
2 0.998046875 0.4111328125 0.001953125 0.009765625
1 0.5791015625 0.5673828125 0.0556640625 0.06640625
1 0.5673828125 0.4755859375 0.0224609375 0.029296875
1 0.583984375 0.4521484375 0.015625 0.0205078125
1 0.62890625 0.4404296875 0.01171875 0.0146484375
1 0.716796875 0.4306640625 0.009765625 0.01171875
1 0.78515625 0.4228515625 0.009765625 0.0107421875
1 0.841796875 0.41796875 0.0078125 0.009765625
1 0.8837890625 0.4140625 0.0078125 0.0087890625
1 0.9150390625 0.41015625 0.005859375 0.0078125
1 0.9443359375 0.408203125 0.005859375 0.0078125
1 0.9677734375 0.4052734375 0.0048828125 0.005859375
1 0.9912109375 0.4033203125 0.0048828125 0.005859375