1 0.3681640625 0.486328125 0.0185546875 0.0234375
1 0.40234375 0.4716796875 0.01171875 0.015625
1 0.423828125 0.4619140625 0.009765625 0.0126953125
1 0.4375 0.4560546875 0.0068359375 0.009765625
1 0.44921875 0.4521484375 0.005859375 0.0078125
1 0.462890625 0.4501953125 0.0048828125 0.0068359375
1 0.5048828125 0.4482421875 0.0048828125 0.005859375
1 0.53125 0.4462890625 0.0048828125 0.0068359375
1 0.4755859375 0.4462890625 0.00390625 0.0048828125
1 0.4658203125 0.4453125 0.0029296875 0.00390625
1 0.4697265625 0.443359375 0.0029296875 0.00390625
1 0.48046875 0.4423828125 0.001953125 0.00390625
1 0.501953125 0.4423828125 0.001953125 0.0029296875
1 0.525390625 0.44140625 0.001953125 0.00390625
1 0.546875 0.44140625 0.0029296875 0.00390625
1 0.5703125 0.44140625 0.0029296875 0.00390625
1 0.6025390625 0.4404296875 0.0029296875 0.00390625
1 0.681640625 0.4384765625 0.001953125 0.00390625
1 0.716796875 0.439453125 0.001953125 0.00390625
1 0.7529296875 0.439453125 0.001953125 0.00390625
1 0.7802734375 0.439453125 0.0029296875 0.00390625
1 0.802734375 0.4384765625 0.0029296875 0.00390625
1 0.8427734375 0.4404296875 0.00390625 0.0048828125
1 0.876953125 0.4404296875 0.00390625 0.0048828125
1 0.935546875 0.4423828125 0.0048828125 0.005859375
1 0.98828125 0.447265625 0.0078125 0.009765625
1 0.9580078125 0.451171875 0.0087890625 0.009765625
1 0.9287109375 0.4541015625 0.009765625 0.01171875
1 0.9931640625 0.458984375 0.0126953125 0.013671875
1 0.2890625 0.51953125 0.0380859375 0.0390625
2 0.7255859375 0.509765625 0.0322265625 0.037109375
2 0.6435546875 0.4814453125 0.0205078125 0.0234375
2 0.5966796875 0.46875 0.0126953125 0.0166015625
2 0.5712890625 0.4609375 0.009765625 0.0126953125
2 0.5546875 0.455078125 0.0078125 0.009765625
2 0.5458984375 0.451171875 0.005859375 0.0078125
2 0.5537109375 0.44921875 0.005859375 0.0078125
2 0.5966796875 0.4462890625 0.0048828125 0.0068359375
2 0.599609375 0.4453125 0.0048828125 0.0068359375
2 0.56640625 0.4453125 0.00390625 0.005859375
2 0.525390625 0.4443359375 0.0029296875 0.0048828125
2 0.51953125 0.443359375 0.0029296875 0.00390625
2 0.5166015625 0.4423828125 0.001953125 0.00390625
2 0.53515625 0.4423828125 0.0029296875 0.00390625
2 0.5673828125 0.44140625 0.0029296875 0.00390625
2 0.5986328125 0.44140625 0.00390625 0.0048828125
2 0.6357421875 0.4404296875 0.00390625 0.0048828125
2 0.67578125 0.439453125 0.0029296875 0.00390625
2 0.9599609375 0.4716796875 0.0185546875 0.0205078125
2 0.8310546875 0.462890625 0.0126953125 0.0146484375
2 0.7734375 0.45703125 0.009765625 0.0126953125
2 0.818359375 0.4501953125 0.0078125 0.009765625
2 0.853515625 0.4482421875 0.0078125 0.0087890625
2 0.8818359375 0.4453125 0.005859375 0.0078125
2 0.8681640625 0.4443359375 0.0048828125 0.0068359375
2 0.8349609375 0.4423828125 0.0048828125 0.0068359375
2 0.802734375 0.4423828125 0.00390625 0.005859375
2 0.7724609375 0.44140625 0.00390625 0.0048828125
2 0.74609375 0.4404296875 0.00390625 0.0048828125
2 0.728515625 0.4404296875 0.0029296875 0.0048828125
2 0.703125 0.439453125 0.00390625 0.0048828125