1 0.099609375 0.4873046875 0.0380859375 0.0390625
2 0.5439453125 0.5126953125 0.0390625 0.044921875
1 0.296875 0.45703125 0.0185546875 0.0224609375
2 0.736328125 0.4482421875 0.0078125 0.0107421875
2 0.5595703125 0.4560546875 0.0126953125 0.0166015625
2 0.69140625 0.4404296875 0.005859375 0.0078125
2 0.5556640625 0.470703125 0.0185546875 0.0244140625
2 0.7490234375 0.44140625 0.0048828125 0.0068359375
2 0.703125 0.443359375 0.0068359375 0.0087890625
2 0.9765625 0.4697265625 0.013671875 0.015625
2 0.57421875 0.4306640625 0.00390625 0.005859375
2 0.8134765625 0.4560546875 0.0107421875 0.0126953125
1 0.5087890625 0.4267578125 0.0029296875 0.0048828125
1 0.49609375 0.427734375 0.00390625 0.0048828125
2 0.7080078125 0.4404296875 0.0048828125 0.0068359375
1 0.546875 0.4267578125 0.001953125 0.00390625
2 0.6181640625 0.4296875 0.00390625 0.0048828125
1 0.3662109375 0.4462890625 0.0126953125 0.015625
1 0.541015625 0.427734375 0.0029296875 0.0048828125
1 0.4111328125 0.4404296875 0.009765625 0.01171875
2 0.611328125 0.4306640625 0.00390625 0.0048828125
1 0.8662109375 0.4541015625 0.0078125 0.009765625
2 0.751953125 0.4345703125 0.0029296875 0.00390625
1 0.4853515625 0.4287109375 0.00390625 0.005859375
1 0.8369140625 0.4462890625 0.0048828125 0.0068359375
2 0.595703125 0.4287109375 0.0029296875 0.00390625
2 0.5791015625 0.42578125 0.001953125 0.0029296875
2 0.72265625 0.431640625 0.001953125 0.00390625
1 0.8076171875 0.4482421875 0.005859375 0.0078125
2 0.634765625 0.427734375 0.001953125 0.00390625
2 0.5615234375 0.447265625 0.0078125 0.013671875
2 0.78515625 0.44140625 0.00390625 0.005859375
2 0.8046875 0.439453125 0.00390625 0.00390625
1 0.8779296875 0.4462890625 0.00390625 0.005859375
1 0.5341796875 0.423828125 0.001953125 0.0029296875
2 0.7001953125 0.4306640625 0.001953125 0.00390625
1 0.7958984375 0.4453125 0.0048828125 0.0078125
2 0.7685546875 0.435546875 0.0029296875 0.00390625
1 0.5244140625 0.4248046875 0.001953125 0.00390625
1 0.90625 0.4462890625 0.00390625 0.0048828125
1 0.552734375 0.423828125 0.001953125 0.0029296875
2 0.822265625 0.4404296875 0.00390625 0.0048828125
2 0.607421875 0.4267578125 0.001953125 0.0029296875
2 0.7861328125 0.4375 0.0029296875 0.0048828125
1 0.8486328125 0.4404296875 0.0029296875 0.00390625
2 0.818359375 0.4423828125 0.00390625 0.005859375
1 0.572265625 0.4248046875 0.001953125 0.0029296875
1 0.4736328125 0.4306640625 0.00390625 0.005859375
2 0.5625 0.42578125 0.0029296875 0.00390625
2 0.7412109375 0.4326171875 0.001953125 0.00390625
1 0.611328125 0.4267578125 0.001953125 0.0029296875
1 0.90234375 0.447265625 0.00390625 0.005859375
1 0.591796875 0.42578125 0.001953125 0.0029296875
2 0.564453125 0.42578125 0.0029296875 0.00390625
1 0.8818359375 0.4443359375 0.0029296875 0.00390625
1 0.8271484375 0.4384765625 0.001953125 0.00390625
1 0.517578125 0.4248046875 0.001953125 0.00390625
2 0.9765625 0.4619140625 0.0087890625 0.0107421875
1 0.708984375 0.4306640625 0.001953125 0.001953125
2 0.66796875 0.4296875 0.0029296875 0.0029296875
1 0.640625 0.427734375 0.001953125 0.0029296875
1 0.8017578125 0.4365234375 0.001953125 0.00390625
2 0.5634765625 0.4326171875 0.0048828125 0.0078125
1 0.51953125 0.423828125 0.0029296875 0.00390625