2 0.67578125 0.443359375 0.01171875 0.0146484375
2 0.78515625 0.4501953125 0.01171875 0.0146484375
2 0.9580078125 0.4658203125 0.0166015625 0.0185546875
2 0.37890625 0.521484375 0.0458984375 0.0546875
2 0.244140625 0.4599609375 0.0234375 0.02734375
2 0.287109375 0.439453125 0.0166015625 0.0185546875
2 0.404296875 0.435546875 0.01171875 0.0146484375
2 0.5361328125 0.4375 0.0107421875 0.013671875
1 0.494140625 0.4306640625 0.0087890625 0.0107421875
1 0.6083984375 0.4345703125 0.0078125 0.0107421875
1 0.7421875 0.44140625 0.0087890625 0.0107421875
1 0.900390625 0.451171875 0.0107421875 0.0126953125
1 0.09765625 0.4296875 0.015625 0.0166015625
1 0.25390625 0.4267578125 0.0107421875 0.0126953125
1 0.36328125 0.4267578125 0.0087890625 0.0107421875