1 0.5263671875 0.5244140625 0.0419921875 0.0546875
1 0.552734375 0.4658203125 0.021484375 0.0283203125
1 0.97265625 0.40625 0.0078125 0.0087890625
1 0.880859375 0.4091796875 0.0068359375 0.0078125
1 0.7021484375 0.4150390625 0.005859375 0.0078125
1 0.625 0.41796875 0.0048828125 0.0068359375
1 0.5537109375 0.421875 0.0068359375 0.0078125
1 0.5078125 0.42578125 0.0068359375 0.0087890625
1 0.470703125 0.4296875 0.0078125 0.0107421875
1 0.4599609375 0.4345703125 0.0087890625 0.01171875
1 0.48828125 0.439453125 0.0107421875 0.0146484375
1 0.52734375 0.4482421875 0.015625 0.01953125
2 0.916015625 0.4111328125 0.0078125 0.009765625
2 0.7919921875 0.4150390625 0.0078125 0.0087890625
2 0.69140625 0.41796875 0.0068359375 0.0087890625
2 0.62109375 0.421875 0.005859375 0.0078125
2 0.5947265625 0.42578125 0.0078125 0.0107421875
2 0.6171875 0.4296875 0.0087890625 0.01171875
2 0.689453125 0.43359375 0.0126953125 0.0166015625
2 0.8017578125 0.443359375 0.0205078125 0.0234375