2 0.3408203125 0.537109375 0.0517578125 0.0595703125
1 0.12890625 0.4208984375 0.0087890625 0.0107421875
2 0.78515625 0.453125 0.0107421875 0.0126953125
2 0.6748046875 0.4453125 0.0087890625 0.0107421875
2 0.080078125 0.42578125 0.01171875 0.0126953125
1 0.0517578125 0.419921875 0.009765625 0.0107421875
2 0.3896484375 0.4296875 0.0078125 0.009765625
2 0.4912109375 0.43359375 0.0068359375 0.009765625
1 0.8720703125 0.453125 0.009765625 0.01171875
1 0.474609375 0.4296875 0.0068359375 0.0087890625
1 0.3681640625 0.42578125 0.0068359375 0.0078125
2 0.291015625 0.427734375 0.0078125 0.009765625
2 0.57421875 0.4384765625 0.0078125 0.009765625
2 0.1982421875 0.4267578125 0.0087890625 0.0107421875
1 0.201171875 0.4228515625 0.0078125 0.0087890625
1 0.7578125 0.4453125 0.0078125 0.009765625
1 0.560546875 0.43359375 0.005859375 0.0078125
1 0.2880859375 0.423828125 0.005859375 0.0078125
1 0.6572265625 0.439453125 0.005859375 0.0068359375
2 0.998046875 0.4736328125 0.00390625 0.0126953125