1 0.1650390625 0.412109375 0.001953125 0.00390625
1 0.177734375 0.4140625 0.001953125 0.00390625
1 0.1923828125 0.4150390625 0.0029296875 0.00390625
1 0.2080078125 0.416015625 0.0029296875 0.00390625
1 0.2255859375 0.41796875 0.0029296875 0.00390625
1 0.2470703125 0.4189453125 0.00390625 0.0048828125
1 0.271484375 0.4208984375 0.00390625 0.0048828125
1 0.2978515625 0.4228515625 0.00390625 0.005859375
1 0.330078125 0.42578125 0.00390625 0.005859375
1 0.3671875 0.4287109375 0.0048828125 0.005859375
1 0.4130859375 0.4326171875 0.005859375 0.0078125
1 0.4697265625 0.4375 0.005859375 0.0078125
1 0.5390625 0.443359375 0.0068359375 0.0087890625
1 0.6318359375 0.451171875 0.0078125 0.0087890625
1 0.7548828125 0.4609375 0.0107421875 0.01171875
1 0.9326171875 0.4765625 0.0126953125 0.0146484375
1 0.01171875 0.4033203125 0.0029296875 0.0029296875
1 0.0498046875 0.4052734375 0.001953125 0.0029296875
1 0.1328125 0.4091796875 0.001953125 0.0029296875
1 0.142578125 0.41015625 0.001953125 0.0029296875
1 0.15234375 0.412109375 0.001953125 0.0029296875
2 0.0966796875 0.4091796875 0.001953125 0.00390625
2 0.1044921875 0.4091796875 0.001953125 0.00390625
2 0.11328125 0.41015625 0.001953125 0.00390625
2 0.1240234375 0.4111328125 0.001953125 0.00390625
2 0.1357421875 0.412109375 0.001953125 0.00390625
2 0.1474609375 0.4140625 0.0029296875 0.0048828125
2 0.162109375 0.4150390625 0.0029296875 0.0048828125
2 0.1796875 0.4169921875 0.00390625 0.0048828125
2 0.1982421875 0.41796875 0.00390625 0.0048828125
2 0.220703125 0.4208984375 0.0048828125 0.005859375
2 0.248046875 0.4228515625 0.005859375 0.0078125
2 0.28125 0.4267578125 0.005859375 0.0078125
2 0.3203125 0.4306640625 0.0068359375 0.0087890625
2 0.37109375 0.435546875 0.0068359375 0.0087890625
2 0.4365234375 0.44140625 0.0087890625 0.0107421875
2 0.52734375 0.451171875 0.0087890625 0.0126953125
2 0.6572265625 0.462890625 0.01171875 0.015625
2 0.8583984375 0.4833984375 0.0166015625 0.0205078125
2 0.3828125 0.5107421875 0.037109375 0.04296875
2 0.21484375 0.466796875 0.0234375 0.0263671875
2 0.13671875 0.447265625 0.017578125 0.01953125
2 0.091796875 0.4345703125 0.013671875 0.015625
2 0.064453125 0.427734375 0.0107421875 0.0126953125
2 0.0439453125 0.421875 0.0087890625 0.0107421875
2 0.029296875 0.41796875 0.0068359375 0.009765625
2 0.017578125 0.416015625 0.0068359375 0.0087890625
2 0.0087890625 0.4130859375 0.005859375 0.0078125
2 0.001953125 0.412109375 0.00390625 0.005859375
2 0.0634765625 0.40625 0.001953125 0.0029296875