2 0.9912109375 0.447265625 0.0078125 0.009765625
2 0.9814453125 0.4501953125 0.0087890625 0.01171875
2 0.822265625 0.525390625 0.041015625 0.0478515625
2 0.7880859375 0.484375 0.0224609375 0.0263671875
2 0.8076171875 0.4658203125 0.0146484375 0.0185546875
2 0.818359375 0.4560546875 0.0107421875 0.0126953125
2 0.8271484375 0.4501953125 0.0078125 0.0107421875
2 0.83203125 0.4462890625 0.005859375 0.0087890625
2 0.8359375 0.4443359375 0.0048828125 0.0068359375
2 0.841796875 0.439453125 0.00390625 0.005859375
2 0.8505859375 0.4384765625 0.00390625 0.005859375
2 0.8828125 0.4375 0.00390625 0.0048828125
2 0.9443359375 0.4365234375 0.00390625 0.0048828125
1 0.3642578125 0.5107421875 0.029296875 0.037109375
1 0.5361328125 0.478515625 0.0185546875 0.0224609375
1 0.626953125 0.462890625 0.0126953125 0.0166015625
1 0.673828125 0.4560546875 0.009765625 0.0126953125
1 0.70703125 0.4501953125 0.0078125 0.0107421875
1 0.7275390625 0.4453125 0.0068359375 0.0087890625
1 0.74609375 0.4423828125 0.005859375 0.0078125
1 0.7529296875 0.44140625 0.00390625 0.005859375
1 0.7626953125 0.439453125 0.00390625 0.005859375
1 0.7734375 0.4384765625 0.00390625 0.005859375
1 0.7939453125 0.4365234375 0.00390625 0.0048828125
1 0.8369140625 0.4375 0.00390625 0.0048828125
1 0.8955078125 0.4365234375 0.0029296875 0.00390625
1 0.953125 0.435546875 0.0029296875 0.0048828125