1 0.626953125 0.4404296875 0.0029296875 0.00390625
1 0.6796875 0.4404296875 0.0029296875 0.00390625
1 0.734375 0.4404296875 0.0029296875 0.00390625
1 0.7734375 0.44140625 0.00390625 0.0048828125
1 0.7978515625 0.4423828125 0.00390625 0.005859375
1 0.814453125 0.443359375 0.00390625 0.005859375
1 0.8203125 0.4453125 0.00390625 0.0068359375
1 0.83203125 0.447265625 0.0048828125 0.0078125
1 0.9111328125 0.44921875 0.0078125 0.009765625
1 0.2822265625 0.5205078125 0.0390625 0.0419921875
1 0.375 0.4814453125 0.0205078125 0.0234375
1 0.408203125 0.46484375 0.0126953125 0.0166015625
1 0.431640625 0.4560546875 0.0087890625 0.0126953125
1 0.443359375 0.4521484375 0.0068359375 0.009765625
1 0.4501953125 0.4482421875 0.005859375 0.0078125
1 0.4599609375 0.4462890625 0.0048828125 0.0068359375
1 0.462890625 0.4443359375 0.00390625 0.005859375
1 0.470703125 0.4423828125 0.00390625 0.005859375
1 0.4990234375 0.44140625 0.00390625 0.005859375
1 0.53125 0.4404296875 0.00390625 0.0048828125
1 0.5693359375 0.4404296875 0.00390625 0.0048828125
2 0.671875 0.44140625 0.00390625 0.0048828125
2 0.71484375 0.4423828125 0.00390625 0.0048828125
2 0.740234375 0.4423828125 0.0029296875 0.0048828125
2 0.7373046875 0.4443359375 0.00390625 0.005859375
2 0.7412109375 0.4462890625 0.0048828125 0.0068359375
2 0.7568359375 0.447265625 0.0068359375 0.0087890625
2 0.8388671875 0.451171875 0.0078125 0.009765625
2 0.9365234375 0.4541015625 0.009765625 0.0126953125
2 0.7685546875 0.5107421875 0.0322265625 0.0390625
2 0.6572265625 0.4775390625 0.017578125 0.0234375
2 0.6083984375 0.462890625 0.01171875 0.0166015625
2 0.5859375 0.4560546875 0.0087890625 0.0126953125
2 0.568359375 0.451171875 0.0078125 0.009765625
2 0.5556640625 0.4482421875 0.005859375 0.0078125
2 0.548828125 0.4462890625 0.0048828125 0.0078125
2 0.5439453125 0.443359375 0.00390625 0.005859375
2 0.572265625 0.44140625 0.00390625 0.005859375
2 0.6171875 0.44140625 0.00390625 0.0048828125