1 0.984375 0.4580078125 0.0087890625 0.009765625
1 0.9111328125 0.4560546875 0.0087890625 0.0107421875
1 0.8203125 0.4541015625 0.009765625 0.01171875
1 0.7216796875 0.4521484375 0.009765625 0.0126953125
1 0.5830078125 0.4501953125 0.0107421875 0.013671875
1 0.4287109375 0.4482421875 0.0126953125 0.0146484375
1 0.26953125 0.4501953125 0.0166015625 0.0185546875
1 0.017578125 0.47265625 0.0322265625 0.0341796875
2 0.6865234375 0.462890625 0.015625 0.0185546875
2 0.8408203125 0.46484375 0.0126953125 0.015625
2 0.958984375 0.4658203125 0.0126953125 0.0146484375
2 0.5078125 0.466796875 0.01953125 0.0234375
2 0.431640625 0.4951171875 0.0322265625 0.037109375
2 0.625 0.5947265625 0.0537109375 0.0576171875
0 0.701171875 0.4375 0.0087890625 0.015625