1 0.275390625 0.552734375 0.0458984375 0.0556640625
2 0.96875 0.486328125 0.0234375 0.0263671875
1 0.474609375 0.5029296875 0.02734375 0.03125
2 0.9931640625 0.4716796875 0.0126953125 0.0205078125
1 0.623046875 0.482421875 0.0185546875 0.0224609375
2 0.953125 0.45703125 0.01171875 0.0126953125
2 0.9443359375 0.525390625 0.0390625 0.04296875
1 0.552734375 0.44921875 0.005859375 0.0078125
2 0.8671875 0.453125 0.0087890625 0.0107421875
1 0.6142578125 0.4501953125 0.005859375 0.0078125
1 0.734375 0.46875 0.0146484375 0.0166015625
1 0.7509765625 0.455078125 0.009765625 0.0107421875
2 0.5068359375 0.447265625 0.0048828125 0.005859375
2 0.7998046875 0.443359375 0.0048828125 0.005859375
2 0.79296875 0.4501953125 0.0078125 0.0087890625
1 0.40234375 0.4482421875 0.0048828125 0.0068359375
2 0.9970703125 0.4482421875 0.0048828125 0.0107421875
2 0.76171875 0.443359375 0.00390625 0.005859375
2 0.5673828125 0.447265625 0.0048828125 0.0068359375
1 0.4873046875 0.44921875 0.0048828125 0.0068359375
2 0.8525390625 0.4453125 0.005859375 0.0068359375
2 0.71875 0.4482421875 0.005859375 0.0078125
1 0.8740234375 0.4423828125 0.0048828125 0.005859375
2 0.4677734375 0.447265625 0.00390625 0.005859375
1 0.791015625 0.4609375 0.0107421875 0.0126953125
1 0.4345703125 0.44921875 0.0048828125 0.0068359375
1 0.396484375 0.447265625 0.00390625 0.005859375
1 0.828125 0.44140625 0.0048828125 0.005859375
2 0.7294921875 0.4423828125 0.00390625 0.005859375
2 0.5322265625 0.4443359375 0.00390625 0.0048828125
2 0.5859375 0.4423828125 0.0029296875 0.00390625
1 0.6845703125 0.4521484375 0.0078125 0.009765625
1 0.4326171875 0.4453125 0.00390625 0.0048828125
2 0.6396484375 0.447265625 0.005859375 0.0078125
1 0.931640625 0.443359375 0.005859375 0.0078125
2 0.91015625 0.4462890625 0.005859375 0.0078125
1 0.517578125 0.443359375 0.0029296875 0.0048828125
1 0.5576171875 0.4423828125 0.0029296875 0.00390625
2 0.4619140625 0.4462890625 0.00390625 0.005859375
1 0.47265625 0.4443359375 0.0029296875 0.0048828125
2 0.634765625 0.4423828125 0.00390625 0.00390625
2 0.4873046875 0.4443359375 0.00390625 0.0048828125
1 0.712890625 0.44140625 0.0029296875 0.0048828125
1 0.5966796875 0.4423828125 0.0029296875 0.00390625
2 0.6884765625 0.44140625 0.0029296875 0.005859375
1 0.7548828125 0.44140625 0.0029296875 0.00390625
1 0.6474609375 0.44140625 0.0029296875 0.00390625
0 0.90234375 0.443359375 0.0078125 0.0146484375
0 0.916015625 0.443359375 0.0087890625 0.0146484375