1 0.01171875 0.404296875 0.0029296875 0.0029296875
1 0.0537109375 0.4052734375 0.001953125 0.0029296875
1 0.087890625 0.4072265625 0.0029296875 0.0029296875
1 0.1845703125 0.412109375 0.001953125 0.0029296875
1 0.205078125 0.4130859375 0.001953125 0.0029296875
1 0.2177734375 0.4140625 0.0029296875 0.0029296875
1 0.23046875 0.4150390625 0.001953125 0.00390625
1 0.2451171875 0.416015625 0.0029296875 0.00390625
1 0.26171875 0.4169921875 0.0029296875 0.0048828125
1 0.279296875 0.4189453125 0.00390625 0.0048828125
1 0.30078125 0.4208984375 0.0029296875 0.00390625
1 0.3251953125 0.4228515625 0.00390625 0.0048828125
1 0.3544921875 0.42578125 0.00390625 0.0048828125
1 0.390625 0.4287109375 0.00390625 0.005859375
1 0.4326171875 0.4326171875 0.005859375 0.0068359375
1 0.486328125 0.4375 0.005859375 0.0078125
1 0.5537109375 0.443359375 0.0068359375 0.0087890625
1 0.6435546875 0.451171875 0.0078125 0.0107421875
1 0.7685546875 0.4619140625 0.009765625 0.0126953125
1 0.9521484375 0.4775390625 0.0146484375 0.015625
2 0.3076171875 0.50390625 0.03515625 0.0419921875
2 0.1904296875 0.462890625 0.021484375 0.0263671875
2 0.13671875 0.4443359375 0.015625 0.01953125
2 0.10546875 0.4326171875 0.01171875 0.0146484375
2 0.0869140625 0.42578125 0.009765625 0.0126953125
2 0.072265625 0.4208984375 0.0078125 0.0107421875
2 0.0625 0.41796875 0.005859375 0.0087890625
2 0.0537109375 0.4150390625 0.005859375 0.0078125
2 0.0478515625 0.4130859375 0.00390625 0.005859375
2 0.04296875 0.412109375 0.0029296875 0.0048828125
2 0.0390625 0.41015625 0.0029296875 0.00390625
2 0.03515625 0.408203125 0.001953125 0.00390625
2 0.03125 0.4072265625 0.00390625 0.00390625
2 0.0234375 0.4052734375 0.001953125 0.00390625
2 0.04296875 0.4052734375 0.001953125 0.0029296875
2 0.08203125 0.4072265625 0.001953125 0.00390625
2 0.1240234375 0.4091796875 0.001953125 0.0029296875
2 0.1494140625 0.41015625 0.0029296875 0.00390625
2 0.158203125 0.4111328125 0.0029296875 0.00390625
2 0.1689453125 0.412109375 0.0029296875 0.0048828125
2 0.1806640625 0.4140625 0.0029296875 0.00390625
2 0.1943359375 0.4150390625 0.0029296875 0.0048828125
2 0.2099609375 0.416015625 0.00390625 0.0048828125
2 0.2265625 0.41796875 0.00390625 0.0048828125
2 0.248046875 0.419921875 0.0048828125 0.005859375
2 0.2724609375 0.4228515625 0.0048828125 0.005859375
2 0.3017578125 0.4267578125 0.005859375 0.0068359375
2 0.33984375 0.4296875 0.0068359375 0.0087890625
2 0.38671875 0.4345703125 0.0068359375 0.0087890625
2 0.44921875 0.44140625 0.0078125 0.0107421875
2 0.5322265625 0.44921875 0.009765625 0.0126953125
2 0.65625 0.4619140625 0.0126953125 0.015625
2 0.849609375 0.48046875 0.0185546875 0.01953125