2 0.43359375 0.5810546875 0.0517578125 0.078125
2 0.2314453125 0.48046875 0.0263671875 0.03125
2 0.1669921875 0.4560546875 0.0166015625 0.021484375
2 0.1796875 0.4453125 0.013671875 0.0166015625
2 0.2158203125 0.439453125 0.0107421875 0.0126953125
2 0.2734375 0.4365234375 0.0078125 0.0107421875
2 0.287109375 0.43359375 0.0068359375 0.0087890625
2 0.2724609375 0.4306640625 0.005859375 0.0078125
2 0.2333984375 0.427734375 0.005859375 0.0078125
2 0.1875 0.423828125 0.005859375 0.0078125
2 0.14453125 0.421875 0.0048828125 0.0068359375
2 0.09375 0.4189453125 0.0048828125 0.005859375
2 0.0634765625 0.4169921875 0.00390625 0.0068359375
2 0.0478515625 0.416015625 0.00390625 0.005859375
2 0.07421875 0.4150390625 0.0029296875 0.0048828125
2 0.1103515625 0.416015625 0.0029296875 0.00390625
2 0.1162109375 0.4150390625 0.0029296875 0.00390625
2 0.08984375 0.4140625 0.0029296875 0.00390625
2 0.0712890625 0.412109375 0.001953125 0.00390625
2 0.0751953125 0.412109375 0.001953125 0.00390625
2 0.0947265625 0.412109375 0.001953125 0.00390625
2 0.1279296875 0.4140625 0.001953125 0.0029296875
2 0.1552734375 0.4150390625 0.001953125 0.00390625
2 0.1806640625 0.416015625 0.0029296875 0.00390625
2 0.2158203125 0.41796875 0.001953125 0.00390625
2 0.26171875 0.4208984375 0.0029296875 0.00390625
2 0.287109375 0.421875 0.0029296875 0.00390625
2 0.298828125 0.423828125 0.0029296875 0.00390625
2 0.3134765625 0.4248046875 0.0029296875 0.0048828125
2 0.3251953125 0.42578125 0.0029296875 0.0048828125
2 0.34375 0.427734375 0.00390625 0.0048828125
2 0.3828125 0.4296875 0.00390625 0.005859375
2 0.4267578125 0.4326171875 0.00390625 0.005859375
2 0.4697265625 0.4365234375 0.0048828125 0.0068359375
2 0.48046875 0.439453125 0.005859375 0.0078125
2 0.5302734375 0.4453125 0.0068359375 0.0087890625
2 0.6279296875 0.453125 0.0087890625 0.01171875
2 0.77734375 0.462890625 0.009765625 0.01171875
2 0.9130859375 0.474609375 0.013671875 0.0166015625
1 0.9755859375 0.470703125 0.01171875 0.0126953125
1 0.8369140625 0.4609375 0.0087890625 0.009765625
1 0.6953125 0.453125 0.0078125 0.0107421875
1 0.59765625 0.4462890625 0.0068359375 0.0087890625
1 0.576171875 0.4423828125 0.005859375 0.0078125
1 0.5625 0.439453125 0.00390625 0.005859375
1 0.5185546875 0.435546875 0.00390625 0.005859375
1 0.4609375 0.4326171875 0.0029296875 0.00390625
1 0.408203125 0.4296875 0.0029296875 0.00390625
1 0.3779296875 0.427734375 0.0029296875 0.00390625
1 0.3662109375 0.42578125 0.001953125 0.00390625
1 0.3466796875 0.4248046875 0.001953125 0.0029296875
1 0.2939453125 0.4208984375 0.001953125 0.0029296875
1 0.2578125 0.4189453125 0.0029296875 0.0029296875
1 0.2236328125 0.41796875 0.001953125 0.00390625
1 0.201171875 0.4169921875 0.001953125 0.0029296875
1 0.1630859375 0.4150390625 0.001953125 0.0029296875
1 0.1142578125 0.4130859375 0.001953125 0.00390625
1 0.05859375 0.41015625 0.001953125 0.0029296875
1 0.005859375 0.4091796875 0.0029296875 0.00390625
1 0.01171875 0.4111328125 0.00390625 0.0048828125
1 0.041015625 0.412109375 0.0029296875 0.00390625
1 0.0361328125 0.4130859375 0.00390625 0.0048828125
1 0.005859375 0.416015625 0.005859375 0.0078125
1 0.0791015625 0.419921875 0.005859375 0.0078125
1 0.1181640625 0.423828125 0.005859375 0.0078125
1 0.1474609375 0.4267578125 0.0078125 0.0087890625
1 0.1171875 0.4296875 0.0087890625 0.01171875
1 0.03125 0.431640625 0.0126953125 0.013671875
0 0.4072265625 0.5478515625 0.0595703125 0.115234375
0 0.4794921875 0.5634765625 0.091796875 0.119140625