2 0.0810546875 0.4736328125 0.0185546875 0.0205078125
2 0.30859375 0.4541015625 0.0146484375 0.0166015625
2 0.4609375 0.4443359375 0.01171875 0.015625
2 0.572265625 0.4365234375 0.009765625 0.013671875
2 0.6064453125 0.4306640625 0.0068359375 0.0107421875
2 0.6015625 0.4267578125 0.005859375 0.0078125
2 0.6064453125 0.423828125 0.0048828125 0.0078125
2 0.669921875 0.421875 0.0048828125 0.0078125
2 0.7412109375 0.41796875 0.005859375 0.0078125
2 0.78515625 0.416015625 0.00390625 0.005859375
2 0.7822265625 0.4140625 0.00390625 0.005859375
2 0.759765625 0.4140625 0.00390625 0.0048828125
2 0.7529296875 0.412109375 0.0029296875 0.0048828125
2 0.7880859375 0.4111328125 0.0029296875 0.0048828125
2 0.83203125 0.408203125 0.00390625 0.0048828125
2 0.8564453125 0.40625 0.0029296875 0.0048828125
2 0.8486328125 0.4052734375 0.0029296875 0.00390625
2 0.830078125 0.40625 0.0029296875 0.00390625
2 0.8193359375 0.4052734375 0.001953125 0.00390625
2 0.8759765625 0.40234375 0.001953125 0.00390625
2 0.892578125 0.40234375 0.0029296875 0.00390625
2 0.884765625 0.400390625 0.001953125 0.0029296875
2 0.8828125 0.400390625 0.001953125 0.0029296875
2 0.90234375 0.3994140625 0.001953125 0.00390625
2 0.93359375 0.3984375 0.001953125 0.00390625
2 0.970703125 0.3974609375 0.001953125 0.0029296875
2 0.984375 0.40625 0.00390625 0.005859375
2 0.9970703125 0.40625 0.0048828125 0.0068359375
1 0.173828125 0.478515625 0.0205078125 0.0234375
1 0.4326171875 0.45703125 0.0146484375 0.0185546875
1 0.640625 0.4453125 0.013671875 0.017578125
1 0.7431640625 0.435546875 0.01171875 0.0146484375
1 0.75390625 0.4287109375 0.0087890625 0.01171875
1 0.72265625 0.4248046875 0.0078125 0.009765625
1 0.71484375 0.421875 0.005859375 0.0087890625
1 0.771484375 0.4189453125 0.005859375 0.0078125
1 0.845703125 0.4150390625 0.005859375 0.0078125
1 0.8798828125 0.4130859375 0.005859375 0.0068359375
1 0.8740234375 0.4111328125 0.00390625 0.005859375
1 0.8359375 0.4111328125 0.00390625 0.005859375
1 0.8271484375 0.4111328125 0.0029296875 0.0048828125
1 0.85546875 0.4091796875 0.00390625 0.005859375
1 0.904296875 0.40625 0.0029296875 0.0048828125
1 0.88671875 0.404296875 0.0029296875 0.00390625
1 0.8779296875 0.404296875 0.001953125 0.00390625
1 0.8974609375 0.4033203125 0.001953125 0.00390625
1 0.9248046875 0.400390625 0.001953125 0.00390625
1 0.953125 0.3984375 0.0029296875 0.0029296875
1 0.97265625 0.3974609375 0.0029296875 0.00390625
1 0.9814453125 0.3984375 0.001953125 0.00390625
1 0.984375 0.400390625 0.0029296875 0.00390625
1 0.9775390625 0.4033203125 0.0029296875 0.0048828125
1 0.970703125 0.404296875 0.00390625 0.0048828125
1 0.931640625 0.4072265625 0.0029296875 0.0048828125
1 0.9404296875 0.4091796875 0.00390625 0.005859375
1 0.955078125 0.4130859375 0.005859375 0.0078125
1 0.94921875 0.416015625 0.005859375 0.0087890625
1 0.9375 0.4208984375 0.0087890625 0.0107421875
1 0.9248046875 0.42578125 0.01171875 0.013671875
1 0.904296875 0.4345703125 0.015625 0.0166015625
1 0.8779296875 0.447265625 0.0205078125 0.0224609375
1 0.8212890625 0.4716796875 0.029296875 0.033203125
1 0.681640625 0.5361328125 0.0546875 0.0595703125
1 0.91796875 0.40625 0.0048828125 0.0068359375