1 0.109375 0.4326171875 0.013671875 0.0146484375
1 0.1279296875 0.427734375 0.009765625 0.01171875
1 0.142578125 0.4228515625 0.0078125 0.009765625
1 0.1552734375 0.4189453125 0.005859375 0.0078125
1 0.1650390625 0.4169921875 0.005859375 0.0068359375
1 0.1787109375 0.416015625 0.0048828125 0.005859375
1 0.2197265625 0.416015625 0.00390625 0.005859375
1 0.2451171875 0.416015625 0.00390625 0.0048828125
1 0.22265625 0.4150390625 0.00390625 0.0048828125
1 0.1923828125 0.4130859375 0.00390625 0.0048828125
1 0.1826171875 0.412109375 0.0029296875 0.00390625
1 0.1865234375 0.4111328125 0.0029296875 0.00390625
1 0.1982421875 0.4111328125 0.001953125 0.00390625
1 0.2216796875 0.412109375 0.0029296875 0.00390625
1 0.2685546875 0.4130859375 0.001953125 0.0029296875
1 0.291015625 0.4140625 0.001953125 0.0029296875
1 0.322265625 0.4150390625 0.001953125 0.0029296875
1 0.3935546875 0.41796875 0.001953125 0.0029296875
1 0.4228515625 0.4189453125 0.001953125 0.001953125
1 0.4501953125 0.4208984375 0.001953125 0.0029296875
1 0.4697265625 0.421875 0.001953125 0.0029296875
1 0.4853515625 0.4228515625 0.001953125 0.0029296875
1 0.509765625 0.4248046875 0.001953125 0.00390625
1 0.5302734375 0.42578125 0.0029296875 0.00390625
1 0.5625 0.4287109375 0.001953125 0.00390625
1 0.5869140625 0.431640625 0.00390625 0.0048828125
1 0.5732421875 0.4326171875 0.00390625 0.005859375
1 0.5458984375 0.43359375 0.00390625 0.0068359375
1 0.5185546875 0.4345703125 0.0048828125 0.0068359375
1 0.537109375 0.4375 0.005859375 0.0078125
1 0.6025390625 0.443359375 0.0078125 0.009765625
1 0.7080078125 0.4501953125 0.0087890625 0.0107421875
1 0.076171875 0.4423828125 0.0185546875 0.0205078125
1 0.01171875 0.4609375 0.0224609375 0.029296875
1 0.837890625 0.4580078125 0.009765625 0.0126953125
2 0.4375 0.501953125 0.03515625 0.041015625
2 0.3525390625 0.4638671875 0.0205078125 0.0244140625
2 0.314453125 0.4462890625 0.013671875 0.017578125
2 0.296875 0.4375 0.0107421875 0.0146484375
2 0.2802734375 0.431640625 0.0078125 0.01171875
2 0.26953125 0.4267578125 0.0068359375 0.0087890625
2 0.2607421875 0.4228515625 0.0048828125 0.0078125
2 0.255859375 0.419921875 0.0048828125 0.005859375
2 0.265625 0.4189453125 0.00390625 0.0068359375
2 0.3056640625 0.419921875 0.00390625 0.005859375
2 0.310546875 0.41796875 0.00390625 0.0048828125
2 0.2822265625 0.4169921875 0.00390625 0.0048828125
2 0.2431640625 0.4150390625 0.0029296875 0.0048828125
2 0.2373046875 0.4130859375 0.0029296875 0.00390625
2 0.2353515625 0.4130859375 0.001953125 0.00390625
2 0.2548828125 0.4130859375 0.0029296875 0.00390625
2 0.287109375 0.4140625 0.0029296875 0.00390625
2 0.3173828125 0.4150390625 0.0029296875 0.00390625
2 0.3525390625 0.416015625 0.0029296875 0.00390625
2 0.38671875 0.41796875 0.001953125 0.00390625
2 0.9697265625 0.4736328125 0.0166015625 0.017578125
2 0.7421875 0.458984375 0.0126953125 0.015625
2 0.5810546875 0.4482421875 0.0107421875 0.013671875
2 0.4873046875 0.4404296875 0.0087890625 0.01171875
2 0.4169921875 0.431640625 0.005859375 0.0087890625
2 0.4267578125 0.4296875 0.005859375 0.0078125
2 0.462890625 0.4296875 0.005859375 0.0068359375
2 0.4921875 0.4296875 0.00390625 0.005859375
2 0.517578125 0.4287109375 0.00390625 0.005859375
2 0.515625 0.427734375 0.00390625 0.0048828125
2 0.4970703125 0.42578125 0.0029296875 0.00390625
2 0.4775390625 0.423828125 0.0029296875 0.00390625
2 0.458984375 0.4228515625 0.0029296875 0.00390625
2 0.44140625 0.4208984375 0.0029296875 0.00390625
2 0.4287109375 0.4208984375 0.001953125 0.00390625
2 0.41015625 0.4189453125 0.001953125 0.00390625