2 0.4345703125 0.4541015625 0.01953125 0.0234375
2 0.7470703125 0.4833984375 0.02734375 0.0302734375
2 0.234375 0.4814453125 0.0341796875 0.0400390625
2 0.1064453125 0.423828125 0.013671875 0.0166015625
2 0.24609375 0.4365234375 0.015625 0.01953125
1 0.2373046875 0.4228515625 0.0107421875 0.0126953125
1 0.7880859375 0.46484375 0.0185546875 0.0205078125
1 0.0537109375 0.408203125 0.0087890625 0.0107421875
1 0.1328125 0.4140625 0.009765625 0.01171875
2 0.0068359375 0.4140625 0.01171875 0.013671875
1 0.5390625 0.4462890625 0.013671875 0.0166015625
2 0.55859375 0.560546875 0.060546875 0.0654296875
1 0.359375 0.431640625 0.01171875 0.0146484375