2 0.2724609375 0.4384765625 0.00390625 0.0048828125
2 0.318359375 0.439453125 0.0029296875 0.00390625
2 0.34765625 0.4404296875 0.00390625 0.005859375
2 0.3759765625 0.4404296875 0.0048828125 0.005859375
2 0.390625 0.4423828125 0.00390625 0.0068359375
2 0.4091796875 0.4443359375 0.0048828125 0.0078125
2 0.4140625 0.4462890625 0.005859375 0.0087890625
2 0.3798828125 0.4482421875 0.0078125 0.009765625
2 0.359375 0.4521484375 0.0087890625 0.0126953125
2 0.416015625 0.4580078125 0.0107421875 0.0146484375
2 0.58203125 0.4677734375 0.015625 0.0185546875
2 0.7705078125 0.48046875 0.0224609375 0.025390625
2 0.908203125 0.5185546875 0.037109375 0.0419921875
2 0.0107421875 0.4462890625 0.0087890625 0.0107421875
2 0.0478515625 0.4443359375 0.0068359375 0.0087890625
2 0.076171875 0.4423828125 0.005859375 0.0087890625
2 0.103515625 0.4404296875 0.0048828125 0.0068359375
2 0.130859375 0.4404296875 0.0048828125 0.0068359375
2 0.23046875 0.4384765625 0.00390625 0.005859375
1 0.2705078125 0.439453125 0.00390625 0.005859375
1 0.30078125 0.4404296875 0.00390625 0.005859375
1 0.3212890625 0.4423828125 0.0048828125 0.0068359375
1 0.337890625 0.443359375 0.005859375 0.0078125
1 0.310546875 0.4462890625 0.005859375 0.0087890625
1 0.2333984375 0.44921875 0.0087890625 0.0107421875
1 0.1806640625 0.4541015625 0.0107421875 0.0126953125
1 0.1962890625 0.4599609375 0.013671875 0.015625
1 0.3046875 0.4697265625 0.017578125 0.0205078125
1 0.435546875 0.4873046875 0.0224609375 0.0283203125
1 0.369140625 0.546875 0.0478515625 0.0595703125
1 0.04296875 0.4541015625 0.0126953125 0.013671875
1 0.0859375 0.44921875 0.0087890625 0.0107421875
1 0.119140625 0.4462890625 0.0078125 0.009765625
1 0.1435546875 0.443359375 0.005859375 0.0078125
1 0.16015625 0.4423828125 0.005859375 0.0078125
1 0.1767578125 0.4404296875 0.0048828125 0.0068359375
1 0.2177734375 0.439453125 0.00390625 0.005859375