2 0.2822265625 0.4970703125 0.0400390625 0.0439453125
2 0.21875 0.4541015625 0.0224609375 0.025390625
2 0.1513671875 0.435546875 0.0166015625 0.01953125
2 0.06640625 0.4248046875 0.0146484375 0.0166015625
1 0.025390625 0.404296875 0.0068359375 0.0087890625
1 0.103515625 0.41015625 0.0068359375 0.0087890625
1 0.1845703125 0.4150390625 0.0078125 0.0087890625
1 0.2890625 0.4208984375 0.0087890625 0.0107421875
1 0.41015625 0.4287109375 0.0087890625 0.01171875
1 0.5751953125 0.4384765625 0.0107421875 0.013671875
1 0.724609375 0.447265625 0.01171875 0.013671875
1 0.9462890625 0.4599609375 0.0126953125 0.0146484375
2 0.0048828125 0.4091796875 0.0087890625 0.0107421875
2 0.0966796875 0.416015625 0.0087890625 0.01171875
2 0.19921875 0.421875 0.0107421875 0.0126953125
2 0.3291015625 0.4306640625 0.0107421875 0.0146484375
2 0.4814453125 0.4404296875 0.0126953125 0.0166015625
2 0.6845703125 0.4541015625 0.0146484375 0.0185546875
2 0.9580078125 0.47265625 0.01953125 0.0224609375