1 0.033203125 0.4873046875 0.0458984375 0.0419921875
1 0.3505859375 0.4501953125 0.015625 0.0185546875
2 0.568359375 0.4658203125 0.017578125 0.021484375
1 0.23828125 0.4619140625 0.0234375 0.025390625
1 0.4921875 0.4462890625 0.0107421875 0.0146484375
2 0.6748046875 0.4599609375 0.013671875 0.0166015625
2 0.798828125 0.4619140625 0.0126953125 0.015625
2 0.9658203125 0.46875 0.0126953125 0.0146484375
1 0.611328125 0.447265625 0.0107421875 0.01171875
2 0.5244140625 0.4873046875 0.02734375 0.0322265625
2 0.55078125 0.54296875 0.0498046875 0.056640625
1 0.740234375 0.4501953125 0.0087890625 0.01171875
1 0.8828125 0.45703125 0.0087890625 0.0107421875