1 0.02734375 0.4072265625 0.00390625 0.0048828125
1 0.076171875 0.4091796875 0.0029296875 0.00390625
1 0.1171875 0.4111328125 0.0029296875 0.00390625
1 0.1591796875 0.412109375 0.001953125 0.0029296875
1 0.19921875 0.4140625 0.0029296875 0.00390625
1 0.232421875 0.416015625 0.0029296875 0.00390625
1 0.259765625 0.4169921875 0.0029296875 0.00390625
1 0.2783203125 0.4189453125 0.00390625 0.0048828125
1 0.298828125 0.419921875 0.0029296875 0.00390625
1 0.3212890625 0.421875 0.00390625 0.0048828125
1 0.349609375 0.423828125 0.0048828125 0.005859375
1 0.380859375 0.4267578125 0.0048828125 0.005859375
1 0.419921875 0.4296875 0.0048828125 0.005859375
1 0.4677734375 0.43359375 0.005859375 0.0078125
1 0.52734375 0.4384765625 0.0068359375 0.0078125
1 0.60546875 0.4453125 0.0078125 0.0087890625
1 0.7109375 0.4541015625 0.0078125 0.0107421875
1 0.8603515625 0.466796875 0.0107421875 0.0126953125
2 0.4970703125 0.541015625 0.0478515625 0.0576171875
2 0.2763671875 0.474609375 0.025390625 0.0302734375
2 0.1904296875 0.451171875 0.017578125 0.021484375
2 0.14453125 0.4375 0.013671875 0.0166015625
2 0.1162109375 0.4296875 0.0107421875 0.0126953125
2 0.09765625 0.423828125 0.0078125 0.0107421875
2 0.083984375 0.419921875 0.0078125 0.009765625
2 0.0732421875 0.41796875 0.005859375 0.0087890625
2 0.0654296875 0.416015625 0.00390625 0.0068359375
2 0.0576171875 0.4140625 0.00390625 0.005859375
2 0.052734375 0.412109375 0.00390625 0.005859375
2 0.046875 0.4111328125 0.00390625 0.0048828125
2 0.04296875 0.41015625 0.0029296875 0.0048828125
2 0.0654296875 0.41015625 0.0029296875 0.00390625
2 0.1123046875 0.4111328125 0.0029296875 0.00390625
2 0.1630859375 0.4130859375 0.0029296875 0.00390625
2 0.1953125 0.4150390625 0.0029296875 0.00390625
2 0.2080078125 0.416015625 0.00390625 0.0048828125
2 0.2255859375 0.41796875 0.0029296875 0.0048828125
2 0.2451171875 0.419921875 0.00390625 0.005859375
2 0.2685546875 0.421875 0.00390625 0.0068359375
2 0.2958984375 0.4248046875 0.005859375 0.0068359375
2 0.3291015625 0.427734375 0.005859375 0.0078125
2 0.37109375 0.431640625 0.0068359375 0.0087890625
2 0.42578125 0.4365234375 0.0078125 0.009765625
2 0.4970703125 0.443359375 0.0087890625 0.01171875
2 0.59765625 0.453125 0.0107421875 0.013671875
2 0.7490234375 0.4677734375 0.0146484375 0.0166015625
2 0.994140625 0.4921875 0.0107421875 0.021484375