1 0.5927734375 0.42578125 0.0029296875 0.00390625
1 0.619140625 0.4267578125 0.0029296875 0.00390625
1 0.65234375 0.4296875 0.0029296875 0.0048828125
1 0.6953125 0.4326171875 0.00390625 0.005859375
1 0.7421875 0.435546875 0.00390625 0.005859375
1 0.7939453125 0.4404296875 0.005859375 0.0068359375
1 0.81640625 0.443359375 0.005859375 0.0078125
1 0.8369140625 0.4462890625 0.0078125 0.0087890625
1 0.8837890625 0.4501953125 0.0087890625 0.009765625
1 0.982421875 0.4560546875 0.0107421875 0.0107421875
1 0.125 0.4423828125 0.0185546875 0.0205078125
1 0.1708984375 0.4326171875 0.0126953125 0.015625
1 0.205078125 0.42578125 0.0087890625 0.0107421875
1 0.2421875 0.4228515625 0.0068359375 0.0087890625
1 0.28515625 0.421875 0.005859375 0.0078125
1 0.337890625 0.4228515625 0.0048828125 0.0068359375
1 0.3955078125 0.4228515625 0.00390625 0.0068359375
1 0.4365234375 0.421875 0.00390625 0.0048828125
1 0.41796875 0.419921875 0.0029296875 0.00390625
1 0.3876953125 0.41796875 0.0029296875 0.00390625
1 0.57421875 0.423828125 0.0029296875 0.00390625
1 0.5556640625 0.4228515625 0.001953125 0.00390625
1 0.5390625 0.421875 0.001953125 0.0029296875
1 0.408203125 0.4150390625 0.001953125 0.00390625
1 0.380859375 0.4140625 0.001953125 0.0029296875
1 0.3505859375 0.4130859375 0.001953125 0.00390625
1 0.3173828125 0.412109375 0.001953125 0.0029296875
1 0.2880859375 0.4111328125 0.0029296875 0.00390625
1 0.2646484375 0.412109375 0.00390625 0.0048828125
1 0.2607421875 0.4111328125 0.0029296875 0.00390625
1 0.2861328125 0.4130859375 0.0029296875 0.00390625
1 0.3193359375 0.4150390625 0.0029296875 0.00390625
1 0.3564453125 0.416015625 0.0029296875 0.00390625
2 0.4873046875 0.4189453125 0.001953125 0.00390625
2 0.4990234375 0.419921875 0.001953125 0.00390625
2 0.5126953125 0.4208984375 0.001953125 0.00390625
2 0.529296875 0.4228515625 0.001953125 0.00390625
2 0.544921875 0.423828125 0.0029296875 0.00390625
2 0.56640625 0.42578125 0.00390625 0.0048828125
2 0.59375 0.427734375 0.00390625 0.0048828125
2 0.6328125 0.4306640625 0.00390625 0.005859375
2 0.6767578125 0.43359375 0.0048828125 0.0068359375
2 0.7080078125 0.4365234375 0.005859375 0.0078125
2 0.71484375 0.4404296875 0.0068359375 0.0087890625
2 0.7734375 0.447265625 0.0087890625 0.0107421875
2 0.9228515625 0.4580078125 0.0107421875 0.0126953125
2 0.4658203125 0.41796875 0.001953125 0.0029296875
2 0.4326171875 0.416015625 0.001953125 0.00390625
2 0.3974609375 0.4150390625 0.0029296875 0.00390625
2 0.3603515625 0.4140625 0.001953125 0.00390625
2 0.326171875 0.4130859375 0.001953125 0.00390625
2 0.3076171875 0.412109375 0.0029296875 0.00390625
2 0.310546875 0.4130859375 0.0029296875 0.00390625
2 0.3349609375 0.4140625 0.0029296875 0.00390625
2 0.37109375 0.416015625 0.0029296875 0.00390625
2 0.41015625 0.41796875 0.0029296875 0.00390625
2 0.4482421875 0.419921875 0.0029296875 0.00390625
2 0.4765625 0.421875 0.00390625 0.0048828125
2 0.5107421875 0.42578125 0.00390625 0.005859375
2 0.505859375 0.4267578125 0.00390625 0.005859375
2 0.470703125 0.4267578125 0.0048828125 0.0068359375
2 0.4306640625 0.4267578125 0.005859375 0.0078125
2 0.375 0.4267578125 0.0068359375 0.0087890625
2 0.341796875 0.4287109375 0.0068359375 0.009765625
2 0.345703125 0.4326171875 0.0087890625 0.0107421875
2 0.3583984375 0.439453125 0.0107421875 0.0146484375
2 0.3837890625 0.4521484375 0.015625 0.0185546875
2 0.4404296875 0.484375 0.02734375 0.033203125
2 0.6025390625 0.5732421875 0.05859375 0.068359375