1 0.03515625 0.3984375 0.0048828125 0.005859375
1 0.0703125 0.4013671875 0.005859375 0.0068359375
1 0.107421875 0.404296875 0.005859375 0.0068359375
1 0.146484375 0.4072265625 0.005859375 0.0078125
1 0.1982421875 0.4111328125 0.005859375 0.0078125
1 0.2587890625 0.416015625 0.0068359375 0.0087890625
1 0.337890625 0.4228515625 0.0068359375 0.0087890625
1 0.4267578125 0.4296875 0.0087890625 0.0107421875
1 0.53515625 0.4375 0.009765625 0.01171875
1 0.68359375 0.44921875 0.0107421875 0.0126953125
1 0.880859375 0.46484375 0.0107421875 0.0205078125
2 0.412109375 0.55859375 0.0634765625 0.0673828125
2 0.197265625 0.47265625 0.0322265625 0.03515625
2 0.0078125 0.44921875 0.015625 0.029296875
2 0.0146484375 0.4013671875 0.005859375 0.0078125
2 0.048828125 0.404296875 0.0068359375 0.0087890625
2 0.09375 0.4091796875 0.0078125 0.009765625
2 0.1572265625 0.4150390625 0.0078125 0.0107421875
2 0.2412109375 0.4228515625 0.009765625 0.0126953125
2 0.3330078125 0.4306640625 0.0107421875 0.013671875
2 0.4541015625 0.44140625 0.0126953125 0.0166015625
2 0.626953125 0.45703125 0.015625 0.0185546875
2 0.880859375 0.478515625 0.0224609375 0.0234375