2 0.0908203125 0.4375 0.009765625 0.01171875
2 0.18359375 0.4384765625 0.0078125 0.009765625
2 0.23828125 0.43359375 0.005859375 0.0087890625
2 0.2373046875 0.4365234375 0.005859375 0.0078125
2 0.33203125 0.431640625 0.0029296875 0.0048828125
2 0.384765625 0.43359375 0.0029296875 0.00390625
2 0.439453125 0.4345703125 0.00390625 0.0048828125
2 0.4580078125 0.4365234375 0.00390625 0.005859375
2 0.4638671875 0.4384765625 0.00390625 0.005859375
2 0.470703125 0.439453125 0.0048828125 0.0068359375
2 0.4794921875 0.4423828125 0.005859375 0.0078125
2 0.4931640625 0.4453125 0.005859375 0.0087890625
2 0.5166015625 0.44921875 0.0078125 0.0107421875
2 0.5478515625 0.4560546875 0.009765625 0.013671875
2 0.5966796875 0.4658203125 0.013671875 0.0185546875
2 0.6611328125 0.4775390625 0.01953125 0.0234375
2 0.8154296875 0.5107421875 0.033203125 0.037109375
1 0.197265625 0.4775390625 0.021484375 0.0244140625
1 0.2373046875 0.458984375 0.013671875 0.0166015625
1 0.154296875 0.4501953125 0.01171875 0.013671875
1 0.1494140625 0.4443359375 0.0087890625 0.0126953125
1 0.2255859375 0.4423828125 0.0078125 0.009765625
1 0.3125 0.44140625 0.0068359375 0.0078125
1 0.337890625 0.4404296875 0.0048828125 0.0068359375
1 0.33203125 0.4375 0.00390625 0.005859375
1 0.3115234375 0.435546875 0.00390625 0.005859375
1 0.3056640625 0.43359375 0.00390625 0.005859375
1 0.32421875 0.43359375 0.00390625 0.0048828125
1 0.3603515625 0.43359375 0.001953125 0.0029296875
1 0.3896484375 0.4345703125 0.0029296875 0.00390625
1 0.4052734375 0.435546875 0.00390625 0.0048828125
1 0.41015625 0.4384765625 0.00390625 0.005859375
1 0.4150390625 0.439453125 0.00390625 0.0048828125
1 0.4150390625 0.4443359375 0.0048828125 0.0078125
1 0.4248046875 0.4482421875 0.0068359375 0.0087890625
1 0.4296875 0.455078125 0.0087890625 0.0126953125
1 0.44140625 0.462890625 0.0126953125 0.0166015625
1 0.4599609375 0.4775390625 0.017578125 0.0234375
1 0.4658203125 0.517578125 0.03515625 0.041015625
2 0.279296875 0.431640625 0.00390625 0.005859375