2 0.765625 0.513671875 0.037109375 0.0419921875
2 0.5107421875 0.4794921875 0.01953125 0.0234375
2 0.3583984375 0.46875 0.0146484375 0.017578125
2 0.236328125 0.46484375 0.0126953125 0.015625
2 0.134765625 0.4619140625 0.009765625 0.0126953125
2 0.1103515625 0.45703125 0.0087890625 0.01171875
2 0.1298828125 0.4521484375 0.0068359375 0.0087890625
2 0.1484375 0.44921875 0.005859375 0.0078125
2 0.162109375 0.447265625 0.0048828125 0.0068359375
2 0.173828125 0.4453125 0.00390625 0.005859375
2 0.181640625 0.4443359375 0.0029296875 0.00390625
2 0.1875 0.4423828125 0.0029296875 0.00390625
2 0.193359375 0.44140625 0.001953125 0.00390625
2 0.1982421875 0.4404296875 0.001953125 0.0029296875
2 0.2099609375 0.439453125 0.001953125 0.00390625
2 0.232421875 0.4384765625 0.001953125 0.00390625
2 0.2685546875 0.4375 0.001953125 0.00390625
2 0.3056640625 0.4375 0.001953125 0.0029296875
2 0.3388671875 0.4375 0.001953125 0.0029296875
2 0.3447265625 0.4375 0.0029296875 0.00390625
2 0.341796875 0.4384765625 0.0029296875 0.00390625
2 0.326171875 0.439453125 0.0029296875 0.00390625
2 0.294921875 0.4404296875 0.0029296875 0.0048828125
2 0.267578125 0.4423828125 0.00390625 0.0048828125
2 0.244140625 0.4443359375 0.00390625 0.0068359375
2 0.25390625 0.4453125 0.0048828125 0.0068359375
2 0.291015625 0.4453125 0.0048828125 0.0078125
2 0.34765625 0.447265625 0.0048828125 0.0068359375
2 0.4091796875 0.447265625 0.005859375 0.0078125
2 0.4794921875 0.4482421875 0.0078125 0.009765625
2 0.537109375 0.4521484375 0.0087890625 0.0107421875
2 0.6123046875 0.4580078125 0.01171875 0.0146484375
2 0.7412109375 0.466796875 0.0166015625 0.01953125
2 0.98828125 0.486328125 0.0224609375 0.029296875
1 0.232421875 0.5068359375 0.029296875 0.0341796875
1 0.1708984375 0.482421875 0.0205078125 0.0234375
1 0.0087890625 0.4755859375 0.0166015625 0.0185546875
1 0.0087890625 0.4541015625 0.0087890625 0.0087890625
1 0.044921875 0.451171875 0.0068359375 0.0078125
1 0.08984375 0.4462890625 0.0048828125 0.005859375
1 0.1064453125 0.4443359375 0.00390625 0.0048828125
1 0.1201171875 0.443359375 0.00390625 0.0048828125
1 0.1328125 0.4423828125 0.0029296875 0.00390625
1 0.142578125 0.44140625 0.001953125 0.00390625
1 0.150390625 0.4404296875 0.001953125 0.0029296875
1 0.177734375 0.439453125 0.001953125 0.0029296875
1 0.2138671875 0.4384765625 0.001953125 0.0029296875
1 0.2607421875 0.4375 0.001953125 0.0029296875
1 0.30859375 0.4375 0.001953125 0.0029296875
1 0.3544921875 0.4365234375 0.0029296875 0.00390625
1 0.376953125 0.4365234375 0.001953125 0.0029296875
1 0.390625 0.4375 0.0029296875 0.0029296875
1 0.3984375 0.4384765625 0.0029296875 0.00390625
1 0.380859375 0.4384765625 0.0029296875 0.00390625
1 0.3564453125 0.439453125 0.0029296875 0.0048828125
1 0.318359375 0.443359375 0.00390625 0.005859375
1 0.3515625 0.443359375 0.00390625 0.005859375
1 0.4130859375 0.4443359375 0.0048828125 0.0068359375
1 0.48828125 0.4443359375 0.005859375 0.0078125
1 0.5654296875 0.4453125 0.0078125 0.0087890625
1 0.6279296875 0.4482421875 0.0087890625 0.0107421875
1 0.724609375 0.453125 0.0107421875 0.0126953125
1 0.8642578125 0.4599609375 0.013671875 0.015625