1 0.9755859375 0.466796875 0.005859375 0.0078125
1 0.8876953125 0.46484375 0.0078125 0.009765625
1 0.8291015625 0.4658203125 0.0078125 0.009765625
1 0.802734375 0.4677734375 0.0078125 0.0107421875
1 0.771484375 0.470703125 0.0078125 0.01171875
1 0.6875 0.46875 0.0087890625 0.0126953125
1 0.5693359375 0.4619140625 0.009765625 0.0126953125
1 0.47265625 0.455078125 0.0087890625 0.0107421875
1 0.373046875 0.4482421875 0.0087890625 0.0107421875
1 0.2666015625 0.443359375 0.0087890625 0.0107421875
1 0.1474609375 0.44140625 0.0087890625 0.01171875
1 0.013671875 0.44140625 0.0126953125 0.013671875
2 0.1572265625 0.4658203125 0.017578125 0.021484375
2 0.1337890625 0.453125 0.013671875 0.017578125
2 0.1669921875 0.4482421875 0.01171875 0.0146484375
2 0.2802734375 0.4482421875 0.009765625 0.0126953125
2 0.3935546875 0.4541015625 0.009765625 0.0146484375
2 0.4970703125 0.4619140625 0.0107421875 0.015625
2 0.6328125 0.4716796875 0.013671875 0.0166015625
2 0.767578125 0.48046875 0.0126953125 0.0166015625
2 0.8974609375 0.482421875 0.013671875 0.0146484375
2 0.951171875 0.478515625 0.0107421875 0.0126953125
2 0.9609375 0.4755859375 0.009765625 0.01171875
2 0.9755859375 0.4736328125 0.0087890625 0.0107421875
2 0.6298828125 0.6025390625 0.0478515625 0.041015625
0 0.2919921875 0.4921875 0.0380859375 0.0595703125
0 0.3173828125 0.5 0.0419921875 0.064453125
2 0.302734375 0.505859375 0.0185546875 0.0390625