1 0.6572265625 0.44140625 0.0029296875 0.0048828125
1 0.72265625 0.4423828125 0.0029296875 0.0048828125
1 0.79296875 0.4423828125 0.0048828125 0.0068359375
1 0.8466796875 0.4443359375 0.005859375 0.0068359375
1 0.884765625 0.4453125 0.0068359375 0.0078125
1 0.91796875 0.447265625 0.0068359375 0.0087890625
1 0.9423828125 0.4501953125 0.0087890625 0.009765625
1 0.9794921875 0.4541015625 0.01171875 0.0126953125
1 0.3037109375 0.5068359375 0.03125 0.0361328125
1 0.3876953125 0.4755859375 0.0185546875 0.0224609375
1 0.4189453125 0.462890625 0.01171875 0.015625
1 0.435546875 0.455078125 0.0087890625 0.01171875
1 0.451171875 0.4501953125 0.0068359375 0.009765625
1 0.4580078125 0.4462890625 0.005859375 0.0078125
1 0.46875 0.4453125 0.005859375 0.0068359375
1 0.50390625 0.443359375 0.0048828125 0.0068359375
1 0.54296875 0.4423828125 0.0048828125 0.005859375
1 0.5888671875 0.44140625 0.00390625 0.005859375
2 0.7158203125 0.443359375 0.00390625 0.005859375
2 0.7734375 0.4443359375 0.005859375 0.0068359375
2 0.810546875 0.4453125 0.0048828125 0.0078125
2 0.8154296875 0.447265625 0.005859375 0.0078125
2 0.8349609375 0.451171875 0.0078125 0.0107421875
2 0.8740234375 0.455078125 0.009765625 0.0126953125
2 0.7431640625 0.5029296875 0.0302734375 0.0361328125
2 0.654296875 0.474609375 0.0166015625 0.0224609375
2 0.6103515625 0.4619140625 0.0107421875 0.015625
2 0.583984375 0.4541015625 0.0078125 0.01171875
2 0.5712890625 0.4501953125 0.0068359375 0.009765625
2 0.5625 0.447265625 0.0048828125 0.0078125
2 0.5595703125 0.4453125 0.00390625 0.0068359375
2 0.5947265625 0.443359375 0.00390625 0.005859375
2 0.6494140625 0.443359375 0.00390625 0.005859375