2 0.765625 0.5126953125 0.03515625 0.0380859375
2 0.5908203125 0.482421875 0.0185546875 0.0244140625
2 0.4306640625 0.46875 0.013671875 0.017578125
2 0.3037109375 0.4638671875 0.01171875 0.0146484375
2 0.189453125 0.4619140625 0.0107421875 0.013671875
2 0.0849609375 0.4599609375 0.009765625 0.01171875
2 0.048828125 0.45703125 0.0087890625 0.0107421875
2 0.0556640625 0.453125 0.005859375 0.0087890625
2 0.06640625 0.451171875 0.005859375 0.0078125
2 0.07421875 0.4482421875 0.0048828125 0.005859375
2 0.0810546875 0.4462890625 0.00390625 0.005859375
2 0.0859375 0.4453125 0.00390625 0.0048828125
2 0.08984375 0.4443359375 0.0029296875 0.00390625
2 0.0927734375 0.443359375 0.0048828125 0.0048828125
2 0.0966796875 0.4423828125 0.0029296875 0.00390625
2 0.107421875 0.4423828125 0.0029296875 0.00390625
2 0.1298828125 0.44140625 0.0029296875 0.0048828125
2 0.169921875 0.4404296875 0.001953125 0.00390625
2 0.208984375 0.439453125 0.0029296875 0.0029296875
2 0.2490234375 0.4404296875 0.0029296875 0.0048828125
2 0.234375 0.44140625 0.0029296875 0.00390625
2 0.203125 0.4423828125 0.00390625 0.0048828125
2 0.17578125 0.4443359375 0.00390625 0.0048828125
2 0.1552734375 0.4453125 0.0048828125 0.005859375
2 0.16796875 0.4462890625 0.0048828125 0.0068359375
2 0.208984375 0.447265625 0.0048828125 0.0068359375
2 0.2666015625 0.447265625 0.005859375 0.0078125
2 0.326171875 0.4482421875 0.005859375 0.0078125
2 0.392578125 0.44921875 0.0068359375 0.0087890625
2 0.4443359375 0.451171875 0.0078125 0.009765625
2 0.5068359375 0.455078125 0.0087890625 0.01171875
2 0.6015625 0.4609375 0.01171875 0.0146484375
2 0.744140625 0.46875 0.0166015625 0.01953125
1 0.3017578125 0.51953125 0.0361328125 0.041015625
1 0.2451171875 0.4833984375 0.0185546875 0.0234375
1 0.1611328125 0.4736328125 0.015625 0.017578125
1 0.00390625 0.470703125 0.005859375 0.015625
1 0.005859375 0.447265625 0.00390625 0.005859375
1 0.0166015625 0.4453125 0.00390625 0.0048828125
1 0.02734375 0.4443359375 0.00390625 0.00390625
1 0.0361328125 0.443359375 0.0029296875 0.00390625
1 0.04296875 0.4423828125 0.001953125 0.00390625
1 0.0712890625 0.4423828125 0.0029296875 0.0029296875
1 0.1103515625 0.44140625 0.001953125 0.0029296875
1 0.16015625 0.4404296875 0.0029296875 0.00390625
1 0.2109375 0.439453125 0.001953125 0.0029296875
1 0.2587890625 0.4384765625 0.001953125 0.00390625
1 0.2822265625 0.439453125 0.001953125 0.0029296875
1 0.2958984375 0.439453125 0.001953125 0.0029296875
1 0.306640625 0.439453125 0.0029296875 0.0029296875
1 0.2890625 0.4404296875 0.0029296875 0.00390625
1 0.2646484375 0.44140625 0.0029296875 0.0048828125
1 0.23828125 0.443359375 0.0029296875 0.00390625
1 0.228515625 0.4443359375 0.00390625 0.0048828125
1 0.232421875 0.4453125 0.00390625 0.0048828125
1 0.3271484375 0.4443359375 0.0048828125 0.005859375
1 0.3984375 0.4453125 0.0048828125 0.0068359375
1 0.46875 0.4462890625 0.005859375 0.0078125
1 0.5224609375 0.4482421875 0.0068359375 0.0087890625
1 0.5966796875 0.451171875 0.0078125 0.009765625
1 0.6943359375 0.4560546875 0.0107421875 0.01171875
1 0.8583984375 0.4619140625 0.0146484375 0.015625