2 0.2060546875 0.47265625 0.03125 0.03515625
2 0.4345703125 0.4501953125 0.017578125 0.021484375
2 0.6904296875 0.4677734375 0.0205078125 0.0244140625
2 0.048828125 0.447265625 0.0234375 0.0263671875
2 0.2333984375 0.435546875 0.015625 0.0185546875
2 0.0849609375 0.4248046875 0.013671875 0.0166015625
1 0.1962890625 0.4228515625 0.0107421875 0.0126953125
1 0.9921875 0.4716796875 0.015625 0.01953125
1 0.76171875 0.4580078125 0.0146484375 0.0166015625
2 0.4404296875 0.5478515625 0.0537109375 0.06640625
1 0.33984375 0.431640625 0.01171875 0.013671875
1 0.513671875 0.4423828125 0.01171875 0.0146484375
1 0.087890625 0.416015625 0.0087890625 0.0107421875