2 0.283203125 0.4296875 0.001953125 0.00390625
2 0.3017578125 0.4306640625 0.0029296875 0.00390625
2 0.30859375 0.4306640625 0.0029296875 0.00390625
2 0.31640625 0.4326171875 0.00390625 0.0048828125
2 0.29296875 0.4326171875 0.00390625 0.0048828125
2 0.2783203125 0.43359375 0.00390625 0.005859375
2 0.30078125 0.435546875 0.00390625 0.005859375
2 0.3583984375 0.4375 0.005859375 0.0078125
2 0.404296875 0.439453125 0.005859375 0.0087890625
2 0.3857421875 0.4423828125 0.0068359375 0.009765625
2 0.3349609375 0.4462890625 0.0087890625 0.01171875
2 0.3076171875 0.451171875 0.009765625 0.013671875
2 0.3798828125 0.458984375 0.0126953125 0.015625
2 0.5380859375 0.46875 0.015625 0.0185546875
2 0.7353515625 0.4814453125 0.0224609375 0.02734375
2 0.8857421875 0.525390625 0.0400390625 0.0439453125
2 0.025390625 0.4326171875 0.005859375 0.0078125
2 0.0517578125 0.431640625 0.0048828125 0.0068359375
2 0.0693359375 0.4306640625 0.0048828125 0.0068359375
2 0.0849609375 0.4296875 0.00390625 0.005859375
2 0.0966796875 0.4296875 0.00390625 0.0048828125
2 0.1083984375 0.4287109375 0.0029296875 0.0048828125
2 0.119140625 0.4287109375 0.001953125 0.00390625
2 0.1337890625 0.427734375 0.001953125 0.00390625
2 0.2001953125 0.427734375 0.001953125 0.00390625
1 0.228515625 0.4287109375 0.0029296875 0.00390625
1 0.25 0.4287109375 0.001953125 0.00390625
1 0.2626953125 0.4306640625 0.0029296875 0.00390625
1 0.2724609375 0.431640625 0.0029296875 0.00390625
1 0.2548828125 0.431640625 0.0029296875 0.0048828125
1 0.2119140625 0.431640625 0.00390625 0.005859375
1 0.189453125 0.4326171875 0.00390625 0.005859375
1 0.2021484375 0.43359375 0.0048828125 0.0068359375
1 0.2490234375 0.4365234375 0.0048828125 0.0078125
1 0.287109375 0.439453125 0.005859375 0.0078125
1 0.2568359375 0.4423828125 0.0078125 0.0087890625
1 0.1728515625 0.4443359375 0.009765625 0.01171875
1 0.1162109375 0.44921875 0.0126953125 0.013671875
1 0.1220703125 0.458984375 0.0166015625 0.017578125
1 0.267578125 0.470703125 0.0185546875 0.0224609375
1 0.3828125 0.4931640625 0.0244140625 0.0302734375
1 0.29296875 0.5576171875 0.052734375 0.0654296875
1 0.01171875 0.443359375 0.0107421875 0.01171875
1 0.0556640625 0.4384765625 0.0087890625 0.009765625
1 0.0888671875 0.435546875 0.005859375 0.0078125
1 0.1083984375 0.43359375 0.0048828125 0.0068359375
1 0.1240234375 0.431640625 0.00390625 0.005859375
1 0.134765625 0.4306640625 0.0029296875 0.0048828125
1 0.14453125 0.4296875 0.0029296875 0.00390625
1 0.1533203125 0.4296875 0.001953125 0.00390625
1 0.1591796875 0.4296875 0.001953125 0.00390625
1 0.1923828125 0.4287109375 0.0029296875 0.00390625