1 0.5419921875 0.4580078125 0.0166015625 0.0234375
1 0.5771484375 0.4404296875 0.0126953125 0.015625
1 0.60546875 0.4306640625 0.009765625 0.0126953125
1 0.67578125 0.423828125 0.0078125 0.009765625
1 0.7109375 0.41796875 0.005859375 0.0087890625
1 0.6708984375 0.41796875 0.005859375 0.0078125
1 0.625 0.41796875 0.005859375 0.0078125
1 0.716796875 0.408203125 0.0029296875 0.0048828125
1 0.7490234375 0.4072265625 0.0029296875 0.00390625
2 0.845703125 0.4501953125 0.0234375 0.025390625
2 0.77734375 0.431640625 0.0146484375 0.0205078125
2 0.83984375 0.41796875 0.009765625 0.01171875
2 0.8310546875 0.4140625 0.0078125 0.009765625
2 0.6962890625 0.4150390625 0.005859375 0.0068359375
2 0.74609375 0.4072265625 0.00390625 0.0048828125
1 0.4541015625 0.5126953125 0.037109375 0.0458984375
1 0.609375 0.41796875 0.0048828125 0.0068359375
1 0.615234375 0.4140625 0.00390625 0.0048828125
1 0.6572265625 0.4111328125 0.0029296875 0.0048828125
2 0.6787109375 0.4111328125 0.00390625 0.0048828125
2 0.6845703125 0.4130859375 0.00390625 0.005859375
2 0.703125 0.41015625 0.00390625 0.005859375
2 0.765625 0.4140625 0.005859375 0.0078125
2 0.7919921875 0.4052734375 0.00390625 0.0048828125
2 0.84765625 0.404296875 0.00390625 0.0048828125
1 0.8427734375 0.40234375 0.0029296875 0.0048828125
1 0.7177734375 0.419921875 0.0068359375 0.009765625