1 0.2119140625 0.4111328125 0.00390625 0.005859375
1 0.2841796875 0.4140625 0.00390625 0.005859375
1 0.353515625 0.4169921875 0.00390625 0.005859375
1 0.4013671875 0.419921875 0.0048828125 0.005859375
1 0.43359375 0.4228515625 0.0048828125 0.0068359375
1 0.4599609375 0.42578125 0.005859375 0.0078125
1 0.48046875 0.4296875 0.0068359375 0.0087890625
1 0.509765625 0.43359375 0.0087890625 0.0107421875
1 0.609375 0.44140625 0.0087890625 0.0107421875
1 0.73046875 0.4501953125 0.0107421875 0.0126953125
1 0.927734375 0.4638671875 0.013671875 0.0146484375
1 0.001953125 0.4052734375 0.00390625 0.009765625
1 0.0615234375 0.40625 0.0068359375 0.0078125
1 0.126953125 0.408203125 0.005859375 0.0068359375
2 0.2783203125 0.4150390625 0.0048828125 0.0068359375
2 0.3369140625 0.41796875 0.005859375 0.0078125
2 0.37109375 0.4208984375 0.005859375 0.0078125
2 0.376953125 0.4228515625 0.0068359375 0.0087890625
2 0.3955078125 0.427734375 0.0078125 0.0107421875
2 0.4306640625 0.43359375 0.009765625 0.0126953125
2 0.5537109375 0.443359375 0.0107421875 0.0146484375
2 0.6865234375 0.4541015625 0.0126953125 0.0166015625
2 0.845703125 0.466796875 0.0146484375 0.0185546875
2 0.3271484375 0.5009765625 0.041015625 0.0458984375
2 0.208984375 0.4560546875 0.0244140625 0.02734375
2 0.1513671875 0.4365234375 0.017578125 0.01953125
2 0.1162109375 0.4248046875 0.0126953125 0.0146484375
2 0.0986328125 0.4189453125 0.009765625 0.0126953125
2 0.0849609375 0.4111328125 0.0078125 0.0107421875
2 0.134765625 0.41015625 0.005859375 0.0078125
2 0.203125 0.412109375 0.0048828125 0.0068359375