1 0.00390625 0.41015625 0.005859375 0.0078125
1 0.046875 0.41015625 0.0048828125 0.0078125
1 0.04296875 0.4091796875 0.0048828125 0.0068359375
1 0.0068359375 0.4072265625 0.0048828125 0.005859375
1 0.0009765625 0.40234375 0.001953125 0.00390625
1 0.037109375 0.40234375 0.001953125 0.00390625
1 0.068359375 0.4033203125 0.00390625 0.00390625
1 0.1015625 0.404296875 0.00390625 0.00390625
1 0.14453125 0.40625 0.00390625 0.00390625
1 0.23828125 0.41015625 0.0029296875 0.00390625
1 0.2763671875 0.4111328125 0.0029296875 0.00390625
1 0.3115234375 0.4130859375 0.001953125 0.00390625
1 0.337890625 0.4150390625 0.001953125 0.00390625
1 0.3583984375 0.416015625 0.001953125 0.00390625
1 0.3935546875 0.4189453125 0.0029296875 0.00390625
1 0.421875 0.4208984375 0.0029296875 0.00390625
1 0.466796875 0.423828125 0.00390625 0.005859375
1 0.5048828125 0.427734375 0.00390625 0.005859375
1 0.5146484375 0.4296875 0.0048828125 0.0068359375
1 0.5068359375 0.4306640625 0.0048828125 0.0068359375
1 0.48828125 0.4326171875 0.005859375 0.0087890625
1 0.51953125 0.44140625 0.0087890625 0.01171875
1 0.638671875 0.451171875 0.0107421875 0.0146484375
1 0.8115234375 0.4619140625 0.013671875 0.015625
2 0.326171875 0.5009765625 0.0380859375 0.0439453125
2 0.2119140625 0.462890625 0.025390625 0.0283203125
2 0.1455078125 0.4423828125 0.0166015625 0.0205078125
2 0.107421875 0.431640625 0.0126953125 0.015625
2 0.08203125 0.421875 0.009765625 0.01171875
2 0.068359375 0.416015625 0.0078125 0.0107421875
2 0.080078125 0.4140625 0.0078125 0.0087890625
2 0.1376953125 0.4140625 0.005859375 0.0078125
2 0.1416015625 0.412109375 0.005859375 0.0068359375
2 0.09765625 0.4091796875 0.005859375 0.0078125
2 0.0361328125 0.40625 0.00390625 0.005859375
2 0.0263671875 0.404296875 0.00390625 0.005859375
2 0.0224609375 0.4033203125 0.0029296875 0.0048828125
2 0.05078125 0.404296875 0.0029296875 0.0048828125
2 0.0966796875 0.40625 0.00390625 0.00390625
2 0.1396484375 0.4072265625 0.00390625 0.0048828125
2 0.1865234375 0.4091796875 0.00390625 0.00390625
2 0.232421875 0.41015625 0.0029296875 0.00390625
2 0.9892578125 0.486328125 0.0205078125 0.0234375
2 0.6982421875 0.46875 0.017578125 0.021484375
2 0.505859375 0.453125 0.0146484375 0.0185546875
2 0.341796875 0.4345703125 0.0087890625 0.0126953125
2 0.33984375 0.4287109375 0.005859375 0.0087890625
2 0.37890625 0.4287109375 0.0068359375 0.0087890625
2 0.4072265625 0.427734375 0.005859375 0.0078125
2 0.427734375 0.42578125 0.00390625 0.005859375
2 0.416015625 0.4228515625 0.00390625 0.005859375
2 0.388671875 0.4208984375 0.00390625 0.005859375
2 0.3603515625 0.4189453125 0.00390625 0.0048828125
2 0.33203125 0.4169921875 0.00390625 0.0048828125
2 0.306640625 0.4150390625 0.0029296875 0.0048828125
2 0.2890625 0.4130859375 0.0029296875 0.00390625
2 0.26171875 0.4111328125 0.00390625 0.0048828125