2 0.412109375 0.55859375 0.05078125 0.068359375
2 0.2958984375 0.484375 0.025390625 0.033203125
2 0.3935546875 0.4609375 0.0146484375 0.01953125
2 0.4736328125 0.4541015625 0.0107421875 0.013671875
2 0.462890625 0.447265625 0.0078125 0.0107421875
2 0.3974609375 0.4384765625 0.0068359375 0.0087890625
2 0.3583984375 0.43359375 0.005859375 0.0078125
2 0.36328125 0.431640625 0.0048828125 0.0068359375
2 0.3935546875 0.4326171875 0.0048828125 0.0068359375
2 0.447265625 0.435546875 0.00390625 0.005859375
2 0.5 0.4404296875 0.0048828125 0.0078125
2 0.5634765625 0.4462890625 0.005859375 0.0078125
2 0.6572265625 0.455078125 0.0068359375 0.0087890625
2 0.8017578125 0.4677734375 0.0078125 0.0107421875
2 0.94140625 0.482421875 0.009765625 0.0126953125
1 0.9921875 0.4814453125 0.0087890625 0.0107421875
1 0.8515625 0.46875 0.0078125 0.0087890625
1 0.734375 0.458984375 0.005859375 0.0087890625
1 0.5751953125 0.4443359375 0.0048828125 0.005859375
1 0.419921875 0.431640625 0.00390625 0.0048828125
1 0.3349609375 0.4267578125 0.0048828125 0.005859375
1 0.2822265625 0.4248046875 0.005859375 0.0068359375
1 0.2421875 0.4248046875 0.005859375 0.0078125
1 0.24609375 0.4287109375 0.0087890625 0.009765625
1 0.2998046875 0.4365234375 0.009765625 0.01171875
1 0.283203125 0.44140625 0.0107421875 0.0146484375
1 0.1318359375 0.44140625 0.017578125 0.0185546875
1 0.6376953125 0.4501953125 0.0048828125 0.0068359375