1 0.541015625 0.42578125 0.0029296875 0.0048828125
1 0.5673828125 0.427734375 0.0029296875 0.00390625
1 0.6025390625 0.4306640625 0.0029296875 0.0048828125
1 0.6474609375 0.4326171875 0.00390625 0.005859375
1 0.6953125 0.4365234375 0.0048828125 0.0068359375
1 0.7490234375 0.44140625 0.0048828125 0.005859375
1 0.775390625 0.4443359375 0.0068359375 0.0087890625
1 0.7998046875 0.447265625 0.0078125 0.0087890625
1 0.8486328125 0.4521484375 0.0078125 0.0087890625
1 0.9453125 0.4580078125 0.0087890625 0.0107421875
1 0.041015625 0.4501953125 0.0234375 0.0244140625
1 0.0947265625 0.4365234375 0.015625 0.017578125
1 0.1318359375 0.427734375 0.0107421875 0.0126953125
1 0.173828125 0.423828125 0.0078125 0.009765625
1 0.220703125 0.4228515625 0.0068359375 0.0087890625
1 0.279296875 0.423828125 0.005859375 0.0078125
1 0.3408203125 0.423828125 0.0048828125 0.0068359375
1 0.3837890625 0.423828125 0.00390625 0.005859375
1 0.3603515625 0.419921875 0.00390625 0.0048828125
1 0.328125 0.41796875 0.00390625 0.0048828125
1 0.5205078125 0.4248046875 0.001953125 0.00390625
1 0.5009765625 0.4228515625 0.001953125 0.00390625
1 0.4833984375 0.421875 0.001953125 0.00390625
1 0.4521484375 0.4189453125 0.001953125 0.0029296875
1 0.384765625 0.416015625 0.001953125 0.001953125
1 0.34765625 0.4150390625 0.001953125 0.0029296875
1 0.3173828125 0.4140625 0.001953125 0.0029296875
1 0.28515625 0.4130859375 0.0029296875 0.00390625
1 0.2490234375 0.412109375 0.001953125 0.00390625
1 0.216796875 0.412109375 0.00390625 0.0048828125
1 0.193359375 0.4111328125 0.00390625 0.0048828125
1 0.1884765625 0.41015625 0.0029296875 0.0048828125
1 0.2529296875 0.4150390625 0.0029296875 0.00390625
1 0.294921875 0.416015625 0.0029296875 0.0048828125
2 0.4296875 0.4189453125 0.001953125 0.00390625
2 0.4423828125 0.419921875 0.0029296875 0.00390625
2 0.45703125 0.421875 0.0029296875 0.00390625
2 0.474609375 0.4228515625 0.0029296875 0.0048828125
2 0.515625 0.42578125 0.00390625 0.0048828125
2 0.544921875 0.4287109375 0.0029296875 0.005859375
2 0.5859375 0.431640625 0.00390625 0.005859375
2 0.6318359375 0.4345703125 0.0048828125 0.0068359375
2 0.666015625 0.4384765625 0.005859375 0.0078125
2 0.6796875 0.4423828125 0.0068359375 0.0087890625
2 0.7451171875 0.44921875 0.0087890625 0.0107421875
2 0.8974609375 0.4599609375 0.0107421875 0.0126953125
2 0.4072265625 0.41796875 0.001953125 0.0029296875
2 0.3720703125 0.4169921875 0.001953125 0.0029296875
2 0.3359375 0.4150390625 0.0029296875 0.00390625
2 0.2958984375 0.4140625 0.001953125 0.00390625
2 0.259765625 0.4130859375 0.0029296875 0.00390625
2 0.2392578125 0.412109375 0.0029296875 0.00390625
2 0.2431640625 0.4130859375 0.0029296875 0.00390625
2 0.26953125 0.4140625 0.0029296875 0.00390625
2 0.3095703125 0.416015625 0.0029296875 0.0048828125
2 0.3515625 0.41796875 0.0029296875 0.00390625
2 0.392578125 0.4208984375 0.0029296875 0.0048828125
2 0.4228515625 0.4228515625 0.00390625 0.0048828125
2 0.443359375 0.423828125 0.00390625 0.005859375
2 0.4599609375 0.42578125 0.00390625 0.005859375
2 0.4560546875 0.427734375 0.0048828125 0.0068359375
2 0.4208984375 0.427734375 0.005859375 0.0068359375
2 0.3798828125 0.427734375 0.005859375 0.0078125
2 0.322265625 0.4287109375 0.0068359375 0.0087890625
2 0.2880859375 0.4306640625 0.0078125 0.0107421875
2 0.2958984375 0.4345703125 0.009765625 0.0126953125
2 0.31640625 0.443359375 0.0126953125 0.015625
2 0.357421875 0.4599609375 0.0185546875 0.0224609375
2 0.4638671875 0.505859375 0.037109375 0.0419921875
0 0.4892578125 0.421875 0.0029296875 0.0078125
0 0.4921875 0.4228515625 0.0048828125 0.0078125
0 0.5390625 0.4248046875 0.00390625 0.0087890625
0 0.54296875 0.4248046875 0.0048828125 0.009765625