1 0.7431640625 0.515625 0.04296875 0.0517578125
1 0.6591796875 0.466796875 0.0234375 0.02734375
1 0.5859375 0.4462890625 0.0146484375 0.017578125
1 0.6015625 0.435546875 0.01171875 0.013671875
1 0.6416015625 0.4296875 0.0087890625 0.01171875
1 0.6982421875 0.423828125 0.0078125 0.0087890625
1 0.7412109375 0.419921875 0.005859375 0.0087890625
1 0.7041015625 0.4189453125 0.005859375 0.0078125
1 0.677734375 0.41796875 0.005859375 0.0068359375
1 0.69921875 0.416015625 0.00390625 0.005859375
1 0.7412109375 0.4130859375 0.0048828125 0.0068359375
1 0.80078125 0.41015625 0.00390625 0.005859375
2 0.9814453125 0.4609375 0.03125 0.03125
2 0.8037109375 0.44140625 0.0166015625 0.0205078125
2 0.7490234375 0.43359375 0.0126953125 0.015625
2 0.7763671875 0.427734375 0.0107421875 0.013671875
2 0.8203125 0.4208984375 0.0087890625 0.01171875
2 0.84375 0.4169921875 0.0078125 0.009765625
2 0.796875 0.4150390625 0.0068359375 0.009765625
2 0.8515625 0.41015625 0.005859375 0.0078125
2 0.9345703125 0.4072265625 0.0068359375 0.0087890625
1 0.94921875 0.4052734375 0.0048828125 0.005859375
1 0.876953125 0.4072265625 0.0048828125 0.005859375