1 0.1396484375 0.412109375 0.0048828125 0.005859375
1 0.2060546875 0.416015625 0.0048828125 0.005859375
1 0.259765625 0.419921875 0.0048828125 0.0068359375
1 0.3408203125 0.4248046875 0.00390625 0.005859375
1 0.4130859375 0.4287109375 0.005859375 0.0078125
1 0.44921875 0.4326171875 0.0068359375 0.0087890625
1 0.4697265625 0.4365234375 0.0078125 0.0107421875
1 0.5 0.443359375 0.009765625 0.0126953125
1 0.5517578125 0.453125 0.0126953125 0.015625
1 0.705078125 0.4658203125 0.015625 0.0185546875
1 0.9609375 0.4814453125 0.01953125 0.0205078125
2 0.6259765625 0.591796875 0.056640625 0.0625
2 0.05859375 0.5009765625 0.04296875 0.0478515625
2 0.6806640625 0.484375 0.0224609375 0.0283203125
2 0.447265625 0.4638671875 0.01953125 0.0224609375
2 0.34375 0.4482421875 0.0126953125 0.0185546875
2 0.3466796875 0.4345703125 0.0078125 0.01171875
2 0.3359375 0.4296875 0.0068359375 0.0087890625
2 0.291015625 0.4248046875 0.0068359375 0.0087890625
2 0.2333984375 0.4208984375 0.0068359375 0.0078125
2 0.1748046875 0.41796875 0.005859375 0.0068359375
2 0.1171875 0.4140625 0.005859375 0.0068359375
2 0.0615234375 0.4111328125 0.0048828125 0.0068359375
2 0.021484375 0.4091796875 0.0048828125 0.005859375