1 0.7861328125 0.4638671875 0.02734375 0.03125
1 0.8798828125 0.4287109375 0.013671875 0.0166015625
1 0.9013671875 0.419921875 0.0107421875 0.0126953125
1 0.9169921875 0.4130859375 0.0087890625 0.0107421875
1 0.6337890625 0.435546875 0.01171875 0.015625
0 0.8388671875 0.435546875 0.0205078125 0.03515625
0 0.8525390625 0.4326171875 0.01953125 0.03515625
1 0.6328125 0.5234375 0.048828125 0.0576171875
2 0.0771484375 0.4501953125 0.0126953125 0.015625
1 0.7255859375 0.4228515625 0.0078125 0.0126953125
1 0.849609375 0.4404296875 0.0166015625 0.0205078125
1 0.9306640625 0.4091796875 0.0078125 0.0068359375
1 0.9482421875 0.4072265625 0.005859375 0.0078125
1 0.966796875 0.4013671875 0.00390625 0.0048828125