2 0.67578125 0.5029296875 0.029296875 0.033203125
1 0.1015625 0.5107421875 0.0322265625 0.033203125
2 0.427734375 0.4853515625 0.01953125 0.0234375
2 0.9365234375 0.458984375 0.0107421875 0.0126953125
2 0.2314453125 0.478515625 0.0146484375 0.0185546875
2 0.26171875 0.45703125 0.0078125 0.009765625
2 0.212890625 0.4677734375 0.009765625 0.013671875
1 0.0390625 0.4677734375 0.01171875 0.0126953125
1 0.2568359375 0.5283203125 0.037109375 0.04296875
1 0.0654296875 0.4638671875 0.0107421875 0.0107421875
1 0.2353515625 0.455078125 0.0068359375 0.0078125
1 0.287109375 0.453125 0.005859375 0.0078125
2 0.48046875 0.451171875 0.005859375 0.0078125
1 0.1083984375 0.4599609375 0.0087890625 0.009765625
2 0.3369140625 0.455078125 0.005859375 0.0087890625
1 0.17578125 0.45703125 0.0068359375 0.0087890625
2 0.62890625 0.451171875 0.005859375 0.0087890625
1 0.00390625 0.47607421875 0.0078125 0.0166015625
2 0.7060546875 0.4521484375 0.0068359375 0.0087890625
1 0.4658203125 0.44921875 0.0048828125 0.0068359375
2 0.5625 0.451171875 0.005859375 0.0078125
1 0.552734375 0.4482421875 0.0048828125 0.0068359375
2 0.7861328125 0.455078125 0.0078125 0.0107421875
2 0.404296875 0.453125 0.005859375 0.0078125
2 0.208984375 0.4619140625 0.0078125 0.009765625
1 0.6240234375 0.4482421875 0.00390625 0.005859375
1 0.876953125 0.451171875 0.0078125 0.0087890625
1 0.291015625 0.5703125 0.052734375 0.05859375
1 0.3369140625 0.4501953125 0.0048828125 0.0048828125