1 0.0498046875 0.4423828125 0.01953125 0.0205078125
1 0.1162109375 0.4345703125 0.015625 0.0166015625
1 0.1884765625 0.4306640625 0.0126953125 0.013671875
1 0.28125 0.4296875 0.009765625 0.0107421875
1 0.3564453125 0.4306640625 0.0087890625 0.0107421875
1 0.4208984375 0.4326171875 0.0087890625 0.009765625
1 0.482421875 0.43359375 0.0068359375 0.0087890625
1 0.56640625 0.4365234375 0.0068359375 0.0087890625
1 0.6484375 0.439453125 0.0068359375 0.0087890625
1 0.7705078125 0.4443359375 0.0068359375 0.0087890625
1 0.8857421875 0.451171875 0.0078125 0.009765625
2 0.310546875 0.5322265625 0.046875 0.0576171875
2 0.3046875 0.462890625 0.0205078125 0.025390625
2 0.314453125 0.44140625 0.0126953125 0.0166015625
2 0.388671875 0.4375 0.0107421875 0.013671875
2 0.4892578125 0.4384765625 0.0087890625 0.0107421875
2 0.578125 0.4404296875 0.0087890625 0.0107421875
2 0.681640625 0.4443359375 0.0087890625 0.0107421875
2 0.8056640625 0.451171875 0.0087890625 0.0107421875
2 0.927734375 0.458984375 0.0107421875 0.0126953125