1 0.35546875 0.423828125 0.0048828125 0.0078125
1 0.4609375 0.4287109375 0.0048828125 0.0068359375
1 0.572265625 0.4345703125 0.005859375 0.0078125
1 0.6669921875 0.44140625 0.0078125 0.009765625
1 0.7529296875 0.44921875 0.009765625 0.0126953125
1 0.8681640625 0.4609375 0.01171875 0.013671875
1 0.03515625 0.4228515625 0.0126953125 0.0166015625
1 0.140625 0.4208984375 0.0107421875 0.0126953125
1 0.236328125 0.4208984375 0.0087890625 0.0107421875
2 0.48046875 0.43359375 0.0078125 0.0107421875
2 0.5859375 0.4404296875 0.0087890625 0.0107421875
2 0.6748046875 0.4482421875 0.009765625 0.013671875
2 0.740234375 0.4609375 0.013671875 0.0166015625
2 0.9052734375 0.48828125 0.0224609375 0.0263671875
2 0.326171875 0.4921875 0.029296875 0.0400390625
2 0.232421875 0.4501953125 0.0185546875 0.0224609375
2 0.201171875 0.435546875 0.0146484375 0.0185546875
2 0.26953125 0.4296875 0.0107421875 0.013671875
2 0.3662109375 0.4296875 0.0078125 0.01171875