2 0.7724609375 0.53515625 0.044921875 0.05078125
2 0.5546875 0.490234375 0.0205078125 0.02734375
2 0.4365234375 0.4677734375 0.01171875 0.0146484375
2 0.826171875 0.4560546875 0.0087890625 0.0107421875
1 0.20703125 0.53125 0.037109375 0.04296875
1 0.3271484375 0.46484375 0.009765625 0.0126953125
2 0.5673828125 0.458984375 0.0087890625 0.01171875
2 0.4775390625 0.462890625 0.0087890625 0.01171875
2 0.97265625 0.4560546875 0.009765625 0.0126953125
1 0.259765625 0.470703125 0.0126953125 0.0146484375
1 0.4873046875 0.45703125 0.0078125 0.0087890625
2 0.685546875 0.45703125 0.0078125 0.0107421875
1 0.2158203125 0.48046875 0.0126953125 0.0185546875
1 0.580078125 0.455078125 0.0078125 0.0087890625
1 0.87890625 0.4521484375 0.0087890625 0.0087890625
1 0.6806640625 0.453125 0.005859375 0.0087890625
1 0.7802734375 0.4521484375 0.0078125 0.0087890625
2 0.45703125 0.4765625 0.0146484375 0.0185546875
1 0.3955078125 0.4599609375 0.0087890625 0.0107421875
1 0.2216796875 0.4951171875 0.0205078125 0.0234375