1 0.2421875 0.431640625 0.0107421875 0.0126953125
1 0.259765625 0.427734375 0.0078125 0.009765625
1 0.2734375 0.423828125 0.005859375 0.0078125
1 0.2841796875 0.421875 0.0048828125 0.0078125
1 0.2939453125 0.419921875 0.0048828125 0.005859375
1 0.306640625 0.4189453125 0.00390625 0.005859375
1 0.3427734375 0.419921875 0.00390625 0.0048828125
1 0.365234375 0.4189453125 0.0029296875 0.0048828125
1 0.345703125 0.41796875 0.0029296875 0.00390625
1 0.3203125 0.4169921875 0.0029296875 0.00390625
1 0.3115234375 0.416015625 0.0029296875 0.00390625
1 0.3134765625 0.4150390625 0.0029296875 0.00390625
1 0.3154296875 0.4150390625 0.00390625 0.00390625
1 0.326171875 0.4150390625 0.001953125 0.0029296875
1 0.3466796875 0.4150390625 0.001953125 0.0029296875
1 0.3671875 0.416015625 0.001953125 0.0029296875
1 0.3876953125 0.4169921875 0.001953125 0.0029296875
1 0.4091796875 0.41796875 0.001953125 0.0029296875
1 0.4375 0.4189453125 0.001953125 0.0029296875
1 0.50390625 0.421875 0.001953125 0.0029296875
1 0.5322265625 0.4228515625 0.001953125 0.0029296875
1 0.55859375 0.4248046875 0.001953125 0.0029296875
1 0.578125 0.4267578125 0.001953125 0.0029296875
1 0.5908203125 0.427734375 0.001953125 0.00390625
1 0.6142578125 0.4287109375 0.001953125 0.00390625
1 0.6337890625 0.4306640625 0.001953125 0.00390625
1 0.6650390625 0.4326171875 0.0029296875 0.00390625
1 0.6884765625 0.4365234375 0.00390625 0.005859375
1 0.669921875 0.4365234375 0.00390625 0.0048828125
1 0.640625 0.4365234375 0.0048828125 0.005859375
1 0.6259765625 0.439453125 0.005859375 0.0078125
1 0.6845703125 0.4453125 0.0078125 0.0087890625
1 0.7880859375 0.453125 0.009765625 0.0107421875
1 0.21484375 0.4384765625 0.013671875 0.0166015625
1 0.1640625 0.4501953125 0.0205078125 0.0224609375
1 0.072265625 0.4736328125 0.03125 0.03515625
1 0.921875 0.4619140625 0.0107421875 0.0126953125
2 0.5908203125 0.576171875 0.0625 0.0732421875
2 0.4609375 0.482421875 0.0263671875 0.03125
2 0.4228515625 0.45703125 0.0166015625 0.0205078125
2 0.404296875 0.4443359375 0.0107421875 0.0146484375
2 0.3955078125 0.4375 0.0087890625 0.01171875
2 0.384765625 0.4326171875 0.0068359375 0.009765625
2 0.37890625 0.4287109375 0.005859375 0.0078125
2 0.3740234375 0.42578125 0.00390625 0.005859375
2 0.37109375 0.4228515625 0.00390625 0.005859375
2 0.380859375 0.421875 0.00390625 0.005859375
2 0.41796875 0.4228515625 0.00390625 0.0048828125
2 0.4228515625 0.421875 0.0029296875 0.0048828125
2 0.3984375 0.419921875 0.0029296875 0.0048828125
2 0.36328125 0.41796875 0.0029296875 0.00390625
2 0.359375 0.4169921875 0.001953125 0.00390625
2 0.3759765625 0.4169921875 0.001953125 0.0029296875
2 0.4052734375 0.41796875 0.001953125 0.0029296875
2 0.4326171875 0.4189453125 0.001953125 0.0029296875
2 0.46484375 0.419921875 0.0029296875 0.00390625
2 0.4970703125 0.421875 0.001953125 0.0029296875
2 0.8076171875 0.4609375 0.0126953125 0.0146484375
2 0.6533203125 0.44921875 0.009765625 0.0126953125
2 0.5703125 0.44140625 0.0078125 0.0107421875
2 0.5126953125 0.43359375 0.005859375 0.0078125
2 0.5244140625 0.4326171875 0.0048828125 0.0078125
2 0.5595703125 0.4326171875 0.0048828125 0.0068359375
2 0.5908203125 0.4326171875 0.00390625 0.005859375
2 0.6171875 0.4326171875 0.00390625 0.005859375
2 0.599609375 0.4296875 0.00390625 0.0048828125
2 0.5810546875 0.4287109375 0.0029296875 0.00390625
2 0.564453125 0.4267578125 0.0029296875 0.00390625
2 0.5478515625 0.4248046875 0.0029296875 0.00390625
2 0.5361328125 0.423828125 0.001953125 0.00390625
2 0.5185546875 0.4228515625 0.0029296875 0.00390625