1 0.0380859375 0.412109375 0.0068359375 0.0087890625
1 0.080078125 0.412109375 0.005859375 0.0078125
1 0.0419921875 0.41015625 0.0048828125 0.0068359375
1 0.001953125 0.40234375 0.0029296875 0.005859375
1 0.0361328125 0.4033203125 0.00390625 0.00390625
1 0.0712890625 0.404296875 0.0029296875 0.00390625
1 0.103515625 0.4052734375 0.00390625 0.0048828125
1 0.1357421875 0.4072265625 0.00390625 0.00390625
1 0.1787109375 0.408203125 0.0029296875 0.0048828125
1 0.271484375 0.4111328125 0.0029296875 0.00390625
1 0.3095703125 0.4130859375 0.001953125 0.00390625
1 0.3720703125 0.4169921875 0.001953125 0.00390625
1 0.3935546875 0.41796875 0.001953125 0.00390625
1 0.4619140625 0.4228515625 0.0029296875 0.00390625
1 0.509765625 0.4267578125 0.00390625 0.0048828125
1 0.55078125 0.4296875 0.00390625 0.005859375
1 0.564453125 0.4326171875 0.0048828125 0.005859375
1 0.55859375 0.4345703125 0.0048828125 0.0078125
1 0.5439453125 0.4365234375 0.0068359375 0.009765625
1 0.529296875 0.4404296875 0.0087890625 0.01171875
1 0.5908203125 0.447265625 0.0107421875 0.0126953125
1 0.7373046875 0.4599609375 0.013671875 0.0166015625
1 0.9501953125 0.474609375 0.017578125 0.0185546875
2 0.4716796875 0.5537109375 0.0537109375 0.0654296875
2 0.19140625 0.4521484375 0.0185546875 0.0234375
2 0.146484375 0.4365234375 0.013671875 0.017578125
2 0.1181640625 0.42578125 0.0107421875 0.013671875
2 0.103515625 0.419921875 0.0087890625 0.0107421875
2 0.1162109375 0.4169921875 0.0068359375 0.009765625
2 0.173828125 0.4169921875 0.005859375 0.0078125
2 0.177734375 0.4140625 0.005859375 0.0078125
2 0.1318359375 0.412109375 0.0048828125 0.0068359375
2 0.0712890625 0.4091796875 0.00390625 0.0068359375
2 0.0625 0.40625 0.00390625 0.005859375
2 0.05859375 0.4052734375 0.00390625 0.0048828125
2 0.0859375 0.40625 0.00390625 0.0048828125
2 0.1318359375 0.4072265625 0.00390625 0.0048828125
2 0.173828125 0.4091796875 0.00390625 0.00390625
2 0.220703125 0.41015625 0.00390625 0.00390625
2 0.265625 0.412109375 0.0029296875 0.00390625
2 0.8505859375 0.4853515625 0.0224609375 0.025390625
2 0.5986328125 0.4638671875 0.017578125 0.0205078125
2 0.4638671875 0.4482421875 0.0126953125 0.0166015625
2 0.3955078125 0.439453125 0.0087890625 0.013671875
2 0.388671875 0.43359375 0.0087890625 0.0107421875
2 0.4267578125 0.431640625 0.0078125 0.009765625
2 0.4541015625 0.4306640625 0.005859375 0.0078125
2 0.47265625 0.4287109375 0.0048828125 0.0068359375
2 0.458984375 0.42578125 0.00390625 0.005859375
2 0.4287109375 0.423828125 0.00390625 0.005859375
2 0.3974609375 0.4208984375 0.00390625 0.0048828125
2 0.3681640625 0.4189453125 0.0029296875 0.0048828125
2 0.341796875 0.4169921875 0.0029296875 0.00390625
2 0.3232421875 0.4150390625 0.0029296875 0.00390625
2 0.2958984375 0.4140625 0.0029296875 0.00390625
0 0.2724609375 0.46875 0.033203125 0.0576171875
0 0.296875 0.474609375 0.0419921875 0.060546875
2 0.2802734375 0.48046875 0.033203125 0.037109375