1 0.904296875 0.4375 0.017578125 0.01953125
1 0.888671875 0.4599609375 0.025390625 0.02734375
1 0.7490234375 0.5087890625 0.041015625 0.0498046875
2 0.9619140625 0.4208984375 0.0107421875 0.013671875
1 0.6552734375 0.4248046875 0.0078125 0.009765625
1 0.5654296875 0.4248046875 0.0048828125 0.0068359375
1 0.5947265625 0.4248046875 0.005859375 0.0078125
1 0.7607421875 0.42578125 0.0087890625 0.0107421875
2 0.9658203125 0.4111328125 0.0068359375 0.0087890625
1 0.8330078125 0.4287109375 0.01171875 0.013671875
1 0.5751953125 0.4189453125 0.00390625 0.0048828125
1 0.5693359375 0.4208984375 0.00390625 0.005859375
2 0.6787109375 0.4208984375 0.0068359375 0.0078125
2 0.908203125 0.41015625 0.005859375 0.0078125
2 0.75390625 0.419921875 0.0068359375 0.0087890625
2 0.6484375 0.419921875 0.0048828125 0.0068359375
2 0.845703125 0.419921875 0.0087890625 0.0107421875
1 0.5791015625 0.4169921875 0.0029296875 0.00390625
1 0.9921875 0.40625 0.005859375 0.0068359375
2 0.783203125 0.4111328125 0.00390625 0.005859375
1 0.9111328125 0.4072265625 0.005859375 0.0068359375
2 0.732421875 0.412109375 0.00390625 0.005859375
1 0.8359375 0.4091796875 0.00390625 0.005859375
2 0.6396484375 0.41796875 0.00390625 0.0068359375
2 0.650390625 0.41015625 0.001953125 0.00390625
2 0.7138671875 0.41015625 0.0029296875 0.00390625
2 0.6982421875 0.4130859375 0.00390625 0.0048828125
2 0.6865234375 0.4130859375 0.0029296875 0.0048828125
2 0.7373046875 0.408203125 0.001953125 0.00390625
2 0.6826171875 0.412109375 0.0029296875 0.00390625
1 0.740234375 0.41015625 0.0029296875 0.00390625
1 0.77734375 0.41015625 0.0029296875 0.0048828125
2 0.6962890625 0.4111328125 0.0029296875 0.00390625
2 0.83984375 0.41015625 0.0048828125 0.005859375
1 0.7666015625 0.408203125 0.001953125 0.00390625
1 0.74609375 0.4111328125 0.0029296875 0.00390625
2 0.6796875 0.4091796875 0.001953125 0.0029296875
2 0.6357421875 0.412109375 0.0029296875 0.0048828125
1 0.787109375 0.40625 0.001953125 0.0029296875
2 0.748046875 0.4072265625 0.001953125 0.00390625
1 0.6708984375 0.4091796875 0.001953125 0.0029296875
1 0.587890625 0.4150390625 0.0029296875 0.00390625
2 0.630859375 0.412109375 0.001953125 0.00390625
2 0.63671875 0.4150390625 0.00390625 0.0048828125
1 0.58984375 0.4140625 0.001953125 0.0029296875
2 0.7412109375 0.40625 0.001953125 0.0029296875
1 0.583984375 0.416015625 0.0029296875 0.00390625
1 0.59375 0.4130859375 0.001953125 0.0029296875
2 0.7109375 0.408203125 0.001953125 0.0029296875
1 0.7919921875 0.4052734375 0.001953125 0.0029296875
1 0.6103515625 0.412109375 0.001953125 0.0029296875
1 0.7529296875 0.40625 0.001953125 0.0029296875
1 0.77734375 0.4072265625 0.001953125 0.00390625
1 0.802734375 0.4052734375 0.001953125 0.0029296875