2 0.8642578125 0.5458984375 0.0517578125 0.056640625
2 0.61328125 0.4931640625 0.0224609375 0.0302734375
2 0.4287109375 0.4736328125 0.0166015625 0.01953125
2 0.291015625 0.466796875 0.0126953125 0.015625
2 0.1708984375 0.4638671875 0.01171875 0.0146484375
2 0.0634765625 0.4609375 0.009765625 0.0126953125
2 0.033203125 0.45703125 0.0087890625 0.0107421875
2 0.0458984375 0.453125 0.0068359375 0.0087890625
2 0.0615234375 0.4501953125 0.005859375 0.0078125
2 0.0732421875 0.4482421875 0.0048828125 0.0068359375
2 0.0830078125 0.4462890625 0.00390625 0.005859375
2 0.0908203125 0.4453125 0.0029296875 0.0048828125
2 0.095703125 0.4443359375 0.0029296875 0.00390625
2 0.1005859375 0.4423828125 0.0029296875 0.00390625
2 0.10546875 0.44140625 0.001953125 0.00390625
2 0.1171875 0.44140625 0.001953125 0.00390625
2 0.140625 0.4404296875 0.001953125 0.00390625
2 0.1806640625 0.439453125 0.001953125 0.00390625
2 0.2197265625 0.439453125 0.001953125 0.0029296875
2 0.2548828125 0.439453125 0.001953125 0.0029296875
2 0.26171875 0.439453125 0.001953125 0.00390625
2 0.2587890625 0.439453125 0.001953125 0.00390625
2 0.2421875 0.4404296875 0.0029296875 0.00390625
2 0.2109375 0.4423828125 0.0029296875 0.0048828125
2 0.1826171875 0.443359375 0.00390625 0.005859375
2 0.1591796875 0.4453125 0.00390625 0.0068359375
2 0.169921875 0.4462890625 0.0048828125 0.0068359375
2 0.2109375 0.447265625 0.0048828125 0.0068359375
2 0.26953125 0.447265625 0.005859375 0.0078125
2 0.3310546875 0.4482421875 0.005859375 0.0078125
2 0.3994140625 0.44921875 0.0068359375 0.0087890625
2 0.453125 0.4521484375 0.0078125 0.0107421875
2 0.5185546875 0.45703125 0.0107421875 0.0126953125
2 0.623046875 0.4638671875 0.013671875 0.015625
2 0.7939453125 0.474609375 0.01953125 0.0224609375
1 0.216796875 0.5556640625 0.048828125 0.05859375
1 0.2001953125 0.4931640625 0.0234375 0.02734375
1 0.1240234375 0.478515625 0.0185546875 0.0205078125
1 0.0078125 0.4462890625 0.00390625 0.005859375
1 0.021484375 0.4443359375 0.00390625 0.0048828125
1 0.033203125 0.443359375 0.0029296875 0.00390625
1 0.0439453125 0.4423828125 0.0029296875 0.00390625
1 0.0517578125 0.4423828125 0.001953125 0.0029296875
1 0.0810546875 0.44140625 0.001953125 0.0029296875
1 0.12109375 0.4404296875 0.001953125 0.0029296875
1 0.1708984375 0.439453125 0.001953125 0.0029296875
1 0.22265625 0.4384765625 0.001953125 0.0029296875
1 0.2705078125 0.4375 0.001953125 0.0029296875
1 0.2939453125 0.4384765625 0.001953125 0.00390625
1 0.3076171875 0.4384765625 0.0029296875 0.00390625
1 0.3173828125 0.439453125 0.0029296875 0.00390625
1 0.298828125 0.4404296875 0.0029296875 0.00390625
1 0.2734375 0.4404296875 0.0029296875 0.00390625
1 0.2451171875 0.4423828125 0.0029296875 0.0048828125
1 0.234375 0.443359375 0.00390625 0.005859375
1 0.2373046875 0.4443359375 0.00390625 0.005859375
1 0.271484375 0.4443359375 0.00390625 0.005859375
1 0.333984375 0.4453125 0.0048828125 0.0068359375
1 0.4072265625 0.4453125 0.005859375 0.0078125
1 0.48046875 0.4462890625 0.0068359375 0.0078125
1 0.5361328125 0.44921875 0.0078125 0.0087890625
1 0.6171875 0.453125 0.0078125 0.0107421875
1 0.7265625 0.4580078125 0.0107421875 0.013671875
1 0.921875 0.466796875 0.0166015625 0.0185546875