1 0.3623046875 0.53125 0.0400390625 0.0478515625
1 0.484375 0.4892578125 0.0205078125 0.0263671875
1 0.3681640625 0.4755859375 0.017578125 0.021484375
1 0.3046875 0.4658203125 0.013671875 0.0166015625
1 0.3525390625 0.458984375 0.0107421875 0.013671875
1 0.4267578125 0.4541015625 0.0087890625 0.01171875
1 0.515625 0.4501953125 0.0078125 0.009765625
1 0.619140625 0.44921875 0.0068359375 0.009765625
1 0.71484375 0.44921875 0.0078125 0.009765625
1 0.794921875 0.44921875 0.0078125 0.0087890625
1 0.904296875 0.451171875 0.0087890625 0.0107421875
2 0.8896484375 0.53515625 0.0458984375 0.0517578125
2 0.7373046875 0.4833984375 0.0224609375 0.025390625
2 0.576171875 0.470703125 0.0166015625 0.01953125
2 0.5419921875 0.4599609375 0.0107421875 0.0146484375
2 0.611328125 0.4541015625 0.009765625 0.0126953125
2 0.7353515625 0.4541015625 0.0107421875 0.0126953125
2 0.84375 0.4560546875 0.01171875 0.013671875
2 0.98046875 0.4619140625 0.015625 0.0166015625