1 0.2509765625 0.580078125 0.05859375 0.0712890625
1 0.158203125 0.5087890625 0.03125 0.03515625
1 0.099609375 0.4873046875 0.021484375 0.0244140625
1 0.0478515625 0.47265625 0.017578125 0.0185546875
1 0.1484375 0.4619140625 0.0126953125 0.013671875
1 0.224609375 0.45703125 0.009765625 0.0107421875
1 0.2744140625 0.4521484375 0.0068359375 0.0087890625
1 0.2421875 0.4501953125 0.0068359375 0.0087890625
1 0.216796875 0.447265625 0.005859375 0.0078125
1 0.2060546875 0.4453125 0.005859375 0.0068359375
1 0.2265625 0.4443359375 0.0048828125 0.005859375
1 0.2578125 0.443359375 0.00390625 0.005859375
1 0.263671875 0.44140625 0.0029296875 0.0048828125
1 0.23828125 0.4404296875 0.0029296875 0.00390625
1 0.234375 0.4404296875 0.0029296875 0.00390625
1 0.2431640625 0.439453125 0.001953125 0.0029296875
1 0.2607421875 0.4384765625 0.001953125 0.00390625
1 0.2763671875 0.4375 0.001953125 0.0029296875
1 0.2470703125 0.4384765625 0.001953125 0.0029296875
1 0.2568359375 0.4375 0.001953125 0.0029296875
1 0.3037109375 0.4384765625 0.001953125 0.00390625
1 0.3359375 0.4365234375 0.001953125 0.001953125
1 0.36328125 0.4365234375 0.001953125 0.0029296875
1 0.4052734375 0.4365234375 0.001953125 0.0029296875
1 0.416015625 0.4375 0.001953125 0.001953125
1 0.421875 0.4375 0.001953125 0.001953125
1 0.427734375 0.4384765625 0.001953125 0.00390625
1 0.4345703125 0.4375 0.001953125 0.0029296875
1 0.44140625 0.4384765625 0.001953125 0.0029296875
1 0.453125 0.4384765625 0.001953125 0.0029296875
1 0.4658203125 0.439453125 0.0029296875 0.00390625
1 0.478515625 0.4404296875 0.0029296875 0.00390625
1 0.49609375 0.4404296875 0.0029296875 0.0048828125
1 0.5166015625 0.44140625 0.00390625 0.0048828125
1 0.54296875 0.443359375 0.00390625 0.005859375
1 0.5732421875 0.4443359375 0.0048828125 0.005859375
1 0.6083984375 0.4462890625 0.005859375 0.0068359375
1 0.65625 0.4482421875 0.005859375 0.0078125
1 0.71875 0.451171875 0.0078125 0.009765625
1 0.8154296875 0.455078125 0.0078125 0.009765625
1 0.9453125 0.4609375 0.0126953125 0.013671875
2 0.7177734375 0.5302734375 0.04296875 0.048828125
2 0.4404296875 0.490234375 0.0234375 0.02734375
2 0.3330078125 0.4765625 0.0166015625 0.0205078125
2 0.2705078125 0.4677734375 0.0126953125 0.0166015625
2 0.3232421875 0.4599609375 0.009765625 0.013671875
2 0.3486328125 0.4560546875 0.0078125 0.0107421875
2 0.3671875 0.451171875 0.0078125 0.009765625
2 0.3427734375 0.44921875 0.005859375 0.0078125
2 0.3037109375 0.447265625 0.005859375 0.0078125
2 0.27734375 0.4462890625 0.0048828125 0.0068359375
2 0.3017578125 0.443359375 0.00390625 0.005859375
2 0.328125 0.4423828125 0.00390625 0.0048828125
2 0.3134765625 0.44140625 0.0029296875 0.0048828125
2 0.291015625 0.4404296875 0.0029296875 0.00390625
2 0.279296875 0.4404296875 0.001953125 0.00390625
2 0.2880859375 0.439453125 0.0029296875 0.00390625
2 0.3134765625 0.4384765625 0.001953125 0.00390625
2 0.298828125 0.4384765625 0.001953125 0.0029296875
2 0.3232421875 0.4375 0.001953125 0.0029296875
2 0.353515625 0.4375 0.001953125 0.0029296875
2 0.3720703125 0.4375 0.001953125 0.0029296875
2 0.3857421875 0.4375 0.001953125 0.001953125
2 0.390625 0.4375 0.001953125 0.0029296875
2 0.3955078125 0.4384765625 0.001953125 0.0029296875
2 0.4013671875 0.4384765625 0.001953125 0.0029296875
2 0.4111328125 0.439453125 0.001953125 0.00390625
2 0.419921875 0.4404296875 0.0029296875 0.00390625
2 0.4296875 0.4404296875 0.0029296875 0.00390625
2 0.44140625 0.44140625 0.0029296875 0.0048828125
2 0.4580078125 0.4423828125 0.00390625 0.0048828125
2 0.4794921875 0.4443359375 0.00390625 0.005859375
2 0.501953125 0.4453125 0.005859375 0.0068359375
2 0.5302734375 0.447265625 0.005859375 0.0078125
2 0.5673828125 0.4501953125 0.005859375 0.0087890625
2 0.619140625 0.453125 0.0087890625 0.0107421875
2 0.6943359375 0.45703125 0.0107421875 0.0126953125
2 0.8076171875 0.46484375 0.0126953125 0.015625