2 0.33984375 0.515625 0.044921875 0.0517578125
2 0.169921875 0.462890625 0.02734375 0.029296875
2 0.0322265625 0.44140625 0.021484375 0.0234375
1 0.07421875 0.4150390625 0.0078125 0.0107421875
1 0.177734375 0.4208984375 0.0107421875 0.01171875
1 0.3134765625 0.4296875 0.0107421875 0.0126953125
1 0.4755859375 0.439453125 0.0107421875 0.0146484375
1 0.701171875 0.4541015625 0.0126953125 0.015625
1 0.91015625 0.466796875 0.015625 0.0185546875
2 0.0693359375 0.4228515625 0.0126953125 0.015625
2 0.208984375 0.4326171875 0.0146484375 0.017578125
2 0.3935546875 0.4462890625 0.015625 0.01953125
2 0.62109375 0.462890625 0.0185546875 0.0224609375
2 0.9443359375 0.4853515625 0.0244140625 0.0263671875