1 0.3564453125 0.525390625 0.0361328125 0.04296875
1 0.513671875 0.4921875 0.0234375 0.02734375
1 0.6494140625 0.4775390625 0.017578125 0.0205078125
1 0.7587890625 0.4658203125 0.013671875 0.0166015625
1 0.8193359375 0.458984375 0.0107421875 0.0126953125
1 0.7822265625 0.4541015625 0.0087890625 0.0107421875
1 0.7177734375 0.4501953125 0.0078125 0.0087890625
1 0.6494140625 0.4482421875 0.005859375 0.0078125
1 0.9736328125 0.443359375 0.005859375 0.0068359375
1 0.9140625 0.4423828125 0.0048828125 0.0068359375
1 0.8671875 0.44140625 0.0029296875 0.0048828125
1 0.79296875 0.4404296875 0.0029296875 0.00390625
1 0.7509765625 0.4404296875 0.0029296875 0.00390625
1 0.6845703125 0.4404296875 0.0029296875 0.00390625
1 0.6337890625 0.4404296875 0.0029296875 0.0048828125
1 0.595703125 0.4404296875 0.0029296875 0.00390625
1 0.5546875 0.44140625 0.0029296875 0.0048828125
1 0.5107421875 0.4423828125 0.0029296875 0.00390625
1 0.4716796875 0.443359375 0.00390625 0.0048828125
1 0.4443359375 0.4462890625 0.00390625 0.005859375
1 0.4375 0.4453125 0.00390625 0.005859375
1 0.474609375 0.447265625 0.00390625 0.005859375
1 0.525390625 0.447265625 0.0048828125 0.0068359375
1 0.58984375 0.447265625 0.0048828125 0.0068359375
2 0.767578125 0.44140625 0.00390625 0.0048828125
2 0.7998046875 0.4423828125 0.00390625 0.005859375
2 0.837890625 0.443359375 0.00390625 0.005859375
2 0.890625 0.4453125 0.005859375 0.0068359375
2 0.947265625 0.4462890625 0.005859375 0.0078125
2 0.7255859375 0.4404296875 0.00390625 0.0048828125
2 0.6728515625 0.44140625 0.0029296875 0.00390625
2 0.623046875 0.44140625 0.0029296875 0.0048828125
2 0.5703125 0.4423828125 0.0029296875 0.0048828125
2 0.525390625 0.4423828125 0.00390625 0.0048828125
2 0.5009765625 0.4443359375 0.00390625 0.005859375
2 0.5068359375 0.4453125 0.00390625 0.005859375
2 0.544921875 0.4453125 0.00390625 0.005859375
2 0.603515625 0.4453125 0.0048828125 0.0068359375
2 0.6748046875 0.4462890625 0.0048828125 0.0068359375
2 0.75390625 0.447265625 0.005859375 0.0078125
2 0.8271484375 0.44921875 0.0078125 0.0087890625
2 0.900390625 0.4521484375 0.0078125 0.0107421875
2 0.982421875 0.4560546875 0.01171875 0.0126953125
2 0.97265625 0.482421875 0.0224609375 0.0234375
2 0.9208984375 0.51171875 0.0361328125 0.0390625
0 0.9404296875 0.443359375 0.0078125 0.015625
0 0.953125 0.4423828125 0.0078125 0.017578125