1 0.3115234375 0.53125 0.0341796875 0.044921875
1 0.39453125 0.4873046875 0.021484375 0.0244140625
1 0.4326171875 0.4697265625 0.0126953125 0.015625
1 0.4521484375 0.4599609375 0.0087890625 0.0126953125
1 0.4677734375 0.4541015625 0.0078125 0.009765625
1 0.484375 0.451171875 0.005859375 0.0078125
1 0.5322265625 0.44921875 0.005859375 0.0078125
1 0.5615234375 0.447265625 0.0048828125 0.0068359375
1 0.55859375 0.447265625 0.00390625 0.005859375
1 0.498046875 0.4453125 0.00390625 0.005859375
1 0.486328125 0.4443359375 0.00390625 0.0048828125
1 0.4912109375 0.4423828125 0.0029296875 0.0048828125
1 0.5029296875 0.4423828125 0.0029296875 0.00390625
1 0.5263671875 0.44140625 0.0029296875 0.00390625
1 0.55078125 0.4404296875 0.0029296875 0.00390625
1 0.57421875 0.4404296875 0.0029296875 0.00390625
1 0.599609375 0.4404296875 0.0029296875 0.00390625
1 0.6337890625 0.4404296875 0.0029296875 0.00390625
1 0.7216796875 0.4384765625 0.001953125 0.00390625
1 0.7607421875 0.439453125 0.001953125 0.00390625
1 0.8037109375 0.439453125 0.001953125 0.00390625
1 0.8359375 0.4404296875 0.001953125 0.00390625
1 0.8642578125 0.4404296875 0.0029296875 0.00390625
2 0.83203125 0.525390625 0.033203125 0.0458984375
2 0.6884765625 0.484375 0.0205078125 0.025390625
2 0.6318359375 0.4677734375 0.013671875 0.0166015625
2 0.599609375 0.4580078125 0.0087890625 0.0126953125
2 0.5830078125 0.453125 0.0078125 0.009765625
2 0.5908203125 0.4501953125 0.005859375 0.0087890625
2 0.6376953125 0.447265625 0.005859375 0.0078125
2 0.599609375 0.4453125 0.0048828125 0.005859375
2 0.552734375 0.4443359375 0.00390625 0.005859375
2 0.544921875 0.443359375 0.0029296875 0.0048828125
2 0.541015625 0.4423828125 0.0029296875 0.00390625
2 0.5615234375 0.44140625 0.0029296875 0.00390625
2 0.5966796875 0.4404296875 0.0029296875 0.00390625
2 0.6298828125 0.4404296875 0.00390625 0.00390625
2 0.671875 0.4404296875 0.00390625 0.00390625
2 0.71484375 0.439453125 0.0029296875 0.00390625
2 0.90625 0.46484375 0.015625 0.0166015625
2 0.884765625 0.4580078125 0.01171875 0.013671875
2 0.931640625 0.455078125 0.0107421875 0.0126953125
2 0.9677734375 0.451171875 0.0087890625 0.0107421875
2 0.9912109375 0.4482421875 0.0078125 0.0087890625
2 0.9638671875 0.4453125 0.005859375 0.0078125
2 0.9169921875 0.4443359375 0.005859375 0.0078125
2 0.8720703125 0.443359375 0.0048828125 0.005859375
2 0.8330078125 0.4423828125 0.00390625 0.0048828125
2 0.798828125 0.44140625 0.00390625 0.0048828125
2 0.7763671875 0.4404296875 0.0029296875 0.0048828125
2 0.7470703125 0.439453125 0.0029296875 0.00390625
1 0.208984375 0.47265625 0.0166015625 0.0205078125
0 0.2802734375 0.5244140625 0.052734375 0.080078125
0 0.318359375 0.5107421875 0.0458984375 0.0693359375
0 0.8193359375 0.50390625 0.0439453125 0.0703125
0 0.8681640625 0.5166015625 0.0654296875 0.0810546875