1 0.1298828125 0.4375 0.017578125 0.01953125
1 0.2236328125 0.4306640625 0.0126953125 0.0146484375
1 0.17578125 0.421875 0.01171875 0.013671875
1 0.1435546875 0.416015625 0.0087890625 0.0107421875
1 0.1328125 0.412109375 0.0078125 0.0087890625
1 0.1640625 0.41015625 0.0068359375 0.0078125
1 0.2080078125 0.41015625 0.0048828125 0.0068359375
1 0.2353515625 0.41015625 0.00390625 0.005859375
1 0.2177734375 0.4072265625 0.00390625 0.005859375
1 0.1875 0.4052734375 0.00390625 0.005859375
1 0.1826171875 0.404296875 0.00390625 0.0048828125
1 0.1943359375 0.4033203125 0.00390625 0.00390625
1 0.216796875 0.404296875 0.0029296875 0.0048828125
1 0.2353515625 0.404296875 0.001953125 0.00390625
1 0.201171875 0.40234375 0.001953125 0.00390625
1 0.2119140625 0.40234375 0.001953125 0.0029296875
1 0.267578125 0.4033203125 0.001953125 0.0029296875
1 0.3046875 0.4052734375 0.001953125 0.0029296875
1 0.3349609375 0.40625 0.001953125 0.0029296875
1 0.4033203125 0.41015625 0.001953125 0.0029296875
1 0.4111328125 0.4111328125 0.001953125 0.0029296875
1 0.427734375 0.4130859375 0.001953125 0.00390625
1 0.443359375 0.4140625 0.0029296875 0.00390625
1 0.4599609375 0.416015625 0.0029296875 0.00390625
1 0.478515625 0.4169921875 0.00390625 0.0048828125
1 0.5029296875 0.419921875 0.00390625 0.0048828125
1 0.533203125 0.4228515625 0.00390625 0.005859375
1 0.572265625 0.4267578125 0.0048828125 0.0068359375
1 0.6181640625 0.431640625 0.005859375 0.0078125
1 0.677734375 0.4375 0.0068359375 0.0087890625
1 0.7646484375 0.4462890625 0.0087890625 0.01171875
1 0.888671875 0.45703125 0.0107421875 0.0126953125
2 0.3984375 0.587890625 0.0673828125 0.0712890625
2 0.189453125 0.494140625 0.041015625 0.046875
2 0.3095703125 0.4560546875 0.0205078125 0.025390625
2 0.345703125 0.4443359375 0.0146484375 0.01953125
2 0.3662109375 0.43359375 0.01171875 0.0146484375
2 0.326171875 0.4267578125 0.0087890625 0.0126953125
2 0.267578125 0.4208984375 0.0078125 0.0107421875
2 0.232421875 0.416015625 0.0068359375 0.0087890625
2 0.265625 0.4140625 0.005859375 0.0078125
2 0.298828125 0.412109375 0.0048828125 0.0068359375
2 0.279296875 0.41015625 0.00390625 0.005859375
2 0.2529296875 0.408203125 0.00390625 0.005859375
2 0.23828125 0.40625 0.0029296875 0.0048828125
2 0.248046875 0.40625 0.0029296875 0.00390625
2 0.265625 0.40625 0.0029296875 0.00390625
2 0.2783203125 0.40625 0.001953125 0.00390625
2 0.26171875 0.4052734375 0.001953125 0.00390625
2 0.2900390625 0.4052734375 0.001953125 0.00390625
2 0.32421875 0.4072265625 0.001953125 0.00390625
2 0.345703125 0.408203125 0.001953125 0.00390625
2 0.361328125 0.4091796875 0.001953125 0.0029296875
2 0.3681640625 0.41015625 0.001953125 0.0029296875
2 0.375 0.41015625 0.001953125 0.00390625
2 0.3828125 0.4111328125 0.001953125 0.00390625
2 0.39453125 0.4130859375 0.0029296875 0.00390625
2 0.40625 0.4140625 0.0029296875 0.0048828125
2 0.419921875 0.416015625 0.0029296875 0.0048828125
2 0.4375 0.41796875 0.00390625 0.005859375
2 0.4619140625 0.4208984375 0.0048828125 0.0068359375
2 0.49609375 0.4248046875 0.005859375 0.0078125
2 0.533203125 0.4296875 0.0068359375 0.0087890625
2 0.5830078125 0.435546875 0.0078125 0.0107421875
2 0.654296875 0.443359375 0.0107421875 0.0126953125
2 0.7666015625 0.4560546875 0.013671875 0.0166015625
2 0.96484375 0.478515625 0.0205078125 0.021484375