2 0.1728515625 0.474609375 0.0322265625 0.037109375
2 0.662109375 0.4765625 0.025390625 0.029296875
2 0.3779296875 0.451171875 0.01953125 0.0224609375
2 0.056640625 0.4228515625 0.0146484375 0.0166015625
2 0.1962890625 0.4345703125 0.015625 0.0185546875
2 0.4462890625 0.537109375 0.0537109375 0.060546875
1 0.3125 0.4306640625 0.0126953125 0.0146484375
1 0.0859375 0.4130859375 0.0107421875 0.01171875
1 0.484375 0.443359375 0.0126953125 0.0166015625
1 0.19140625 0.421875 0.009765625 0.01171875
1 0.0048828125 0.4072265625 0.0087890625 0.009765625
1 0.7138671875 0.4599609375 0.0146484375 0.0185546875