1 0.8720703125 0.44140625 0.0029296875 0.0048828125
1 0.91796875 0.443359375 0.0048828125 0.005859375
1 0.9794921875 0.4443359375 0.005859375 0.0068359375
1 0.3017578125 0.5244140625 0.0361328125 0.04296875
1 0.3837890625 0.4853515625 0.01953125 0.0234375
1 0.423828125 0.4658203125 0.01171875 0.0146484375
1 0.46484375 0.458984375 0.009765625 0.01171875
1 0.51171875 0.455078125 0.0078125 0.009765625
1 0.572265625 0.4521484375 0.0068359375 0.0087890625
1 0.6376953125 0.4501953125 0.005859375 0.0078125
1 0.68359375 0.4482421875 0.0048828125 0.0068359375
1 0.6767578125 0.4462890625 0.00390625 0.005859375
1 0.6494140625 0.4443359375 0.00390625 0.005859375
1 0.611328125 0.4443359375 0.00390625 0.0048828125
1 0.83984375 0.44140625 0.00390625 0.0048828125
1 0.810546875 0.4404296875 0.001953125 0.00390625
1 0.7841796875 0.4404296875 0.0029296875 0.00390625
1 0.7412109375 0.439453125 0.001953125 0.00390625
1 0.7119140625 0.439453125 0.001953125 0.00390625
1 0.6611328125 0.439453125 0.001953125 0.001953125
1 0.62109375 0.439453125 0.001953125 0.0029296875
1 0.5908203125 0.439453125 0.001953125 0.0029296875
1 0.55859375 0.4404296875 0.001953125 0.00390625
1 0.5234375 0.4404296875 0.001953125 0.00390625
1 0.4931640625 0.4404296875 0.001953125 0.00390625
1 0.47265625 0.4423828125 0.00390625 0.0048828125
1 0.4677734375 0.4423828125 0.0029296875 0.00390625
1 0.4951171875 0.443359375 0.0029296875 0.00390625
1 0.5302734375 0.443359375 0.00390625 0.0048828125
1 0.5732421875 0.443359375 0.0029296875 0.0048828125
2 0.7158203125 0.4404296875 0.0029296875 0.00390625
2 0.734375 0.4404296875 0.0029296875 0.0048828125
2 0.75390625 0.44140625 0.00390625 0.0048828125
2 0.7802734375 0.44140625 0.00390625 0.005859375
2 0.8056640625 0.4423828125 0.00390625 0.0048828125
2 0.84375 0.443359375 0.0048828125 0.005859375
2 0.8935546875 0.4453125 0.005859375 0.0068359375
2 0.970703125 0.447265625 0.0068359375 0.0078125
2 0.6884765625 0.439453125 0.001953125 0.00390625
2 0.6484375 0.439453125 0.0029296875 0.0029296875
2 0.609375 0.4404296875 0.0029296875 0.00390625
2 0.568359375 0.4404296875 0.0029296875 0.00390625
2 0.5341796875 0.44140625 0.0029296875 0.00390625
2 0.5146484375 0.44140625 0.0029296875 0.00390625
2 0.5185546875 0.4423828125 0.0029296875 0.00390625
2 0.5458984375 0.4423828125 0.0029296875 0.0048828125
2 0.5869140625 0.4423828125 0.0029296875 0.00390625
2 0.6337890625 0.4423828125 0.00390625 0.005859375
2 0.681640625 0.443359375 0.00390625 0.005859375
2 0.720703125 0.4443359375 0.00390625 0.005859375
2 0.751953125 0.4453125 0.00390625 0.0068359375
2 0.7783203125 0.447265625 0.0048828125 0.0078125
2 0.740234375 0.451171875 0.0068359375 0.0087890625
2 0.693359375 0.453125 0.0078125 0.009765625
2 0.630859375 0.45703125 0.0087890625 0.0107421875
2 0.6005859375 0.462890625 0.0107421875 0.0146484375
2 0.625 0.470703125 0.013671875 0.017578125
2 0.6884765625 0.486328125 0.0224609375 0.025390625
2 0.88671875 0.5390625 0.0498046875 0.0537109375
0 0.802734375 0.4404296875 0.0048828125 0.009765625
0 0.80859375 0.4404296875 0.005859375 0.0107421875
0 0.869140625 0.4404296875 0.005859375 0.009765625
0 0.8759765625 0.4404296875 0.005859375 0.009765625