1 0.3125 0.5048828125 0.0341796875 0.0419921875
2 0.7470703125 0.5029296875 0.03125 0.0341796875
2 0.48828125 0.44921875 0.01171875 0.0146484375
2 0.5625 0.4638671875 0.0166015625 0.0205078125
2 0.873046875 0.455078125 0.0087890625 0.0107421875
2 0.7353515625 0.439453125 0.0048828125 0.0068359375
1 0.9765625 0.4580078125 0.0087890625 0.009765625
2 0.7744140625 0.443359375 0.005859375 0.0078125
2 0.6845703125 0.4365234375 0.00390625 0.0068359375
2 0.4482421875 0.44140625 0.0087890625 0.01171875
2 0.5390625 0.4296875 0.00390625 0.0048828125
1 0.7451171875 0.4384765625 0.00390625 0.005859375
2 0.4287109375 0.4365234375 0.0078125 0.0107421875
2 0.5576171875 0.431640625 0.0048828125 0.005859375
1 0.9228515625 0.453125 0.0078125 0.0087890625
2 0.494140625 0.4326171875 0.005859375 0.0078125
2 0.447265625 0.43359375 0.005859375 0.0087890625
2 0.7958984375 0.4482421875 0.0068359375 0.0087890625
2 0.5283203125 0.4326171875 0.0048828125 0.0068359375
1 0.6953125 0.4345703125 0.00390625 0.0048828125
1 0.8916015625 0.4501953125 0.0068359375 0.0087890625
1 0.4814453125 0.427734375 0.0029296875 0.0048828125
2 0.5634765625 0.427734375 0.0029296875 0.00390625
2 0.5166015625 0.427734375 0.0029296875 0.0048828125
1 0.458984375 0.42578125 0.0029296875 0.0048828125
1 0.451171875 0.4296875 0.00390625 0.005859375
2 0.5439453125 0.42578125 0.001953125 0.00390625
2 0.607421875 0.4306640625 0.00390625 0.0048828125
1 0.4873046875 0.4287109375 0.00390625 0.005859375
1 0.400390625 0.4287109375 0.0048828125 0.0068359375
2 0.6396484375 0.43359375 0.0029296875 0.0048828125
1 0.8583984375 0.4462890625 0.005859375 0.005859375
1 0.4267578125 0.423828125 0.0029296875 0.0048828125
1 0.798828125 0.44140625 0.00390625 0.005859375
1 0.5859375 0.427734375 0.001953125 0.00390625
2 0.4453125 0.423828125 0.0029296875 0.00390625
1 0.3193359375 0.4296875 0.0078125 0.0087890625
2 0.4853515625 0.42578125 0.0029296875 0.00390625
1 0.30078125 0.4423828125 0.0107421875 0.0146484375
2 0.5283203125 0.4248046875 0.001953125 0.00390625
1 0.3193359375 0.41796875 0.0029296875 0.00390625
2 0.404296875 0.4208984375 0.0029296875 0.00390625
1 0.3525390625 0.4287109375 0.005859375 0.0078125
2 0.4228515625 0.419921875 0.001953125 0.00390625
1 0.568359375 0.4267578125 0.001953125 0.00390625
1 0.30078125 0.4345703125 0.0087890625 0.01171875
2 0.3662109375 0.419921875 0.0029296875 0.00390625
2 0.5810546875 0.4287109375 0.0029296875 0.0048828125
2 0.4912109375 0.4228515625 0.001953125 0.0029296875
1 0.353515625 0.419921875 0.0029296875 0.00390625
2 0.45703125 0.421875 0.001953125 0.0029296875
1 0.5341796875 0.4248046875 0.001953125 0.0029296875
1 0.3935546875 0.421875 0.0029296875 0.00390625
2 0.513671875 0.423828125 0.001953125 0.00390625
1 0.3046875 0.4560546875 0.0146484375 0.0185546875
1 0.4326171875 0.419921875 0.001953125 0.0029296875
1 0.3134765625 0.416015625 0.001953125 0.00390625
2 0.384765625 0.4189453125 0.0029296875 0.00390625
2 0.3359375 0.41796875 0.0029296875 0.00390625
1 0.466796875 0.421875 0.001953125 0.001953125
2 0.3408203125 0.41796875 0.0029296875 0.00390625
1 0.296875 0.4169921875 0.0029296875 0.00390625
1 0.3427734375 0.416015625 0.001953125 0.0029296875
1 0.375 0.41796875 0.001953125 0.0029296875
1 0.2900390625 0.416015625 0.0029296875 0.00390625
0 0.5791015625 0.427734375 0.00390625 0.0078125
0 0.58203125 0.427734375 0.005859375 0.0078125