2 0.4287109375 0.490234375 0.029296875 0.03515625
1 0.21484375 0.451171875 0.01953125 0.021484375
2 0.5 0.4638671875 0.0166015625 0.0224609375
2 0.8505859375 0.458984375 0.0107421875 0.013671875
1 0.369140625 0.4453125 0.0126953125 0.0166015625
2 0.982421875 0.4619140625 0.009765625 0.0126953125
2 0.60546875 0.4580078125 0.015625 0.0185546875
2 0.732421875 0.4580078125 0.0107421875 0.013671875
2 0.5634765625 0.583984375 0.05859375 0.0751953125
1 0.95703125 0.4541015625 0.0078125 0.0087890625
1 0.501953125 0.4443359375 0.009765625 0.013671875
1 0.6259765625 0.4453125 0.0087890625 0.01171875
1 0.8740234375 0.4521484375 0.0078125 0.009765625
1 0.732421875 0.447265625 0.0078125 0.0107421875