1 0.67578125 0.4609375 0.009765625 0.0126953125
1 0.84375 0.4658203125 0.013671875 0.015625
1 0.0283203125 0.56640625 0.0556640625 0.0634765625
1 0.57421875 0.4580078125 0.005859375 0.009765625
1 0.4912109375 0.4560546875 0.0078125 0.0087890625
1 0.4296875 0.4541015625 0.0068359375 0.0087890625
1 0.376953125 0.453125 0.005859375 0.0078125
1 0.3349609375 0.4521484375 0.0048828125 0.0068359375
1 0.279296875 0.4521484375 0.0048828125 0.0068359375
1 0.177734375 0.453125 0.0048828125 0.005859375
1 0.0859375 0.455078125 0.005859375 0.0078125
1 0.0029296875 0.45703125 0.005859375 0.0078125
2 0.2900390625 0.455078125 0.0068359375 0.0087890625
2 0.33203125 0.45703125 0.0078125 0.009765625
2 0.3857421875 0.4599609375 0.0087890625 0.0107421875
2 0.46484375 0.462890625 0.0107421875 0.0126953125
2 0.5595703125 0.4677734375 0.0107421875 0.0166015625
2 0.728515625 0.4755859375 0.017578125 0.0205078125
2 0.2333984375 0.4541015625 0.005859375 0.0078125
2 0.1435546875 0.4560546875 0.005859375 0.0078125
2 0.0439453125 0.458984375 0.0068359375 0.0078125
2 0.0107421875 0.4775390625 0.0166015625 0.0185546875
2 0.18359375 0.4794921875 0.017578125 0.01953125
2 0.3349609375 0.4873046875 0.01953125 0.0244140625
2 0.5146484375 0.5048828125 0.03125 0.0341796875
2 0.8720703125 0.5556640625 0.060546875 0.0625
0 0.5458984375 0.462890625 0.0146484375 0.0263671875
0 0.572265625 0.462890625 0.0166015625 0.025390625
0 0.666015625 0.4560546875 0.01171875 0.0234375
0 0.6884765625 0.4560546875 0.0146484375 0.0224609375
1 0.818359375 0.4560546875 0.0078125 0.0126953125