1 0.251953125 0.5322265625 0.044921875 0.0517578125
1 0.37109375 0.48828125 0.021484375 0.025390625
1 0.4130859375 0.4716796875 0.013671875 0.017578125
1 0.43359375 0.462890625 0.009765625 0.0126953125
1 0.4453125 0.4580078125 0.0078125 0.0107421875
1 0.4541015625 0.4541015625 0.0068359375 0.0087890625
1 0.4921875 0.4521484375 0.005859375 0.0068359375
1 0.5517578125 0.451171875 0.0048828125 0.005859375
1 0.626953125 0.451171875 0.0048828125 0.0068359375
1 0.693359375 0.4521484375 0.0048828125 0.005859375
1 0.771484375 0.453125 0.005859375 0.0068359375
1 0.8466796875 0.455078125 0.005859375 0.0068359375
1 0.9189453125 0.4580078125 0.0068359375 0.0087890625
1 0.9970703125 0.4619140625 0.00390625 0.009765625
2 0.818359375 0.45703125 0.005859375 0.0078125
2 0.8779296875 0.4609375 0.0078125 0.009765625
2 0.9677734375 0.466796875 0.0107421875 0.0126953125
2 0.8427734375 0.5400390625 0.0419921875 0.0478515625
2 0.6826171875 0.4892578125 0.0205078125 0.025390625
2 0.623046875 0.47265625 0.0126953125 0.017578125
2 0.5927734375 0.4638671875 0.0087890625 0.0126953125
2 0.57421875 0.458984375 0.0078125 0.0107421875
2 0.5634765625 0.4560546875 0.005859375 0.0087890625
2 0.58984375 0.4541015625 0.005859375 0.0078125
2 0.6572265625 0.453125 0.0048828125 0.0078125
2 0.7373046875 0.4541015625 0.005859375 0.0068359375