1 0.4404296875 0.5546875 0.0546875 0.0673828125
1 0.4013671875 0.4794921875 0.025390625 0.03125
1 0.3193359375 0.4619140625 0.017578125 0.021484375
1 0.939453125 0.4189453125 0.01171875 0.0126953125
1 0.8515625 0.41796875 0.0087890625 0.009765625
1 0.78515625 0.4169921875 0.005859375 0.0078125
1 0.7373046875 0.416015625 0.0048828125 0.0068359375
1 0.6787109375 0.4169921875 0.0048828125 0.0068359375
1 0.5869140625 0.419921875 0.00390625 0.0048828125
1 0.5146484375 0.421875 0.00390625 0.005859375
1 0.45703125 0.4248046875 0.0048828125 0.005859375
1 0.392578125 0.427734375 0.0048828125 0.0068359375
1 0.248046875 0.4345703125 0.005859375 0.0078125
1 0.177734375 0.439453125 0.005859375 0.0087890625
1 0.134765625 0.443359375 0.0078125 0.0087890625
1 0.1025390625 0.4482421875 0.0078125 0.009765625
1 0.111328125 0.451171875 0.009765625 0.0126953125
1 0.16796875 0.453125 0.01171875 0.013671875
1 0.2470703125 0.4560546875 0.013671875 0.0166015625
2 0.6904296875 0.4208984375 0.0068359375 0.0087890625
2 0.7353515625 0.4228515625 0.0078125 0.0107421875
2 0.798828125 0.4248046875 0.009765625 0.0126953125
2 0.9072265625 0.4296875 0.013671875 0.0166015625
2 0.634765625 0.4208984375 0.005859375 0.0068359375
2 0.55859375 0.421875 0.0048828125 0.0078125
2 0.4833984375 0.4248046875 0.005859375 0.0078125
2 0.3984375 0.4287109375 0.005859375 0.0078125
2 0.3193359375 0.43359375 0.0068359375 0.0087890625
2 0.2587890625 0.4375 0.0068359375 0.0087890625
2 0.2412109375 0.4404296875 0.0078125 0.009765625
2 0.2763671875 0.44140625 0.0087890625 0.01171875
2 0.35546875 0.44140625 0.0107421875 0.0126953125
2 0.4560546875 0.4443359375 0.0126953125 0.0166015625
2 0.5908203125 0.4482421875 0.0146484375 0.0205078125
2 0.7509765625 0.4609375 0.0234375 0.0283203125