2 0.9228515625 0.4951171875 0.0263671875 0.0302734375
2 0.0966796875 0.4677734375 0.03125 0.0341796875
2 0.5625 0.466796875 0.0224609375 0.0263671875
2 0.3017578125 0.447265625 0.0185546875 0.021484375
2 0.3427734375 0.515625 0.0458984375 0.0517578125
1 0.6220703125 0.453125 0.0146484375 0.017578125
2 0.12109375 0.4326171875 0.0166015625 0.0185546875
1 0.9423828125 0.474609375 0.01953125 0.021484375
1 0.2421875 0.4287109375 0.01171875 0.013671875
1 0.41015625 0.439453125 0.0126953125 0.0146484375
1 0.005859375 0.412109375 0.0087890625 0.0107421875
1 0.1162109375 0.4208984375 0.009765625 0.01171875