1 0.5927734375 0.603515625 0.04296875 0.0380859375
1 0.5810546875 0.4619140625 0.017578125 0.0224609375
1 0.560546875 0.4443359375 0.0126953125 0.015625
1 0.6484375 0.43359375 0.0107421875 0.0126953125
1 0.724609375 0.4267578125 0.0087890625 0.0107421875
1 0.779296875 0.421875 0.0078125 0.009765625
1 0.7470703125 0.4189453125 0.0068359375 0.0087890625
1 0.724609375 0.4169921875 0.005859375 0.0078125
1 0.71484375 0.4150390625 0.0048828125 0.0068359375
1 0.7353515625 0.4130859375 0.0048828125 0.0068359375
1 0.7685546875 0.41015625 0.00390625 0.0048828125
1 0.791015625 0.4091796875 0.00390625 0.0048828125
1 0.77734375 0.408203125 0.0029296875 0.0048828125
1 0.751953125 0.408203125 0.0029296875 0.00390625
1 0.748046875 0.408203125 0.0029296875 0.00390625
1 0.7578125 0.4072265625 0.001953125 0.00390625
1 0.7763671875 0.4052734375 0.0029296875 0.00390625
1 0.7919921875 0.404296875 0.001953125 0.00390625
1 0.7626953125 0.4052734375 0.001953125 0.0029296875
1 0.7724609375 0.404296875 0.001953125 0.0029296875
1 0.8232421875 0.40234375 0.001953125 0.00390625
1 0.86328125 0.400390625 0.001953125 0.0029296875
1 0.8974609375 0.3994140625 0.001953125 0.0029296875
2 0.982421875 0.4833984375 0.03515625 0.0419921875
2 0.828125 0.453125 0.0224609375 0.025390625
2 0.7607421875 0.44140625 0.0166015625 0.01953125
2 0.830078125 0.4306640625 0.0126953125 0.0146484375
2 0.865234375 0.4248046875 0.0107421875 0.013671875
2 0.892578125 0.41796875 0.009765625 0.01171875
2 0.86328125 0.416015625 0.0078125 0.0107421875
2 0.8154296875 0.4150390625 0.005859375 0.0078125
2 0.7880859375 0.4130859375 0.005859375 0.0068359375
2 0.81640625 0.4111328125 0.00390625 0.0068359375
2 0.849609375 0.4072265625 0.0048828125 0.0068359375
2 0.8330078125 0.40625 0.00390625 0.005859375
2 0.8076171875 0.40625 0.0029296875 0.0048828125
2 0.794921875 0.40625 0.0029296875 0.00390625
2 0.8037109375 0.4052734375 0.0029296875 0.00390625
2 0.8212890625 0.404296875 0.001953125 0.00390625
2 0.833984375 0.4033203125 0.0029296875 0.0048828125
2 0.8173828125 0.4033203125 0.001953125 0.0029296875
2 0.8203125 0.40234375 0.0029296875 0.0029296875
2 0.8466796875 0.4013671875 0.0029296875 0.00390625
2 0.8837890625 0.400390625 0.0029296875 0.00390625
2 0.9091796875 0.400390625 0.0029296875 0.00390625
2 0.9267578125 0.3994140625 0.001953125 0.00390625
2 0.93359375 0.400390625 0.001953125 0.0029296875
2 0.9404296875 0.400390625 0.001953125 0.0029296875
2 0.94921875 0.400390625 0.001953125 0.00390625
2 0.9619140625 0.4013671875 0.0029296875 0.00390625
2 0.974609375 0.4013671875 0.00390625 0.0048828125
2 0.9892578125 0.4013671875 0.00390625 0.005859375
1 0.6005859375 0.4951171875 0.029296875 0.0380859375