2 0.8125 0.5146484375 0.02734375 0.03125
2 0.6650390625 0.484375 0.0166015625 0.01953125
2 0.5107421875 0.46875 0.01171875 0.015625
2 0.4306640625 0.4599609375 0.009765625 0.0126953125
2 0.423828125 0.4560546875 0.0078125 0.0107421875
2 0.4609375 0.455078125 0.0078125 0.0087890625
2 0.5322265625 0.45703125 0.0068359375 0.0087890625
2 0.611328125 0.4619140625 0.0078125 0.0087890625
2 0.7294921875 0.4697265625 0.0087890625 0.0107421875
2 0.9169921875 0.4814453125 0.0107421875 0.013671875
1 0.8203125 0.4697265625 0.0087890625 0.0107421875
1 0.7041015625 0.462890625 0.0078125 0.0087890625
1 0.591796875 0.45703125 0.0068359375 0.0078125
1 0.482421875 0.4521484375 0.005859375 0.0078125
1 0.373046875 0.4482421875 0.0068359375 0.0087890625
1 0.3076171875 0.44921875 0.0078125 0.009765625
1 0.2548828125 0.453125 0.009765625 0.0126953125
1 0.2666015625 0.4619140625 0.0126953125 0.0166015625
1 0.376953125 0.478515625 0.0166015625 0.0224609375
1 0.3818359375 0.5029296875 0.03125 0.03515625