1 0.5126953125 0.439453125 0.0068359375 0.0087890625
1 0.591796875 0.4462890625 0.0078125 0.009765625
1 0.6962890625 0.455078125 0.009765625 0.01171875
1 0.845703125 0.4677734375 0.01171875 0.013671875
1 0.041015625 0.4140625 0.005859375 0.0068359375
1 0.1279296875 0.4169921875 0.0048828125 0.005859375
1 0.1962890625 0.4189453125 0.00390625 0.005859375
1 0.2646484375 0.421875 0.00390625 0.005859375
1 0.3212890625 0.4248046875 0.00390625 0.005859375
1 0.3642578125 0.427734375 0.00390625 0.005859375
1 0.4033203125 0.4306640625 0.00390625 0.005859375
1 0.4521484375 0.4345703125 0.005859375 0.0078125
2 0.291015625 0.42578125 0.005859375 0.0068359375
2 0.32421875 0.4287109375 0.005859375 0.0078125
2 0.3662109375 0.4326171875 0.0068359375 0.0087890625
2 0.4208984375 0.4375 0.0078125 0.009765625
2 0.4931640625 0.4443359375 0.0087890625 0.01171875
2 0.59765625 0.455078125 0.009765625 0.013671875
2 0.75390625 0.4697265625 0.013671875 0.0185546875
2 0.478515625 0.5625 0.0546875 0.0654296875
2 0.2392578125 0.48046875 0.0283203125 0.033203125
2 0.15625 0.4521484375 0.01953125 0.0224609375
2 0.1142578125 0.4375 0.0146484375 0.0166015625
2 0.0869140625 0.4296875 0.0107421875 0.013671875
2 0.0703125 0.423828125 0.0087890625 0.0107421875
2 0.0576171875 0.419921875 0.0078125 0.009765625
2 0.048828125 0.4169921875 0.0068359375 0.0087890625
2 0.083984375 0.4169921875 0.005859375 0.0068359375
2 0.1572265625 0.4189453125 0.0048828125 0.0068359375
2 0.2314453125 0.421875 0.005859375 0.005859375