1 0.212890625 0.56640625 0.056640625 0.0634765625
1 0.5029296875 0.4970703125 0.025390625 0.029296875
1 0.587890625 0.478515625 0.0185546875 0.0224609375
1 0.5634765625 0.47265625 0.0146484375 0.0185546875
1 0.482421875 0.4677734375 0.01171875 0.015625
1 0.3984375 0.462890625 0.0107421875 0.013671875
1 0.375 0.4609375 0.0087890625 0.01171875
1 0.3837890625 0.4560546875 0.0068359375 0.009765625
1 0.3916015625 0.4521484375 0.005859375 0.0078125
1 0.3984375 0.4501953125 0.0048828125 0.0078125
1 0.4189453125 0.4482421875 0.005859375 0.0068359375
1 0.458984375 0.447265625 0.0048828125 0.0068359375
1 0.4990234375 0.4462890625 0.00390625 0.005859375
1 0.53515625 0.4453125 0.0048828125 0.005859375
1 0.681640625 0.443359375 0.0048828125 0.005859375
1 0.763671875 0.4423828125 0.00390625 0.005859375
1 0.833984375 0.4423828125 0.0048828125 0.005859375
1 0.916015625 0.4423828125 0.00390625 0.005859375
1 0.9970703125 0.4443359375 0.00390625 0.0068359375
2 0.9521484375 0.5546875 0.0595703125 0.0625
2 0.8896484375 0.4873046875 0.025390625 0.02734375
2 0.7841796875 0.46875 0.0166015625 0.0185546875
2 0.6435546875 0.4619140625 0.01171875 0.0146484375
2 0.521484375 0.4580078125 0.0087890625 0.01171875
2 0.498046875 0.453125 0.0068359375 0.009765625
2 0.48828125 0.4501953125 0.005859375 0.0078125
2 0.51953125 0.447265625 0.005859375 0.0068359375
2 0.5751953125 0.4462890625 0.005859375 0.0068359375
2 0.62890625 0.4453125 0.005859375 0.0078125
2 0.693359375 0.4443359375 0.005859375 0.0068359375
2 0.7685546875 0.4443359375 0.005859375 0.005859375
2 0.9775390625 0.447265625 0.0087890625 0.009765625
2 0.904296875 0.4462890625 0.0068359375 0.0078125
2 0.8310546875 0.4443359375 0.005859375 0.0078125