2 0.4140625 0.421875 0.001953125 0.0029296875
2 0.4384765625 0.421875 0.001953125 0.0029296875
2 0.455078125 0.4208984375 0.001953125 0.0029296875
2 0.443359375 0.4228515625 0.001953125 0.0029296875
2 0.421875 0.423828125 0.001953125 0.00390625
2 0.4111328125 0.42578125 0.001953125 0.00390625
2 0.427734375 0.42578125 0.0029296875 0.00390625
2 0.458984375 0.42578125 0.0029296875 0.00390625
2 0.484375 0.4248046875 0.0029296875 0.0048828125
2 0.4697265625 0.4267578125 0.0029296875 0.0048828125
2 0.439453125 0.4287109375 0.00390625 0.005859375
2 0.4248046875 0.431640625 0.00390625 0.005859375
2 0.51171875 0.4296875 0.005859375 0.0078125
2 0.5634765625 0.4287109375 0.0068359375 0.0087890625
2 0.537109375 0.43359375 0.0078125 0.0107421875
2 0.4931640625 0.4404296875 0.0087890625 0.0126953125
2 0.4755859375 0.44921875 0.0107421875 0.0146484375
2 0.53515625 0.455078125 0.0146484375 0.01953125
2 0.6552734375 0.4638671875 0.0244140625 0.02734375
2 0.9306640625 0.4912109375 0.0400390625 0.0439453125
2 0.0546875 0.462890625 0.01171875 0.013671875
2 0.1181640625 0.4541015625 0.0078125 0.0107421875
2 0.1630859375 0.4482421875 0.005859375 0.0087890625
2 0.1943359375 0.443359375 0.005859375 0.0078125
2 0.2109375 0.4404296875 0.0048828125 0.0078125
2 0.23046875 0.4384765625 0.00390625 0.005859375
2 0.2705078125 0.435546875 0.0029296875 0.0048828125
2 0.2939453125 0.43359375 0.0029296875 0.0048828125
2 0.291015625 0.4326171875 0.00390625 0.00390625
2 0.275390625 0.431640625 0.001953125 0.00390625
2 0.2783203125 0.4306640625 0.0029296875 0.00390625
2 0.287109375 0.4296875 0.001953125 0.0029296875
2 0.2939453125 0.4287109375 0.001953125 0.00390625
2 0.2998046875 0.427734375 0.001953125 0.0029296875
2 0.3046875 0.4267578125 0.001953125 0.001953125
1 0.37890625 0.421875 0.001953125 0.001953125
1 0.390625 0.4208984375 0.001953125 0.001953125
1 0.3974609375 0.4208984375 0.001953125 0.001953125
1 0.392578125 0.4228515625 0.001953125 0.0029296875
1 0.365234375 0.423828125 0.001953125 0.00390625
1 0.4072265625 0.423828125 0.001953125 0.0029296875
1 0.396484375 0.4248046875 0.001953125 0.00390625
1 0.3701171875 0.42578125 0.0029296875 0.00390625
1 0.359375 0.427734375 0.0029296875 0.00390625
1 0.3662109375 0.4287109375 0.0029296875 0.00390625
1 0.3994140625 0.427734375 0.0029296875 0.00390625
1 0.416015625 0.427734375 0.0029296875 0.0048828125
1 0.4013671875 0.4296875 0.00390625 0.0048828125
1 0.349609375 0.4375 0.0048828125 0.0078125
1 0.408203125 0.4365234375 0.005859375 0.0078125
1 0.4384765625 0.4365234375 0.0068359375 0.0087890625
1 0.4111328125 0.44140625 0.0078125 0.0107421875
1 0.326171875 0.4521484375 0.0087890625 0.0126953125
1 0.2783203125 0.4658203125 0.0146484375 0.021484375
1 0.359375 0.4853515625 0.025390625 0.0283203125
1 0.4384765625 0.5234375 0.037109375 0.046875
1 0.103515625 0.4716796875 0.015625 0.0166015625
1 0.1806640625 0.45703125 0.0107421875 0.0126953125
1 0.2138671875 0.44921875 0.0087890625 0.0107421875
1 0.244140625 0.4443359375 0.0078125 0.0087890625
1 0.2626953125 0.4404296875 0.005859375 0.0078125
1 0.275390625 0.4375 0.00390625 0.005859375
1 0.2919921875 0.435546875 0.00390625 0.005859375
1 0.3310546875 0.4326171875 0.0029296875 0.0048828125
1 0.3427734375 0.4306640625 0.0029296875 0.0048828125
1 0.3388671875 0.4306640625 0.0029296875 0.00390625
1 0.328125 0.4296875 0.001953125 0.00390625
1 0.33203125 0.4267578125 0.001953125 0.00390625