2 0.2587890625 0.486328125 0.0322265625 0.037109375
2 0.1845703125 0.4580078125 0.0224609375 0.025390625
2 0.8173828125 0.458984375 0.01171875 0.013671875
2 0.51953125 0.57421875 0.064453125 0.0703125
2 0.3046875 0.4365234375 0.0107421875 0.0126953125
1 0.1171875 0.431640625 0.01171875 0.013671875
2 0.22265625 0.443359375 0.0146484375 0.0166015625
2 0.3544921875 0.43359375 0.0087890625 0.0107421875
2 0.7236328125 0.447265625 0.0087890625 0.0107421875
1 0.216796875 0.4287109375 0.0087890625 0.0107421875
1 0.1689453125 0.416015625 0.0048828125 0.0068359375
1 0.2236328125 0.419921875 0.005859375 0.0078125
1 0.275390625 0.4267578125 0.0078125 0.0087890625
1 0.982421875 0.4638671875 0.01171875 0.013671875
2 0.560546875 0.4345703125 0.005859375 0.0078125
2 0.392578125 0.431640625 0.0068359375 0.0087890625
1 0.1123046875 0.4140625 0.005859375 0.0068359375
1 0.5537109375 0.4306640625 0.0048828125 0.005859375
2 0.3486328125 0.4248046875 0.005859375 0.0078125
2 0.646484375 0.4404296875 0.0078125 0.009765625
2 0.310546875 0.421875 0.005859375 0.0068359375
2 0.1318359375 0.4130859375 0.0048828125 0.0068359375
1 0.7080078125 0.4404296875 0.0068359375 0.0087890625
1 0.0029296875 0.4365234375 0.005859375 0.0146484375
1 0.2626953125 0.423828125 0.005859375 0.0078125
2 0.3828125 0.427734375 0.005859375 0.0078125
1 0.1767578125 0.41015625 0.0029296875 0.00390625
2 0.068359375 0.41015625 0.0048828125 0.005859375
2 0.4375 0.42578125 0.0048828125 0.005859375
2 0.19921875 0.416015625 0.0048828125 0.0068359375
2 0.48828125 0.4296875 0.005859375 0.0078125
1 0.8916015625 0.4560546875 0.0087890625 0.0107421875
2 0.0234375 0.408203125 0.0048828125 0.005859375
2 0.3388671875 0.4189453125 0.00390625 0.0048828125
2 0.369140625 0.4208984375 0.00390625 0.005859375
1 0.423828125 0.421875 0.00390625 0.0048828125
2 0.3154296875 0.4169921875 0.00390625 0.0048828125
2 0.0478515625 0.4072265625 0.00390625 0.005859375
1 0.0419921875 0.4111328125 0.0048828125 0.0068359375
1 0.0302734375 0.40625 0.00390625 0.0048828125
2 0.2939453125 0.416015625 0.0029296875 0.0048828125
2 0.0166015625 0.4072265625 0.00390625 0.0048828125
1 0.626953125 0.435546875 0.005859375 0.0068359375
1 0.3671875 0.4189453125 0.0029296875 0.00390625
2 0.1025390625 0.4091796875 0.00390625 0.0048828125
2 0.26171875 0.4189453125 0.0048828125 0.0068359375
1 0.0859375 0.4072265625 0.00390625 0.0048828125
2 0.162109375 0.41015625 0.0029296875 0.0048828125
1 0.3193359375 0.416015625 0.0029296875 0.00390625
1 0.2265625 0.412109375 0.001953125 0.00390625
2 0.3974609375 0.4228515625 0.00390625 0.005859375
2 0.26171875 0.4140625 0.0029296875 0.0048828125
2 0.212890625 0.412109375 0.0029296875 0.00390625
1 0.287109375 0.4140625 0.0029296875 0.00390625
1 0.1337890625 0.408203125 0.0029296875 0.00390625
0 0.3935546875 0.4208984375 0.00390625 0.009765625
0 0.3994140625 0.421875 0.0048828125 0.009765625