2 0.6806640625 0.4365234375 0.001953125 0.0029296875
2 0.6826171875 0.4365234375 0.001953125 0.0029296875
2 0.671875 0.4365234375 0.001953125 0.0029296875
2 0.6572265625 0.4375 0.001953125 0.00390625
2 0.6376953125 0.4375 0.001953125 0.00390625
2 0.6220703125 0.4384765625 0.001953125 0.00390625
2 0.6171875 0.439453125 0.0029296875 0.00390625
2 0.62890625 0.4404296875 0.0029296875 0.00390625
2 0.658203125 0.4404296875 0.0029296875 0.0048828125
2 0.7001953125 0.44140625 0.00390625 0.0048828125
2 0.751953125 0.44140625 0.00390625 0.005859375
2 0.7919921875 0.44140625 0.0048828125 0.005859375
2 0.8310546875 0.443359375 0.0048828125 0.0068359375
2 0.8681640625 0.4453125 0.005859375 0.0078125
2 0.931640625 0.4482421875 0.0078125 0.009765625
2 0.9072265625 0.5478515625 0.0517578125 0.0517578125
2 0.8876953125 0.4931640625 0.0263671875 0.0302734375
2 0.939453125 0.47265625 0.017578125 0.0234375
2 0.935546875 0.4580078125 0.009765625 0.0126953125
2 0.9169921875 0.455078125 0.0107421875 0.0126953125
2 0.8701171875 0.4521484375 0.0087890625 0.0107421875
2 0.818359375 0.4501953125 0.0078125 0.009765625
2 0.740234375 0.447265625 0.0068359375 0.0087890625
2 0.6708984375 0.4443359375 0.00390625 0.005859375
2 0.619140625 0.4453125 0.00390625 0.005859375
2 0.5830078125 0.443359375 0.00390625 0.005859375
2 0.5712890625 0.4423828125 0.00390625 0.005859375
2 0.568359375 0.439453125 0.0029296875 0.0048828125
2 0.568359375 0.4365234375 0.001953125 0.00390625
2 0.5703125 0.4375 0.0029296875 0.00390625
2 0.5849609375 0.4365234375 0.001953125 0.0029296875
2 0.6123046875 0.4365234375 0.001953125 0.0029296875
2 0.6416015625 0.4365234375 0.001953125 0.0029296875
1 0.6494140625 0.435546875 0.001953125 0.001953125
1 0.72265625 0.435546875 0.0029296875 0.00390625
1 0.7109375 0.4365234375 0.001953125 0.0029296875
1 0.6962890625 0.4384765625 0.001953125 0.00390625
1 0.6796875 0.4375 0.001953125 0.0029296875
1 0.6669921875 0.4384765625 0.001953125 0.00390625
1 0.6748046875 0.439453125 0.001953125 0.00390625
1 0.7490234375 0.439453125 0.0029296875 0.0048828125
1 0.7998046875 0.439453125 0.00390625 0.005859375
1 0.8427734375 0.4404296875 0.00390625 0.005859375
1 0.8876953125 0.44140625 0.0048828125 0.005859375
1 0.9921875 0.4453125 0.0078125 0.0078125
1 0.306640625 0.5126953125 0.033203125 0.037109375
1 0.537109375 0.4873046875 0.0224609375 0.025390625
1 0.67578125 0.47265625 0.015625 0.01953125
1 0.75390625 0.4560546875 0.0087890625 0.0126953125
1 0.7294921875 0.4521484375 0.0078125 0.0107421875
1 0.6708984375 0.44921875 0.0068359375 0.0087890625
1 0.6005859375 0.447265625 0.005859375 0.0078125
1 0.54296875 0.4462890625 0.0048828125 0.0068359375
1 0.515625 0.4443359375 0.00390625 0.005859375
1 0.51953125 0.4423828125 0.00390625 0.0048828125
1 0.5234375 0.4404296875 0.0048828125 0.0048828125
1 0.525390625 0.439453125 0.0029296875 0.00390625
1 0.529296875 0.4384765625 0.0029296875 0.00390625
1 0.533203125 0.4365234375 0.001953125 0.00390625
1 0.5419921875 0.4365234375 0.001953125 0.0029296875
1 0.5625 0.4365234375 0.001953125 0.0029296875
1 0.5908203125 0.435546875 0.001953125 0.0029296875
1 0.6171875 0.435546875 0.0029296875 0.0029296875