2 0.6787109375 0.4091796875 0.001953125 0.0029296875
2 0.693359375 0.4091796875 0.001953125 0.0029296875
2 0.6953125 0.4091796875 0.001953125 0.0029296875
2 0.6826171875 0.41015625 0.001953125 0.0029296875
2 0.666015625 0.412109375 0.0029296875 0.00390625
2 0.6435546875 0.4130859375 0.001953125 0.00390625
2 0.6240234375 0.4150390625 0.0029296875 0.00390625
2 0.6171875 0.416015625 0.00390625 0.0048828125
2 0.6298828125 0.4169921875 0.00390625 0.0048828125
2 0.6640625 0.4169921875 0.00390625 0.005859375
2 0.71484375 0.4150390625 0.00390625 0.005859375
2 0.78125 0.4140625 0.0048828125 0.0068359375
2 0.8349609375 0.4130859375 0.005859375 0.0078125
2 0.8935546875 0.4140625 0.0078125 0.009765625
2 0.95703125 0.416015625 0.0087890625 0.01171875
2 0.9033203125 0.427734375 0.013671875 0.015625
2 0.7744140625 0.42578125 0.0107421875 0.0126953125
2 0.6748046875 0.42578125 0.0078125 0.0107421875
2 0.607421875 0.42578125 0.0068359375 0.0087890625
2 0.564453125 0.4248046875 0.005859375 0.0078125
2 0.5546875 0.4228515625 0.00390625 0.005859375
2 0.5576171875 0.419921875 0.00390625 0.005859375
2 0.5615234375 0.41796875 0.00390625 0.005859375
2 0.564453125 0.4150390625 0.0029296875 0.00390625
2 0.5703125 0.4140625 0.001953125 0.0029296875
2 0.5869140625 0.4130859375 0.001953125 0.0029296875
2 0.6494140625 0.41015625 0.001953125 0.0029296875
1 0.6591796875 0.41015625 0.001953125 0.001953125
1 0.716796875 0.408203125 0.001953125 0.0029296875
1 0.7412109375 0.4072265625 0.001953125 0.00390625
1 0.7275390625 0.408203125 0.001953125 0.0029296875
1 0.7109375 0.41015625 0.0029296875 0.00390625
1 0.69140625 0.4111328125 0.001953125 0.00390625
1 0.6767578125 0.4130859375 0.0029296875 0.00390625
1 0.6845703125 0.4140625 0.00390625 0.0048828125
1 0.7109375 0.4140625 0.00390625 0.0048828125
1 0.7763671875 0.4111328125 0.00390625 0.005859375
1 0.8408203125 0.41015625 0.0048828125 0.0068359375
1 0.8994140625 0.4091796875 0.005859375 0.0078125
1 0.9658203125 0.4091796875 0.0068359375 0.0078125
1 0.6328125 0.564453125 0.0625 0.0732421875
1 0.8271484375 0.4697265625 0.0244140625 0.0302734375
1 0.8134765625 0.447265625 0.01953125 0.0224609375
1 0.7626953125 0.4375 0.013671875 0.0166015625
1 0.671875 0.4326171875 0.009765625 0.0126953125
1 0.5751953125 0.431640625 0.0087890625 0.0107421875
1 0.5048828125 0.4306640625 0.0068359375 0.0087890625
1 0.4775390625 0.4287109375 0.0048828125 0.0078125
1 0.4853515625 0.42578125 0.0048828125 0.005859375
1 0.4951171875 0.423828125 0.00390625 0.005859375
1 0.5029296875 0.421875 0.0029296875 0.0048828125
1 0.5087890625 0.4208984375 0.0029296875 0.0048828125
1 0.513671875 0.4189453125 0.0029296875 0.00390625
1 0.51953125 0.41796875 0.0029296875 0.00390625
1 0.5234375 0.416015625 0.0029296875 0.00390625
1 0.5283203125 0.416015625 0.001953125 0.0029296875
1 0.5390625 0.4150390625 0.001953125 0.00390625
1 0.59375 0.412109375 0.001953125 0.0029296875
1 0.623046875 0.4111328125 0.001953125 0.001953125