2 0.6162109375 0.599609375 0.0439453125 0.0390625
2 0.3232421875 0.4951171875 0.0380859375 0.0419921875
2 0.2578125 0.4560546875 0.0224609375 0.025390625
2 0.1923828125 0.4375 0.015625 0.0185546875
2 0.1103515625 0.427734375 0.013671875 0.0146484375
2 0.0498046875 0.4111328125 0.0087890625 0.0107421875
2 0.13671875 0.41796875 0.0087890625 0.0107421875
2 0.2333984375 0.4248046875 0.009765625 0.0126953125
2 0.359375 0.43359375 0.01171875 0.013671875
2 0.5087890625 0.4453125 0.0126953125 0.0166015625
2 0.7099609375 0.4599609375 0.0146484375 0.0185546875
2 0.98828125 0.48046875 0.01953125 0.021484375
1 0.0068359375 0.4033203125 0.0068359375 0.0078125
1 0.068359375 0.4072265625 0.0068359375 0.0078125
1 0.142578125 0.4130859375 0.0068359375 0.0087890625
1 0.2197265625 0.41796875 0.0078125 0.0087890625
1 0.3203125 0.4248046875 0.0078125 0.0087890625
1 0.4384765625 0.4326171875 0.0087890625 0.009765625
1 0.6005859375 0.443359375 0.0107421875 0.0126953125
1 0.7490234375 0.453125 0.0107421875 0.013671875
1 0.978515625 0.46875 0.013671875 0.015625