2 0.541015625 0.443359375 0.0029296875 0.00390625
2 0.568359375 0.4443359375 0.00390625 0.0048828125
2 0.59375 0.4453125 0.00390625 0.005859375
2 0.6083984375 0.4462890625 0.00390625 0.005859375
2 0.625 0.4482421875 0.00390625 0.0068359375
2 0.6298828125 0.4501953125 0.005859375 0.0087890625
2 0.599609375 0.451171875 0.0068359375 0.0087890625
2 0.5830078125 0.4541015625 0.0078125 0.0107421875
2 0.6318359375 0.458984375 0.0087890625 0.0126953125
2 0.78125 0.46875 0.0126953125 0.0166015625
2 0.9609375 0.4814453125 0.01953125 0.0224609375
2 0.087890625 0.462890625 0.0126953125 0.017578125
2 0.185546875 0.4560546875 0.0107421875 0.0126953125
2 0.251953125 0.451171875 0.0078125 0.0107421875
2 0.2880859375 0.4482421875 0.0068359375 0.009765625
2 0.3173828125 0.447265625 0.005859375 0.0087890625
2 0.337890625 0.4453125 0.0048828125 0.0078125
2 0.35546875 0.4443359375 0.0048828125 0.005859375
2 0.3720703125 0.443359375 0.00390625 0.005859375
2 0.3916015625 0.4423828125 0.00390625 0.005859375
2 0.4228515625 0.4423828125 0.0029296875 0.0048828125
2 0.466796875 0.4423828125 0.0029296875 0.0048828125
1 0.5009765625 0.4443359375 0.0029296875 0.0048828125
1 0.52734375 0.4443359375 0.00390625 0.0048828125
1 0.5458984375 0.4453125 0.00390625 0.005859375
1 0.5615234375 0.447265625 0.0048828125 0.0068359375
1 0.5400390625 0.44921875 0.005859375 0.0078125
1 0.478515625 0.451171875 0.0078125 0.0087890625
1 0.443359375 0.453125 0.0078125 0.0107421875
1 0.458984375 0.4580078125 0.0087890625 0.01171875
1 0.544921875 0.4658203125 0.01171875 0.015625
1 0.6484375 0.478515625 0.0166015625 0.0224609375
1 0.6044921875 0.5048828125 0.025390625 0.033203125
1 0.2578125 0.5576171875 0.056640625 0.0654296875
1 0.0966796875 0.4814453125 0.025390625 0.025390625
1 0.2470703125 0.4638671875 0.0146484375 0.0166015625
1 0.30859375 0.4560546875 0.0107421875 0.0126953125
1 0.3486328125 0.4521484375 0.0078125 0.009765625
1 0.37109375 0.44921875 0.0068359375 0.0087890625
1 0.390625 0.447265625 0.0048828125 0.0078125
1 0.4052734375 0.4453125 0.0048828125 0.0068359375
1 0.416015625 0.4443359375 0.00390625 0.005859375
1 0.4267578125 0.4423828125 0.0029296875 0.0048828125
1 0.4580078125 0.443359375 0.0029296875 0.0048828125