2 0.564453125 0.59375 0.056640625 0.060546875
2 0.2705078125 0.4921875 0.033203125 0.037109375
2 0.2470703125 0.4609375 0.0205078125 0.0244140625
2 0.2744140625 0.4482421875 0.0146484375 0.017578125
2 0.3310546875 0.44140625 0.009765625 0.0126953125
2 0.3349609375 0.4365234375 0.0078125 0.0107421875
2 0.30859375 0.4326171875 0.0078125 0.009765625
2 0.2587890625 0.4287109375 0.0068359375 0.0087890625
2 0.201171875 0.423828125 0.005859375 0.0078125
2 0.1494140625 0.4208984375 0.005859375 0.0078125
2 0.0908203125 0.4169921875 0.005859375 0.0078125
2 0.0546875 0.4150390625 0.0048828125 0.0068359375
2 0.0361328125 0.4130859375 0.0048828125 0.005859375
2 0.0654296875 0.412109375 0.00390625 0.005859375
2 0.10546875 0.4130859375 0.00390625 0.0048828125
2 0.1103515625 0.412109375 0.0029296875 0.00390625
2 0.0810546875 0.41015625 0.0029296875 0.00390625
2 0.0595703125 0.4091796875 0.001953125 0.00390625
2 0.064453125 0.4091796875 0.0029296875 0.00390625
2 0.0859375 0.4091796875 0.001953125 0.00390625
2 0.12109375 0.4111328125 0.001953125 0.0029296875
2 0.1513671875 0.412109375 0.001953125 0.00390625
2 0.1806640625 0.4140625 0.0029296875 0.00390625
2 0.21875 0.416015625 0.0029296875 0.00390625
2 0.2705078125 0.41796875 0.0029296875 0.00390625
2 0.298828125 0.419921875 0.0029296875 0.00390625
2 0.314453125 0.421875 0.0029296875 0.00390625
2 0.33203125 0.423828125 0.00390625 0.0048828125
2 0.3486328125 0.42578125 0.00390625 0.0048828125
2 0.3720703125 0.427734375 0.00390625 0.005859375
2 0.4189453125 0.4306640625 0.0048828125 0.005859375
2 0.474609375 0.4345703125 0.0048828125 0.0068359375
2 0.53125 0.4384765625 0.005859375 0.0078125
2 0.5556640625 0.443359375 0.0068359375 0.0087890625
2 0.638671875 0.4521484375 0.0078125 0.01171875
2 0.7958984375 0.4658203125 0.01171875 0.0146484375
1 0.8515625 0.4638671875 0.0107421875 0.0126953125
1 0.70703125 0.4521484375 0.0087890625 0.0107421875
1 0.6640625 0.4462890625 0.0068359375 0.0087890625
1 0.634765625 0.443359375 0.005859375 0.0068359375
1 0.5751953125 0.4375 0.0048828125 0.005859375
1 0.5048828125 0.43359375 0.00390625 0.005859375
1 0.44140625 0.4296875 0.0029296875 0.0048828125
1 0.4033203125 0.42578125 0.0029296875 0.00390625
1 0.388671875 0.4248046875 0.0029296875 0.00390625
1 0.365234375 0.4228515625 0.0029296875 0.00390625
1 0.337890625 0.4208984375 0.001953125 0.00390625
1 0.3046875 0.4189453125 0.001953125 0.0029296875
1 0.263671875 0.4169921875 0.0029296875 0.00390625
1 0.2265625 0.4150390625 0.0029296875 0.00390625
1 0.201171875 0.4140625 0.001953125 0.00390625
1 0.1591796875 0.412109375 0.001953125 0.00390625
1 0.1064453125 0.41015625 0.0029296875 0.00390625
1 0.0458984375 0.4072265625 0.001953125 0.00390625
1 0.02734375 0.4091796875 0.0029296875 0.0048828125
1 0.021484375 0.4091796875 0.00390625 0.0048828125
1 0.07421875 0.4189453125 0.0078125 0.0087890625
1 0.1240234375 0.423828125 0.0078125 0.009765625
1 0.1640625 0.4287109375 0.009765625 0.01171875
1 0.1328125 0.4326171875 0.0107421875 0.013671875
1 0.0234375 0.4384765625 0.0185546875 0.0185546875