2 0.224609375 0.505859375 0.0419921875 0.048828125
2 0.5634765625 0.4658203125 0.017578125 0.0224609375
2 0.4169921875 0.4501953125 0.0146484375 0.0185546875
2 0.8515625 0.4951171875 0.02734375 0.03125
2 0.3037109375 0.4384765625 0.01171875 0.0146484375
1 0.4365234375 0.4384765625 0.009765625 0.01171875
2 0.232421875 0.4306640625 0.009765625 0.0126953125
2 0.177734375 0.42578125 0.0087890625 0.0107421875
1 0.2900390625 0.4267578125 0.0078125 0.0087890625
1 0.357421875 0.4326171875 0.0078125 0.0107421875
1 0.1669921875 0.419921875 0.005859375 0.0078125
1 0.2373046875 0.4228515625 0.005859375 0.0078125
2 0.697265625 0.59765625 0.0576171875 0.0517578125
2 0.103515625 0.4208984375 0.0078125 0.0087890625
1 0.5498046875 0.4482421875 0.0078125 0.013671875
1 0.0322265625 0.416015625 0.0068359375 0.0078125
0 0.54296875 0.4580078125 0.0224609375 0.0390625
0 0.5810546875 0.4599609375 0.0244140625 0.041015625