1 0.8125 0.5185546875 0.0517578125 0.0546875
2 0.98828125 0.4306640625 0.0185546875 0.01953125
1 0.83984375 0.4443359375 0.01953125 0.021484375
2 0.8994140625 0.421875 0.01171875 0.013671875
1 0.7568359375 0.423828125 0.009765625 0.0126953125
1 0.77734375 0.4326171875 0.0126953125 0.015625
1 0.9755859375 0.466796875 0.0283203125 0.033203125
1 0.7939453125 0.419921875 0.0087890625 0.0107421875
2 0.9677734375 0.412109375 0.0087890625 0.0107421875
1 0.845703125 0.4140625 0.0068359375 0.0087890625
1 0.8515625 0.41015625 0.0048828125 0.0068359375
2 0.9423828125 0.416015625 0.0087890625 0.0126953125
1 0.8798828125 0.4111328125 0.005859375 0.0087890625
2 0.87109375 0.40625 0.0048828125 0.0068359375
2 0.9404296875 0.4072265625 0.005859375 0.0087890625
1 0.8095703125 0.4091796875 0.00390625 0.005859375
2 0.89453125 0.4072265625 0.0048828125 0.0068359375
2 0.8828125 0.4052734375 0.00390625 0.005859375
2 0.9052734375 0.4033203125 0.00390625 0.005859375
2 0.9833984375 0.3984375 0.00390625 0.0048828125
1 0.998046875 0.396484375 0.0029296875 0.00390625
2 0.919921875 0.40234375 0.00390625 0.005859375
1 0.8369140625 0.404296875 0.0029296875 0.0048828125
1 0.818359375 0.404296875 0.001953125 0.00390625
1 0.814453125 0.40625 0.0029296875 0.0048828125
1 0.8291015625 0.4033203125 0.001953125 0.00390625
1 0.861328125 0.4033203125 0.0029296875 0.0048828125
1 0.9501953125 0.3984375 0.0029296875 0.00390625
2 0.89453125 0.4013671875 0.00390625 0.0048828125
1 0.802734375 0.408203125 0.00390625 0.005859375
1 0.8388671875 0.4052734375 0.00390625 0.0048828125
1 0.8564453125 0.4013671875 0.001953125 0.00390625
2 0.9306640625 0.400390625 0.0029296875 0.00390625
1 0.8974609375 0.400390625 0.001953125 0.00390625
2 0.97265625 0.4072265625 0.0068359375 0.0078125