2 0.5146484375 0.4169921875 0.0029296875 0.0048828125
2 0.5341796875 0.41796875 0.0029296875 0.00390625
2 0.5380859375 0.4189453125 0.0029296875 0.0048828125
2 0.521484375 0.419921875 0.00390625 0.0048828125
2 0.498046875 0.419921875 0.00390625 0.005859375
2 0.4638671875 0.419921875 0.0048828125 0.0068359375
2 0.431640625 0.419921875 0.005859375 0.0078125
2 0.4169921875 0.421875 0.005859375 0.0087890625
2 0.4326171875 0.4267578125 0.0068359375 0.0087890625
2 0.4931640625 0.4326171875 0.0087890625 0.01171875
2 0.5927734375 0.44140625 0.0107421875 0.0126953125
2 0.7421875 0.453125 0.0126953125 0.0166015625
2 0.9111328125 0.4716796875 0.01953125 0.0205078125
2 0.53125 0.5849609375 0.0654296875 0.0771484375
2 0.236328125 0.4873046875 0.037109375 0.0400390625
2 0.18359375 0.4482421875 0.021484375 0.0244140625
2 0.220703125 0.4345703125 0.0146484375 0.0166015625
2 0.267578125 0.4267578125 0.0107421875 0.013671875
2 0.2958984375 0.421875 0.0087890625 0.0107421875
2 0.31640625 0.41796875 0.0068359375 0.0087890625
2 0.330078125 0.416015625 0.005859375 0.0078125
2 0.33984375 0.4140625 0.0048828125 0.0068359375
2 0.34765625 0.4130859375 0.00390625 0.005859375
2 0.3544921875 0.412109375 0.00390625 0.0048828125
2 0.365234375 0.4111328125 0.00390625 0.0048828125
2 0.3916015625 0.412109375 0.0029296875 0.0048828125
2 0.4345703125 0.4130859375 0.0029296875 0.00390625
2 0.4775390625 0.4150390625 0.0029296875 0.00390625
1 0.4892578125 0.4150390625 0.001953125 0.00390625
1 0.525390625 0.4169921875 0.001953125 0.0029296875
1 0.5625 0.419921875 0.0029296875 0.00390625
1 0.5927734375 0.4208984375 0.0029296875 0.00390625
1 0.59765625 0.421875 0.00390625 0.0048828125
1 0.58203125 0.4228515625 0.00390625 0.005859375
1 0.5615234375 0.4228515625 0.00390625 0.005859375
1 0.5341796875 0.4228515625 0.0048828125 0.005859375
1 0.513671875 0.4248046875 0.005859375 0.0068359375
1 0.52734375 0.4287109375 0.005859375 0.0078125
1 0.5751953125 0.43359375 0.0078125 0.009765625
1 0.6982421875 0.44140625 0.0087890625 0.01171875
1 0.830078125 0.451171875 0.01171875 0.0126953125
1 0.98046875 0.4638671875 0.0146484375 0.0166015625
1 0.0166015625 0.427734375 0.0185546875 0.0185546875
1 0.123046875 0.4208984375 0.01171875 0.0126953125
1 0.1787109375 0.4169921875 0.0087890625 0.0107421875
1 0.2197265625 0.4150390625 0.0078125 0.0087890625
1 0.24609375 0.412109375 0.005859375 0.0078125
1 0.26953125 0.4111328125 0.00390625 0.005859375
1 0.279296875 0.41015625 0.00390625 0.005859375
1 0.2919921875 0.4091796875 0.00390625 0.0048828125
1 0.3046875 0.4091796875 0.0029296875 0.00390625
1 0.3251953125 0.4091796875 0.0029296875 0.00390625
1 0.3603515625 0.41015625 0.001953125 0.00390625
1 0.404296875 0.4111328125 0.001953125 0.00390625
1 0.4443359375 0.4130859375 0.0029296875 0.00390625
1 0.8740234375 0.439453125 0.0078125 0.0087890625
1 0.79296875 0.43359375 0.0048828125 0.0078125
2 0.896484375 0.435546875 0.00390625 0.005859375