1 0.7734375 0.509765625 0.0498046875 0.0537109375
1 0.8994140625 0.4580078125 0.025390625 0.0302734375
1 0.802734375 0.439453125 0.017578125 0.0205078125
1 0.69140625 0.4306640625 0.0126953125 0.0146484375
1 0.591796875 0.427734375 0.009765625 0.0126953125
1 0.9658203125 0.40625 0.0078125 0.0087890625
1 0.8974609375 0.40625 0.005859375 0.0078125
1 0.796875 0.40625 0.00390625 0.005859375
1 0.7451171875 0.4072265625 0.00390625 0.005859375
1 0.6640625 0.41015625 0.0029296875 0.00390625
1 0.603515625 0.4111328125 0.00390625 0.0048828125
1 0.556640625 0.4130859375 0.00390625 0.0048828125
1 0.5068359375 0.416015625 0.00390625 0.005859375
1 0.4501953125 0.41796875 0.00390625 0.005859375
1 0.3994140625 0.4208984375 0.00390625 0.005859375
1 0.357421875 0.4228515625 0.0048828125 0.0068359375
1 0.3388671875 0.4267578125 0.005859375 0.0078125
1 0.369140625 0.427734375 0.0068359375 0.0087890625
1 0.4306640625 0.427734375 0.0068359375 0.0087890625
1 0.51171875 0.4267578125 0.0078125 0.0107421875
2 0.765625 0.4091796875 0.0048828125 0.0068359375
2 0.80859375 0.4091796875 0.005859375 0.0078125
2 0.86328125 0.41015625 0.0068359375 0.0087890625
2 0.9453125 0.4111328125 0.0087890625 0.0107421875
2 0.7138671875 0.4091796875 0.00390625 0.005859375
2 0.6474609375 0.4111328125 0.00390625 0.005859375
2 0.5869140625 0.4130859375 0.00390625 0.005859375
2 0.5205078125 0.416015625 0.00390625 0.005859375
2 0.4619140625 0.4189453125 0.0048828125 0.0068359375
2 0.427734375 0.421875 0.0048828125 0.0078125
2 0.470703125 0.4228515625 0.005859375 0.0078125
2 0.5439453125 0.421875 0.0068359375 0.0087890625
2 0.63671875 0.4208984375 0.0078125 0.0107421875
2 0.748046875 0.4208984375 0.0087890625 0.0126953125
2 0.8671875 0.4228515625 0.0126953125 0.0146484375