2 0.265625 0.5224609375 0.0517578125 0.056640625
2 0.00390625 0.404296875 0.0068359375 0.0087890625
2 0.0234375 0.4033203125 0.005859375 0.0078125
2 0.0390625 0.4013671875 0.0048828125 0.0068359375
2 0.0517578125 0.400390625 0.00390625 0.005859375
2 0.0625 0.400390625 0.00390625 0.005859375
2 0.0810546875 0.3994140625 0.00390625 0.0048828125
2 0.1123046875 0.400390625 0.00390625 0.005859375
2 0.1611328125 0.4013671875 0.00390625 0.0048828125
2 0.2080078125 0.4033203125 0.0029296875 0.00390625
2 0.255859375 0.40625 0.0029296875 0.0048828125
2 0.251953125 0.40625 0.00390625 0.0048828125
2 0.2314453125 0.4052734375 0.001953125 0.00390625
2 0.189453125 0.40625 0.0048828125 0.005859375
2 0.1494140625 0.40625 0.005859375 0.0068359375
2 0.11328125 0.40625 0.0048828125 0.0078125
2 0.109375 0.408203125 0.0068359375 0.0087890625
2 0.1201171875 0.4111328125 0.0068359375 0.0087890625
2 0.1728515625 0.4150390625 0.0087890625 0.0107421875
2 0.2548828125 0.4208984375 0.0087890625 0.0107421875
2 0.3486328125 0.427734375 0.009765625 0.0126953125
2 0.462890625 0.4375 0.01171875 0.0146484375
2 0.5751953125 0.451171875 0.0146484375 0.0185546875
2 0.78125 0.48046875 0.025390625 0.0283203125
1 0.001953125 0.396484375 0.0029296875 0.0048828125
1 0.0419921875 0.3974609375 0.00390625 0.00390625
1 0.0908203125 0.3984375 0.00390625 0.0048828125
1 0.15234375 0.400390625 0.0029296875 0.00390625
1 0.2119140625 0.40234375 0.001953125 0.00390625
1 0.267578125 0.4052734375 0.0029296875 0.00390625
1 0.2958984375 0.4072265625 0.0029296875 0.0029296875
1 0.3115234375 0.408203125 0.0029296875 0.00390625
1 0.32421875 0.4091796875 0.00390625 0.00390625
1 0.30078125 0.4091796875 0.00390625 0.0048828125
1 0.26953125 0.4091796875 0.00390625 0.005859375
1 0.2314453125 0.41015625 0.0048828125 0.005859375
1 0.216796875 0.412109375 0.005859375 0.0078125
1 0.26171875 0.416015625 0.005859375 0.0087890625
1 0.349609375 0.4208984375 0.005859375 0.0087890625
1 0.458984375 0.427734375 0.0078125 0.0107421875
1 0.5810546875 0.4365234375 0.009765625 0.01171875
1 0.701171875 0.4501953125 0.0126953125 0.015625
1 0.9296875 0.474609375 0.0205078125 0.0224609375