2 0.3271484375 0.46484375 0.0205078125 0.025390625
2 0.5078125 0.4482421875 0.0126953125 0.0146484375
2 0.3935546875 0.4501953125 0.0146484375 0.01953125
1 0.0888671875 0.4453125 0.0205078125 0.021484375
2 0.71875 0.4501953125 0.0107421875 0.0126953125
1 0.21875 0.439453125 0.0146484375 0.0166015625
1 0.4677734375 0.4384765625 0.009765625 0.01171875
2 0.484375 0.5400390625 0.044921875 0.05859375
1 0.318359375 0.4384765625 0.01171875 0.0146484375
2 0.60546875 0.4482421875 0.0107421875 0.013671875
2 0.86328125 0.4560546875 0.0107421875 0.0126953125
1 0.5634765625 0.4404296875 0.0087890625 0.0107421875
1 0.787109375 0.447265625 0.0087890625 0.009765625
1 0.65234375 0.4423828125 0.0078125 0.009765625
1 0.396484375 0.4384765625 0.0087890625 0.01171875
1 0.9189453125 0.4541015625 0.0087890625 0.01171875