1 0.12109375 0.45703125 0.0244140625 0.0263671875
1 0.2998046875 0.4462890625 0.0166015625 0.0185546875
1 0.4404296875 0.443359375 0.01171875 0.0146484375
1 0.5673828125 0.4443359375 0.0087890625 0.01171875
1 0.6689453125 0.4453125 0.0087890625 0.01171875
1 0.798828125 0.447265625 0.0068359375 0.0087890625
1 0.869140625 0.4482421875 0.0078125 0.0087890625
1 0.9482421875 0.4501953125 0.0068359375 0.0078125
2 0.4638671875 0.4677734375 0.0185546875 0.0244140625
2 0.9794921875 0.45703125 0.0078125 0.0107421875
2 0.9033203125 0.45703125 0.0087890625 0.01171875
2 0.791015625 0.4560546875 0.0107421875 0.013671875
2 0.6845703125 0.4560546875 0.01171875 0.0146484375
2 0.564453125 0.458984375 0.015625 0.0185546875
2 0.4169921875 0.5068359375 0.03515625 0.044921875