1 0.0625 0.4033203125 0.005859375 0.0068359375
1 0.1044921875 0.4052734375 0.005859375 0.0078125
1 0.142578125 0.408203125 0.0068359375 0.0078125
1 0.181640625 0.412109375 0.0068359375 0.0087890625
1 0.21875 0.4150390625 0.0068359375 0.0087890625
1 0.2685546875 0.4189453125 0.0078125 0.0087890625
1 0.3525390625 0.4208984375 0.00390625 0.0048828125
1 0.4541015625 0.431640625 0.009765625 0.01171875
1 0.5703125 0.44140625 0.009765625 0.0126953125
1 0.7529296875 0.455078125 0.01171875 0.013671875
1 0.9951171875 0.4755859375 0.0087890625 0.015625
2 0.5771484375 0.595703125 0.0556640625 0.0478515625
2 0.2109375 0.490234375 0.0400390625 0.04296875
2 0.0361328125 0.40625 0.0078125 0.0087890625
2 0.0732421875 0.4091796875 0.0078125 0.009765625
2 0.115234375 0.4130859375 0.0078125 0.009765625
2 0.1669921875 0.4169921875 0.0087890625 0.01171875
2 0.248046875 0.4248046875 0.009765625 0.0126953125
2 0.3515625 0.43359375 0.0107421875 0.0146484375
2 0.478515625 0.4453125 0.0126953125 0.0166015625
2 0.6728515625 0.462890625 0.017578125 0.0205078125