2 0.97265625 0.5791015625 0.0537109375 0.072265625
2 0.693359375 0.490234375 0.0234375 0.02734375
2 0.62890625 0.46875 0.013671875 0.0185546875
2 0.6259765625 0.458984375 0.0107421875 0.0146484375
2 0.662109375 0.4541015625 0.0087890625 0.01171875
2 0.75390625 0.451171875 0.0087890625 0.01171875
2 0.876953125 0.4501953125 0.009765625 0.01171875
1 0.1787109375 0.5849609375 0.064453125 0.0703125
1 0.37109375 0.4931640625 0.0234375 0.0283203125
1 0.419921875 0.470703125 0.0146484375 0.0185546875
1 0.4423828125 0.458984375 0.0107421875 0.0126953125
1 0.5078125 0.453125 0.0078125 0.0107421875
1 0.5859375 0.44921875 0.0078125 0.009765625
1 0.69140625 0.447265625 0.0078125 0.0078125
1 0.8203125 0.4462890625 0.0078125 0.0087890625
1 0.9892578125 0.447265625 0.009765625 0.0107421875