2 0.7861328125 0.5087890625 0.0341796875 0.0390625
2 0.7431640625 0.478515625 0.0185546875 0.0234375
2 0.7626953125 0.4658203125 0.0146484375 0.0166015625
2 0.8173828125 0.4580078125 0.0107421875 0.015625
2 0.7861328125 0.44921875 0.0078125 0.009765625
2 0.734375 0.4462890625 0.0068359375 0.0078125
2 0.6787109375 0.443359375 0.005859375 0.0068359375
2 0.6337890625 0.44140625 0.0048828125 0.0068359375
2 0.587890625 0.4404296875 0.0048828125 0.0068359375
2 0.5615234375 0.4384765625 0.00390625 0.005859375
2 0.5478515625 0.4375 0.00390625 0.005859375
2 0.5673828125 0.4365234375 0.001953125 0.00390625
2 0.595703125 0.4365234375 0.001953125 0.00390625
2 0.599609375 0.4345703125 0.001953125 0.00390625
2 0.5771484375 0.4345703125 0.001953125 0.00390625
2 0.5625 0.4345703125 0.001953125 0.00390625
2 0.5654296875 0.43359375 0.001953125 0.0029296875
2 0.5791015625 0.43359375 0.001953125 0.0029296875
2 0.6064453125 0.43359375 0.001953125 0.0029296875
2 0.630859375 0.43359375 0.001953125 0.0029296875
2 0.654296875 0.4345703125 0.0029296875 0.00390625
2 0.6884765625 0.435546875 0.001953125 0.00390625
2 0.73828125 0.4365234375 0.0029296875 0.00390625
2 0.7685546875 0.4375 0.0029296875 0.00390625
2 0.78515625 0.4384765625 0.0029296875 0.0048828125
2 0.8056640625 0.4404296875 0.00390625 0.0048828125
2 0.826171875 0.44140625 0.00390625 0.005859375
2 0.85546875 0.443359375 0.0048828125 0.0068359375
2 0.9169921875 0.4453125 0.005859375 0.0068359375
2 0.9970703125 0.4482421875 0.00390625 0.0087890625
1 0.076171875 0.595703125 0.0576171875 0.0537109375
1 0.3671875 0.4912109375 0.02734375 0.03125
1 0.4375 0.4658203125 0.015625 0.0185546875
1 0.875 0.4404296875 0.0029296875 0.00390625
1 0.8447265625 0.439453125 0.0029296875 0.00390625
1 0.8134765625 0.4375 0.0029296875 0.00390625
1 0.7744140625 0.4365234375 0.001953125 0.00390625
1 0.732421875 0.435546875 0.001953125 0.00390625
1 0.6962890625 0.4345703125 0.001953125 0.0029296875
1 0.6728515625 0.4345703125 0.0029296875 0.0029296875
1 0.63671875 0.43359375 0.001953125 0.0029296875
1 0.552734375 0.4326171875 0.001953125 0.0029296875
1 0.5283203125 0.43359375 0.001953125 0.0029296875
1 0.5146484375 0.43359375 0.001953125 0.0029296875
1 0.51953125 0.43359375 0.001953125 0.00390625
1 0.541015625 0.4345703125 0.0029296875 0.00390625
1 0.5380859375 0.4345703125 0.001953125 0.00390625
1 0.5048828125 0.435546875 0.00390625 0.005859375
1 0.482421875 0.4365234375 0.00390625 0.0048828125
1 0.494140625 0.4384765625 0.00390625 0.005859375
1 0.5185546875 0.4404296875 0.005859375 0.0068359375
1 0.5791015625 0.4423828125 0.005859375 0.0078125
1 0.6171875 0.4443359375 0.0068359375 0.0087890625
1 0.650390625 0.4482421875 0.0078125 0.0107421875
1 0.6279296875 0.4521484375 0.0087890625 0.01171875
1 0.5537109375 0.4580078125 0.01171875 0.015625