1 0.9921875 0.4765625 0.0078125 0.0107421875
1 0.984375 0.4814453125 0.009765625 0.01171875
1 0.9755859375 0.486328125 0.0126953125 0.0146484375
1 0.7294921875 0.4765625 0.0126953125 0.015625
1 0.591796875 0.4658203125 0.0107421875 0.0146484375
1 0.4599609375 0.45703125 0.0107421875 0.0126953125
1 0.3271484375 0.4501953125 0.0107421875 0.013671875
1 0.1806640625 0.4482421875 0.0126953125 0.0146484375
1 0.0087890625 0.451171875 0.017578125 0.017578125
2 0.263671875 0.50390625 0.0341796875 0.0390625
2 0.19140625 0.47265625 0.0205078125 0.025390625
2 0.220703125 0.4609375 0.0166015625 0.01953125
2 0.365234375 0.4609375 0.0146484375 0.0185546875
2 0.5185546875 0.4677734375 0.013671875 0.0185546875
2 0.677734375 0.48046875 0.0166015625 0.01953125
2 0.896484375 0.4970703125 0.0205078125 0.0244140625
0 0.953125 0.5986328125 0.05859375 0.05078125