1 0.7529296875 0.44921875 0.005859375 0.0087890625
1 0.8681640625 0.4501953125 0.0078125 0.009765625
1 0.15234375 0.5673828125 0.0576171875 0.0693359375
1 0.34765625 0.494140625 0.025390625 0.0302734375
1 0.40234375 0.4677734375 0.013671875 0.0185546875
1 0.43359375 0.4609375 0.0126953125 0.0146484375
1 0.50390625 0.455078125 0.0087890625 0.01171875
1 0.5703125 0.451171875 0.0087890625 0.009765625
1 0.6435546875 0.44921875 0.0078125 0.0087890625
2 0.8876953125 0.4541015625 0.0087890625 0.01171875
2 0.9052734375 0.5576171875 0.056640625 0.0625
2 0.7060546875 0.4931640625 0.025390625 0.029296875
2 0.638671875 0.4697265625 0.0146484375 0.0185546875
2 0.615234375 0.4609375 0.0107421875 0.0146484375
2 0.669921875 0.455078125 0.0087890625 0.0126953125
2 0.7607421875 0.453125 0.0078125 0.0107421875