2 0.546875 0.587890625 0.06640625 0.0703125
2 0.2548828125 0.4794921875 0.029296875 0.037109375
2 0.158203125 0.4443359375 0.01953125 0.0224609375
2 0.11328125 0.427734375 0.013671875 0.0166015625
2 0.0927734375 0.4189453125 0.0107421875 0.013671875
2 0.1044921875 0.4140625 0.0087890625 0.0107421875
2 0.146484375 0.412109375 0.0078125 0.0087890625
2 0.2294921875 0.4140625 0.0068359375 0.0078125
2 0.3154296875 0.416015625 0.005859375 0.0078125
2 0.40625 0.4208984375 0.005859375 0.0078125
2 0.455078125 0.4248046875 0.0068359375 0.0087890625
2 0.490234375 0.4287109375 0.0078125 0.0107421875
2 0.51953125 0.435546875 0.009765625 0.0126953125
2 0.53125 0.4453125 0.0126953125 0.0166015625
2 0.5859375 0.462890625 0.01953125 0.0234375
2 0.7333984375 0.5 0.0322265625 0.037109375
1 0.0810546875 0.4072265625 0.0078125 0.0087890625
1 0.1865234375 0.4091796875 0.005859375 0.0078125
1 0.291015625 0.4130859375 0.005859375 0.0078125
1 0.39453125 0.4169921875 0.0048828125 0.0078125
1 0.4677734375 0.4208984375 0.0048828125 0.0068359375
1 0.54296875 0.4267578125 0.0068359375 0.0087890625
1 0.62109375 0.4326171875 0.0068359375 0.0087890625
1 0.6455078125 0.4375 0.0087890625 0.01171875
1 0.6748046875 0.4462890625 0.0107421875 0.013671875
1 0.775390625 0.4638671875 0.017578125 0.0205078125
1 0.9580078125 0.48828125 0.0244140625 0.02734375