2 0.203125 0.46875 0.021484375 0.0234375
2 0.3046875 0.4453125 0.013671875 0.0166015625
2 0.3310546875 0.4345703125 0.009765625 0.0126953125
2 0.34765625 0.4296875 0.0078125 0.0107421875
2 0.44921875 0.4248046875 0.0068359375 0.0087890625
2 0.5263671875 0.4208984375 0.0068359375 0.0087890625
2 0.583984375 0.416015625 0.00390625 0.005859375
2 0.625 0.41015625 0.0029296875 0.0048828125
2 0.677734375 0.408203125 0.00390625 0.005859375
2 0.7353515625 0.40625 0.00390625 0.0048828125
2 0.798828125 0.4052734375 0.00390625 0.005859375
2 0.8212890625 0.40625 0.0048828125 0.0068359375
2 0.828125 0.4072265625 0.0048828125 0.0078125
2 0.8349609375 0.4091796875 0.005859375 0.0078125
2 0.845703125 0.412109375 0.0068359375 0.009765625
2 0.86328125 0.4150390625 0.0087890625 0.01171875
2 0.89453125 0.4208984375 0.01171875 0.0146484375
2 0.9384765625 0.4296875 0.015625 0.017578125
1 0.1630859375 0.5322265625 0.0439453125 0.0498046875
1 0.4736328125 0.4697265625 0.021484375 0.0263671875
1 0.5458984375 0.4443359375 0.0146484375 0.0185546875
1 0.4833984375 0.435546875 0.0107421875 0.013671875
1 0.4892578125 0.4296875 0.0068359375 0.009765625
1 0.5595703125 0.4248046875 0.0078125 0.009765625
1 0.6474609375 0.419921875 0.0078125 0.0087890625
1 0.6767578125 0.4169921875 0.005859375 0.0078125
1 0.6728515625 0.4140625 0.0048828125 0.0068359375
1 0.65234375 0.412109375 0.00390625 0.005859375
1 0.6484375 0.4111328125 0.00390625 0.005859375
1 0.66796875 0.4091796875 0.00390625 0.005859375
1 0.7060546875 0.408203125 0.0029296875 0.00390625
1 0.7392578125 0.4072265625 0.00390625 0.005859375
1 0.755859375 0.408203125 0.00390625 0.005859375
1 0.759765625 0.412109375 0.00390625 0.0068359375
1 0.763671875 0.4140625 0.005859375 0.0078125
1 0.7607421875 0.41796875 0.0068359375 0.009765625
1 0.76953125 0.4228515625 0.0087890625 0.01171875
1 0.767578125 0.43359375 0.0107421875 0.013671875
1 0.7744140625 0.4462890625 0.015625 0.0205078125
1 0.7841796875 0.470703125 0.02734375 0.0322265625
1 0.744140625 0.556640625 0.0634765625 0.0703125