2 0.9189453125 0.556640625 0.05859375 0.0576171875
2 0.6923828125 0.4853515625 0.021484375 0.02734375
2 0.630859375 0.46484375 0.0126953125 0.017578125
2 0.6015625 0.45703125 0.0087890625 0.0126953125
2 0.58203125 0.4501953125 0.0078125 0.009765625
2 0.568359375 0.447265625 0.005859375 0.0087890625
2 0.5615234375 0.4443359375 0.0048828125 0.0068359375
2 0.568359375 0.4423828125 0.00390625 0.005859375
2 0.5927734375 0.44140625 0.00390625 0.005859375
2 0.64453125 0.4404296875 0.00390625 0.005859375
2 0.7041015625 0.439453125 0.0048828125 0.005859375
2 0.8232421875 0.4462890625 0.0068359375 0.0087890625
2 0.7958984375 0.44921875 0.0078125 0.0107421875
2 0.7822265625 0.45703125 0.01171875 0.017578125
2 0.8427734375 0.466796875 0.0166015625 0.0185546875
2 0.9765625 0.478515625 0.0224609375 0.0244140625
1 0.306640625 0.5234375 0.0400390625 0.04296875
1 0.3974609375 0.482421875 0.01953125 0.0234375
1 0.4306640625 0.466796875 0.0126953125 0.0166015625
1 0.4501953125 0.45703125 0.009765625 0.0126953125
1 0.4619140625 0.451171875 0.0078125 0.009765625
1 0.4716796875 0.447265625 0.005859375 0.0078125
1 0.4775390625 0.4453125 0.0048828125 0.0068359375
1 0.482421875 0.4423828125 0.00390625 0.005859375
1 0.513671875 0.4404296875 0.0048828125 0.005859375
1 0.5576171875 0.439453125 0.0029296875 0.0048828125
1 0.6201171875 0.4384765625 0.00390625 0.0048828125
1 0.693359375 0.4384765625 0.00390625 0.0048828125
1 0.7744140625 0.4384765625 0.00390625 0.0048828125
1 0.833984375 0.439453125 0.0048828125 0.005859375
1 0.892578125 0.44140625 0.005859375 0.005859375
1 0.951171875 0.4423828125 0.0068359375 0.0078125
1 0.9462890625 0.4453125 0.0068359375 0.0087890625
1 0.9326171875 0.4482421875 0.0078125 0.009765625
1 0.9384765625 0.4541015625 0.0107421875 0.0126953125
1 0.986328125 0.4599609375 0.013671875 0.015625