1 0.0546875 0.4482421875 0.0234375 0.025390625
1 0.1708984375 0.4052734375 0.00390625 0.0048828125
1 0.1826171875 0.4052734375 0.0029296875 0.00390625
1 0.1962890625 0.4072265625 0.0029296875 0.0048828125
1 0.2568359375 0.4130859375 0.0029296875 0.0048828125
1 0.283203125 0.4150390625 0.0029296875 0.0048828125
1 0.3125 0.41796875 0.00390625 0.005859375
1 0.3486328125 0.419921875 0.00390625 0.0048828125
1 0.3896484375 0.423828125 0.00390625 0.005859375
1 0.447265625 0.4296875 0.00390625 0.0068359375
1 0.509765625 0.4345703125 0.005859375 0.0078125
1 0.595703125 0.4423828125 0.0078125 0.0107421875
1 0.7197265625 0.4541015625 0.0087890625 0.0107421875
1 0.87109375 0.4677734375 0.01171875 0.013671875
2 0.501953125 0.5283203125 0.03515625 0.0517578125
2 0.416015625 0.46875 0.01953125 0.025390625
2 0.3408203125 0.44921875 0.0146484375 0.01953125
2 0.2216796875 0.435546875 0.013671875 0.015625
2 0.111328125 0.42578125 0.01171875 0.0146484375
2 0.0390625 0.41796875 0.009765625 0.0126953125
2 0.0654296875 0.4150390625 0.0078125 0.0107421875
2 0.0908203125 0.4140625 0.0068359375 0.0087890625
2 0.015625 0.40234375 0.0029296875 0.0048828125
2 0.142578125 0.404296875 0.0029296875 0.0048828125
2 0.1552734375 0.40625 0.0029296875 0.0048828125
2 0.1728515625 0.408203125 0.00390625 0.005859375
2 0.1943359375 0.41015625 0.00390625 0.005859375
2 0.21484375 0.412109375 0.0048828125 0.005859375
2 0.240234375 0.4150390625 0.0048828125 0.005859375
2 0.2705078125 0.41796875 0.0048828125 0.0068359375
2 0.3076171875 0.421875 0.005859375 0.0078125
2 0.3564453125 0.4267578125 0.0068359375 0.0087890625
2 0.416015625 0.4326171875 0.0078125 0.009765625
2 0.4990234375 0.4404296875 0.0087890625 0.01171875
2 0.626953125 0.4541015625 0.0126953125 0.0146484375
2 0.7880859375 0.470703125 0.0166015625 0.0185546875