2 0.998046875 0.451171875 0.0029296875 0.01171875
2 0.9638671875 0.58203125 0.0703125 0.0751953125
2 0.7001953125 0.494140625 0.025390625 0.03125
2 0.6328125 0.470703125 0.0146484375 0.01953125
2 0.61328125 0.4599609375 0.0107421875 0.013671875
2 0.65234375 0.453125 0.0087890625 0.0107421875
2 0.744140625 0.4501953125 0.0078125 0.0107421875
2 0.861328125 0.44921875 0.0087890625 0.0107421875
1 0.8447265625 0.4462890625 0.0068359375 0.0087890625
1 0.9619140625 0.447265625 0.0087890625 0.009765625
1 0.2509765625 0.5556640625 0.0517578125 0.0595703125
1 0.357421875 0.4951171875 0.0234375 0.029296875
1 0.4091796875 0.470703125 0.0146484375 0.0185546875
1 0.4404296875 0.4609375 0.0107421875 0.0146484375
1 0.482421875 0.4541015625 0.0087890625 0.0107421875
1 0.5546875 0.451171875 0.0078125 0.009765625
1 0.6455078125 0.4482421875 0.005859375 0.0087890625
1 0.728515625 0.447265625 0.0068359375 0.0087890625