2 0.9072265625 0.5576171875 0.060546875 0.05859375
2 0.6826171875 0.4853515625 0.0224609375 0.0263671875
2 0.6259765625 0.4677734375 0.0126953125 0.015625
2 0.625 0.4580078125 0.0107421875 0.013671875
2 0.662109375 0.4521484375 0.0087890625 0.01171875
2 0.7529296875 0.44921875 0.0087890625 0.0107421875
2 0.873046875 0.44921875 0.0087890625 0.0107421875
1 0.216796875 0.5625 0.0546875 0.0634765625
1 0.3798828125 0.4892578125 0.021484375 0.0263671875
1 0.4267578125 0.46875 0.013671875 0.017578125
1 0.447265625 0.4580078125 0.0107421875 0.0126953125
1 0.5107421875 0.4521484375 0.0078125 0.0107421875
1 0.5888671875 0.4482421875 0.0078125 0.0087890625
1 0.693359375 0.4462890625 0.0068359375 0.0087890625
1 0.8203125 0.4453125 0.0078125 0.0087890625
1 0.9853515625 0.4453125 0.009765625 0.009765625