2 0.87890625 0.5556640625 0.0302734375 0.060546875
2 0.626953125 0.4931640625 0.0234375 0.0263671875
2 0.4287109375 0.4736328125 0.0146484375 0.01953125
2 0.3349609375 0.4638671875 0.01171875 0.015625
2 0.3818359375 0.455078125 0.0087890625 0.0107421875
2 0.4658203125 0.455078125 0.0078125 0.0107421875
2 0.5556640625 0.458984375 0.0087890625 0.0107421875
2 0.6923828125 0.4658203125 0.0107421875 0.013671875
2 0.912109375 0.4765625 0.0146484375 0.0166015625
1 0.7890625 0.4638671875 0.009765625 0.01171875
1 0.6591796875 0.4580078125 0.0078125 0.009765625
1 0.5341796875 0.4541015625 0.0078125 0.0087890625
1 0.412109375 0.451171875 0.0068359375 0.0087890625
1 0.2841796875 0.44921875 0.0078125 0.009765625
1 0.1962890625 0.453125 0.0107421875 0.0126953125
1 0.111328125 0.4599609375 0.013671875 0.0146484375
1 0.0927734375 0.4736328125 0.0205078125 0.0224609375
1 0.2109375 0.4970703125 0.02734375 0.0322265625
1 0.10546875 0.56640625 0.0703125 0.06640625