1 0.96484375 0.4443359375 0.00390625 0.005859375
1 0.3427734375 0.5029296875 0.02734375 0.03125
1 0.4423828125 0.4765625 0.0146484375 0.0185546875
1 0.5185546875 0.4677734375 0.0126953125 0.015625
1 0.6064453125 0.462890625 0.009765625 0.0126953125
1 0.6923828125 0.45703125 0.0087890625 0.0107421875
1 0.7490234375 0.453125 0.0078125 0.009765625
1 0.732421875 0.4501953125 0.0068359375 0.0087890625
1 0.6904296875 0.4482421875 0.005859375 0.0078125
1 0.6396484375 0.447265625 0.0048828125 0.0068359375
1 0.916015625 0.443359375 0.0048828125 0.005859375
1 0.873046875 0.4423828125 0.00390625 0.005859375
1 0.837890625 0.44140625 0.0029296875 0.0048828125
1 0.7802734375 0.4404296875 0.0029296875 0.00390625
1 0.744140625 0.4404296875 0.0029296875 0.00390625
1 0.685546875 0.44140625 0.001953125 0.0029296875
1 0.6396484375 0.44140625 0.001953125 0.00390625
1 0.5693359375 0.4423828125 0.001953125 0.00390625
1 0.529296875 0.4423828125 0.001953125 0.00390625
1 0.4951171875 0.443359375 0.0029296875 0.00390625
1 0.470703125 0.4453125 0.00390625 0.005859375
1 0.4658203125 0.4443359375 0.0029296875 0.0048828125
1 0.4970703125 0.4462890625 0.00390625 0.0048828125
1 0.5390625 0.4462890625 0.00390625 0.0048828125
1 0.591796875 0.4462890625 0.00390625 0.005859375
2 0.75390625 0.44140625 0.0029296875 0.0048828125
2 0.7783203125 0.4423828125 0.00390625 0.005859375
2 0.806640625 0.443359375 0.00390625 0.0048828125
2 0.8447265625 0.4443359375 0.00390625 0.005859375
2 0.8837890625 0.4453125 0.0048828125 0.0068359375
2 0.9423828125 0.447265625 0.005859375 0.0078125
2 0.7197265625 0.44140625 0.00390625 0.0048828125
2 0.6728515625 0.44140625 0.0029296875 0.00390625
2 0.62890625 0.44140625 0.0029296875 0.00390625
2 0.58203125 0.4423828125 0.0029296875 0.00390625
2 0.5419921875 0.443359375 0.0029296875 0.00390625
2 0.5205078125 0.443359375 0.0029296875 0.0048828125
2 0.525390625 0.4443359375 0.0029296875 0.0048828125
2 0.556640625 0.4443359375 0.00390625 0.0048828125
2 0.6064453125 0.4453125 0.00390625 0.005859375
2 0.6640625 0.4453125 0.00390625 0.005859375
2 0.7265625 0.4462890625 0.0048828125 0.0068359375
2 0.779296875 0.447265625 0.005859375 0.0078125
2 0.8271484375 0.44921875 0.0068359375 0.0087890625
2 0.873046875 0.4521484375 0.0068359375 0.0087890625
2 0.8916015625 0.455078125 0.0087890625 0.01171875
2 0.84765625 0.458984375 0.0087890625 0.0126953125
2 0.79296875 0.4638671875 0.01171875 0.0146484375
2 0.7138671875 0.47265625 0.0146484375 0.0185546875
2 0.6923828125 0.490234375 0.0224609375 0.02734375
2 0.818359375 0.53125 0.044921875 0.048828125
0 0.8779296875 0.443359375 0.005859375 0.0126953125
0 0.8876953125 0.4423828125 0.0048828125 0.0126953125
0 0.9609375 0.44140625 0.005859375 0.01171875
0 0.9697265625 0.44140625 0.0078125 0.0126953125