1 0.42578125 0.4228515625 0.00390625 0.0048828125
1 0.46484375 0.42578125 0.00390625 0.005859375
1 0.580078125 0.43359375 0.0048828125 0.0078125
1 0.6513671875 0.4384765625 0.0048828125 0.0068359375
1 0.734375 0.4453125 0.005859375 0.0078125
1 0.80078125 0.451171875 0.0078125 0.009765625
1 0.8671875 0.4580078125 0.0078125 0.0107421875
1 0.9501953125 0.4638671875 0.0126953125 0.013671875
1 0.0908203125 0.42578125 0.0107421875 0.0126953125
1 0.1875 0.4248046875 0.0078125 0.009765625
1 0.2451171875 0.423828125 0.0068359375 0.0078125
1 0.2353515625 0.4208984375 0.005859375 0.0078125
1 0.1982421875 0.4169921875 0.005859375 0.0068359375
1 0.146484375 0.4140625 0.0048828125 0.0068359375
1 0.396484375 0.4208984375 0.0029296875 0.0048828125
1 0.2978515625 0.4150390625 0.001953125 0.00390625
1 0.2666015625 0.4130859375 0.001953125 0.00390625
1 0.2080078125 0.41015625 0.001953125 0.00390625
1 0.158203125 0.408203125 0.001953125 0.00390625
1 0.1162109375 0.4072265625 0.0029296875 0.00390625
1 0.0703125 0.4052734375 0.0029296875 0.00390625
1 0.0146484375 0.4033203125 0.00390625 0.0048828125
1 0.0244140625 0.408203125 0.0048828125 0.005859375
1 0.0927734375 0.4111328125 0.005859375 0.0068359375
2 0.2734375 0.4140625 0.0029296875 0.00390625
2 0.29296875 0.416015625 0.00390625 0.0048828125
2 0.3154296875 0.4169921875 0.0029296875 0.0048828125
2 0.341796875 0.4189453125 0.00390625 0.005859375
2 0.3681640625 0.419921875 0.00390625 0.005859375
2 0.4052734375 0.423828125 0.00390625 0.0068359375
2 0.451171875 0.427734375 0.0048828125 0.0068359375
2 0.515625 0.431640625 0.005859375 0.0078125
2 0.58984375 0.4375 0.0068359375 0.0087890625
2 0.654296875 0.443359375 0.0068359375 0.0087890625
2 0.720703125 0.453125 0.009765625 0.0126953125
2 0.873046875 0.466796875 0.013671875 0.0166015625
2 0.2421875 0.4130859375 0.0029296875 0.00390625
2 0.1943359375 0.41015625 0.0029296875 0.00390625
2 0.1435546875 0.408203125 0.0029296875 0.00390625
2 0.0859375 0.4072265625 0.00390625 0.0048828125
2 0.03125 0.4052734375 0.00390625 0.005859375
2 0.0009765625 0.404296875 0.001953125 0.005859375
2 0.0068359375 0.4052734375 0.00390625 0.005859375
2 0.05078125 0.4072265625 0.0048828125 0.005859375
2 0.1123046875 0.41015625 0.0048828125 0.005859375
2 0.1767578125 0.4140625 0.0048828125 0.005859375
2 0.23828125 0.4169921875 0.0048828125 0.005859375
2 0.283203125 0.419921875 0.0048828125 0.0068359375
2 0.3193359375 0.421875 0.0048828125 0.0078125
2 0.3486328125 0.42578125 0.005859375 0.0078125
2 0.353515625 0.4287109375 0.0068359375 0.0087890625
2 0.3154296875 0.4296875 0.0078125 0.009765625
2 0.263671875 0.431640625 0.009765625 0.01171875
2 0.18359375 0.435546875 0.0126953125 0.0146484375
2 0.1396484375 0.4462890625 0.0185546875 0.021484375
2 0.1875 0.4638671875 0.025390625 0.0283203125
2 0.322265625 0.5078125 0.041015625 0.0458984375
0 0.365234375 0.4189453125 0.00390625 0.0087890625
0 0.37109375 0.4189453125 0.005859375 0.009765625
0 0.423828125 0.4208984375 0.0048828125 0.0087890625
0 0.4287109375 0.4208984375 0.005859375 0.0087890625