2 0.2373046875 0.4375 0.001953125 0.00390625
2 0.2548828125 0.4375 0.001953125 0.0029296875
2 0.2421875 0.4384765625 0.001953125 0.00390625
2 0.2236328125 0.439453125 0.0029296875 0.00390625
2 0.1982421875 0.4404296875 0.0029296875 0.00390625
2 0.1767578125 0.44140625 0.0029296875 0.0048828125
2 0.16796875 0.4423828125 0.00390625 0.0048828125
2 0.1845703125 0.443359375 0.00390625 0.005859375
2 0.224609375 0.4443359375 0.0048828125 0.005859375
2 0.2783203125 0.4443359375 0.0048828125 0.005859375
2 0.341796875 0.443359375 0.0048828125 0.005859375
2 0.3876953125 0.4443359375 0.005859375 0.0068359375
2 0.43359375 0.4462890625 0.005859375 0.0078125
2 0.4794921875 0.4482421875 0.0068359375 0.0087890625
2 0.5556640625 0.451171875 0.0087890625 0.0107421875
2 0.6650390625 0.45703125 0.0107421875 0.013671875
2 0.8271484375 0.4638671875 0.015625 0.0185546875
2 0.806640625 0.5185546875 0.0380859375 0.0439453125
2 0.66015625 0.478515625 0.01953125 0.0234375
2 0.5869140625 0.46484375 0.0126953125 0.0166015625
2 0.5146484375 0.4599609375 0.0126953125 0.0146484375
2 0.443359375 0.45703125 0.009765625 0.0126953125
2 0.33984375 0.4541015625 0.0087890625 0.01171875
2 0.240234375 0.453125 0.0087890625 0.01171875
2 0.162109375 0.4521484375 0.0078125 0.0087890625
2 0.10546875 0.4501953125 0.0068359375 0.0087890625
2 0.0908203125 0.44921875 0.005859375 0.0078125
2 0.09375 0.4443359375 0.00390625 0.005859375
2 0.09765625 0.4423828125 0.00390625 0.005859375
2 0.1005859375 0.439453125 0.0029296875 0.00390625
2 0.10546875 0.439453125 0.0029296875 0.00390625
2 0.1279296875 0.4384765625 0.001953125 0.0029296875
2 0.1669921875 0.4384765625 0.001953125 0.00390625
2 0.205078125 0.4375 0.001953125 0.0029296875
1 0.21484375 0.4375 0.001953125 0.0029296875
1 0.2470703125 0.4375 0.001953125 0.0029296875
1 0.2763671875 0.4365234375 0.001953125 0.0029296875
1 0.298828125 0.435546875 0.001953125 0.0048828125
1 0.3017578125 0.4365234375 0.0029296875 0.00390625
1 0.2880859375 0.4375 0.0029296875 0.00390625
1 0.271484375 0.4384765625 0.001953125 0.00390625
1 0.2509765625 0.439453125 0.001953125 0.00390625
1 0.2353515625 0.4404296875 0.0029296875 0.00390625
1 0.2451171875 0.44140625 0.0029296875 0.0048828125
1 0.2734375 0.4423828125 0.00390625 0.0048828125
1 0.3359375 0.44140625 0.00390625 0.005859375
1 0.3916015625 0.44140625 0.00390625 0.005859375
1 0.4375 0.44140625 0.00390625 0.005859375
1 0.484375 0.443359375 0.0048828125 0.0068359375
1 0.53125 0.4443359375 0.005859375 0.0078125
1 0.59375 0.4462890625 0.0068359375 0.0087890625
1 0.6708984375 0.4482421875 0.0068359375 0.009765625
1 0.7744140625 0.4521484375 0.009765625 0.01171875
1 0.9404296875 0.45703125 0.013671875 0.0146484375
1 0.2548828125 0.572265625 0.05859375 0.0703125
1 0.39453125 0.48828125 0.0205078125 0.0263671875
1 0.37890625 0.47265625 0.015625 0.0205078125
1 0.33203125 0.4638671875 0.0126953125 0.015625
1 0.1240234375 0.4580078125 0.0107421875 0.0126953125
1 0.0224609375 0.4560546875 0.009765625 0.0107421875
1 0.001953125 0.4482421875 0.00390625 0.0068359375
1 0.0107421875 0.447265625 0.0048828125 0.005859375
1 0.0205078125 0.4453125 0.00390625 0.005859375
1 0.02734375 0.443359375 0.00390625 0.0048828125
1 0.1357421875 0.4384765625 0.001953125 0.0029296875
1 0.1728515625 0.4375 0.001953125 0.0029296875