2 0.80859375 0.5126953125 0.037109375 0.0390625
2 0.736328125 0.4794921875 0.0205078125 0.0234375
2 0.673828125 0.46484375 0.0126953125 0.0166015625
2 0.607421875 0.4580078125 0.0107421875 0.0126953125
2 0.5126953125 0.453125 0.0078125 0.0107421875
2 0.4267578125 0.451171875 0.0068359375 0.0087890625
2 0.3466796875 0.4501953125 0.0068359375 0.0087890625
2 0.271484375 0.4482421875 0.0068359375 0.0087890625
2 0.2373046875 0.447265625 0.005859375 0.0078125
2 0.2275390625 0.4453125 0.0048828125 0.0068359375
2 0.22265625 0.4423828125 0.00390625 0.005859375
2 0.21875 0.4404296875 0.0029296875 0.00390625
2 0.2138671875 0.4384765625 0.0029296875 0.00390625
2 0.2197265625 0.439453125 0.0029296875 0.0048828125
2 0.236328125 0.4375 0.001953125 0.00390625
2 0.267578125 0.4375 0.001953125 0.0029296875
2 0.2998046875 0.4375 0.001953125 0.0029296875
2 0.3359375 0.4365234375 0.001953125 0.0029296875
2 0.326171875 0.4375 0.0029296875 0.00390625
2 0.3037109375 0.439453125 0.0029296875 0.00390625
2 0.2861328125 0.439453125 0.0029296875 0.00390625
2 0.2724609375 0.4404296875 0.0029296875 0.00390625
2 0.2763671875 0.44140625 0.0029296875 0.00390625
2 0.2890625 0.44140625 0.00390625 0.0048828125
2 0.3232421875 0.4423828125 0.00390625 0.0048828125
2 0.3701171875 0.4423828125 0.00390625 0.005859375
2 0.41796875 0.443359375 0.00390625 0.005859375
2 0.4716796875 0.443359375 0.005859375 0.0068359375
2 0.51171875 0.4453125 0.0048828125 0.0078125
2 0.5595703125 0.447265625 0.005859375 0.0087890625
2 0.6240234375 0.4501953125 0.0078125 0.0087890625
2 0.7060546875 0.453125 0.0087890625 0.01171875
2 0.8369140625 0.458984375 0.0126953125 0.0146484375
1 0.375 0.5263671875 0.037109375 0.0458984375
1 0.47265625 0.482421875 0.0205078125 0.0244140625
1 0.4765625 0.4658203125 0.0126953125 0.0166015625
1 0.4189453125 0.4580078125 0.009765625 0.0126953125
1 0.353515625 0.455078125 0.0078125 0.0107421875
1 0.248046875 0.453125 0.0078125 0.009765625
1 0.17578125 0.451171875 0.0068359375 0.0078125
1 0.138671875 0.4501953125 0.005859375 0.0078125
1 0.1357421875 0.447265625 0.0048828125 0.0068359375
1 0.1416015625 0.4462890625 0.00390625 0.005859375
1 0.1484375 0.4443359375 0.00390625 0.005859375
1 0.1533203125 0.443359375 0.0029296875 0.00390625
1 0.15625 0.4423828125 0.0029296875 0.0029296875
1 0.1611328125 0.44140625 0.0029296875 0.0029296875
1 0.1689453125 0.439453125 0.001953125 0.0029296875
1 0.1875 0.4384765625 0.001953125 0.0029296875
1 0.2578125 0.4375 0.001953125 0.0029296875
1 0.33984375 0.4365234375 0.001953125 0.0029296875
1 0.361328125 0.4365234375 0.001953125 0.0029296875
1 0.3740234375 0.4375 0.0029296875 0.0029296875
1 0.384765625 0.4375 0.001953125 0.0029296875
1 0.37109375 0.4384765625 0.0029296875 0.00390625
1 0.353515625 0.4384765625 0.0029296875 0.00390625
1 0.3359375 0.4404296875 0.0029296875 0.00390625
1 0.330078125 0.4404296875 0.0029296875 0.00390625
1 0.3642578125 0.44140625 0.00390625 0.0048828125
1 0.4140625 0.44140625 0.00390625 0.005859375
1 0.529296875 0.4423828125 0.00390625 0.005859375
1 0.5712890625 0.443359375 0.005859375 0.0068359375
1 0.626953125 0.4453125 0.0048828125 0.005859375
1 0.6923828125 0.447265625 0.005859375 0.0078125
1 0.791015625 0.451171875 0.0087890625 0.009765625
1 0.935546875 0.455078125 0.0107421875 0.0126953125