2 0.8095703125 0.5244140625 0.0419921875 0.0419921875
2 0.671875 0.4814453125 0.01953125 0.0244140625
2 0.6142578125 0.46484375 0.0126953125 0.0166015625
2 0.5849609375 0.4560546875 0.0087890625 0.01171875
2 0.5703125 0.451171875 0.0068359375 0.0087890625
2 0.5771484375 0.4482421875 0.005859375 0.0078125
2 0.60546875 0.4462890625 0.005859375 0.0078125
2 0.6689453125 0.4453125 0.005859375 0.0068359375
2 0.74609375 0.4443359375 0.005859375 0.0078125
2 0.81640625 0.4443359375 0.005859375 0.0078125
2 0.876953125 0.447265625 0.0078125 0.0087890625
2 0.9296875 0.4501953125 0.0087890625 0.0107421875
2 0.958984375 0.4560546875 0.0107421875 0.013671875
2 0.953125 0.462890625 0.0146484375 0.0166015625
2 0.98828125 0.4755859375 0.021484375 0.0224609375
1 0.302734375 0.5263671875 0.0400390625 0.0439453125
1 0.392578125 0.4833984375 0.0205078125 0.0234375
1 0.42578125 0.4658203125 0.0126953125 0.0166015625
1 0.4462890625 0.45703125 0.0087890625 0.01171875
1 0.4580078125 0.4521484375 0.0068359375 0.009765625
1 0.4658203125 0.4482421875 0.005859375 0.0078125
1 0.505859375 0.4462890625 0.005859375 0.0068359375
1 0.560546875 0.4443359375 0.0048828125 0.0068359375
1 0.6357421875 0.443359375 0.0048828125 0.005859375
1 0.724609375 0.4423828125 0.0048828125 0.005859375
1 0.8291015625 0.443359375 0.005859375 0.0068359375
1 0.9140625 0.4443359375 0.0068359375 0.0078125