2 0.888671875 0.4912109375 0.0263671875 0.0302734375
2 0.095703125 0.462890625 0.0283203125 0.033203125
2 0.5458984375 0.4638671875 0.021484375 0.0244140625
2 0.298828125 0.4443359375 0.017578125 0.0205078125
1 0.923828125 0.47265625 0.0185546875 0.0205078125
2 0.314453125 0.505859375 0.0439453125 0.0478515625
1 0.2451171875 0.427734375 0.01171875 0.013671875
2 0.126953125 0.4306640625 0.015625 0.017578125
1 0.6123046875 0.4521484375 0.0146484375 0.0166015625
1 0.0185546875 0.4111328125 0.0107421875 0.0107421875
1 0.4072265625 0.4384765625 0.0126953125 0.0146484375
1 0.126953125 0.419921875 0.0087890625 0.01171875