2 0.78515625 0.4599609375 0.00390625 0.005859375
2 0.8544921875 0.4658203125 0.005859375 0.0078125
2 0.9404296875 0.4716796875 0.0087890625 0.0107421875
2 0.7841796875 0.572265625 0.056640625 0.05859375
2 0.734375 0.5107421875 0.0283203125 0.03125
2 0.6591796875 0.48046875 0.0146484375 0.017578125
2 0.591796875 0.466796875 0.009765625 0.0126953125
2 0.5029296875 0.4599609375 0.0078125 0.009765625
2 0.4990234375 0.4560546875 0.0068359375 0.0087890625
2 0.53515625 0.4541015625 0.005859375 0.0087890625
2 0.51171875 0.451171875 0.0048828125 0.005859375
2 0.4638671875 0.4482421875 0.00390625 0.005859375
2 0.416015625 0.4462890625 0.00390625 0.005859375
2 0.400390625 0.4443359375 0.00390625 0.0048828125
2 0.42578125 0.4443359375 0.00390625 0.0048828125
2 0.4658203125 0.4462890625 0.00390625 0.0048828125
2 0.5166015625 0.447265625 0.0029296875 0.0048828125
2 0.576171875 0.44921875 0.0029296875 0.00390625
2 0.625 0.451171875 0.00390625 0.005859375
2 0.6796875 0.4541015625 0.00390625 0.005859375
2 0.7255859375 0.45703125 0.0048828125 0.005859375
1 0.8564453125 0.462890625 0.00390625 0.0068359375
1 0.9560546875 0.46875 0.0068359375 0.0078125
1 0.7919921875 0.458984375 0.00390625 0.0048828125
1 0.7421875 0.4560546875 0.00390625 0.005859375
1 0.6982421875 0.453125 0.00390625 0.005859375
1 0.64453125 0.451171875 0.0029296875 0.0048828125
1 0.57421875 0.4462890625 0.001953125 0.0029296875
1 0.5224609375 0.447265625 0.0029296875 0.0048828125
1 0.458984375 0.4453125 0.0029296875 0.00390625
1 0.396484375 0.443359375 0.0029296875 0.00390625
1 0.3408203125 0.4423828125 0.00390625 0.0048828125
1 0.3251953125 0.4423828125 0.0048828125 0.005859375
1 0.3525390625 0.4443359375 0.00390625 0.005859375
1 0.40234375 0.447265625 0.00390625 0.005859375
1 0.44140625 0.4501953125 0.005859375 0.0068359375
1 0.4140625 0.4521484375 0.005859375 0.0078125
1 0.359375 0.453125 0.0068359375 0.0087890625
1 0.3544921875 0.45703125 0.0087890625 0.0107421875
1 0.455078125 0.46484375 0.0107421875 0.013671875
1 0.48828125 0.4775390625 0.0146484375 0.0185546875
1 0.375 0.4912109375 0.0224609375 0.0263671875
1 0.0849609375 0.525390625 0.0498046875 0.0439453125
0 0.7802734375 0.4580078125 0.0068359375 0.01171875
0 0.7890625 0.458984375 0.0078125 0.0126953125
0 0.8525390625 0.4609375 0.0078125 0.01171875
0 0.8623046875 0.4609375 0.0087890625 0.0126953125