1 0.53515625 0.47265625 0.017578125 0.021484375
1 0.2265625 0.517578125 0.044921875 0.0478515625
2 0.884765625 0.4990234375 0.0244140625 0.0283203125
2 0.9580078125 0.4833984375 0.017578125 0.01953125
2 0.91015625 0.470703125 0.0126953125 0.0146484375
2 0.8583984375 0.5615234375 0.0537109375 0.0595703125
1 0.6865234375 0.4697265625 0.013671875 0.0166015625
1 0.6943359375 0.4619140625 0.009765625 0.0126953125
1 0.625 0.4541015625 0.0078125 0.0107421875
2 0.744140625 0.455078125 0.0068359375 0.0107421875
2 0.80078125 0.4609375 0.0078125 0.0107421875
2 0.7783203125 0.453125 0.005859375 0.0078125
1 0.7060546875 0.447265625 0.0048828125 0.0068359375
1 0.6162109375 0.44921875 0.005859375 0.0087890625
1 0.91796875 0.4560546875 0.005859375 0.0078125
1 0.806640625 0.451171875 0.0048828125 0.005859375
1 0.65234375 0.447265625 0.005859375 0.0078125
2 0.84765625 0.455078125 0.00390625 0.0078125
2 0.9267578125 0.458984375 0.005859375 0.0078125