1 0.4072265625 0.419921875 0.0029296875 0.0048828125
1 0.4423828125 0.4228515625 0.00390625 0.0048828125
1 0.4873046875 0.42578125 0.00390625 0.005859375
1 0.607421875 0.43359375 0.0048828125 0.0068359375
1 0.6767578125 0.439453125 0.005859375 0.0078125
1 0.7265625 0.4453125 0.0068359375 0.0087890625
1 0.7744140625 0.4501953125 0.0078125 0.0107421875
1 0.83984375 0.455078125 0.0087890625 0.0107421875
1 0.9462890625 0.4619140625 0.0087890625 0.01171875
1 0.0859375 0.419921875 0.009765625 0.0107421875
1 0.173828125 0.419921875 0.0068359375 0.0087890625
1 0.2294921875 0.4189453125 0.005859375 0.0078125
1 0.2216796875 0.4169921875 0.005859375 0.0068359375
1 0.189453125 0.4140625 0.0048828125 0.0068359375
1 0.1416015625 0.4111328125 0.0048828125 0.005859375
1 0.380859375 0.41796875 0.0029296875 0.00390625
1 0.33203125 0.4150390625 0.0029296875 0.00390625
1 0.291015625 0.412109375 0.0029296875 0.00390625
1 0.2607421875 0.41015625 0.0029296875 0.00390625
1 0.205078125 0.408203125 0.001953125 0.0029296875
1 0.15625 0.40625 0.0029296875 0.00390625
1 0.1162109375 0.404296875 0.0029296875 0.00390625
1 0.0712890625 0.40234375 0.0029296875 0.0048828125
1 0.0185546875 0.4013671875 0.0029296875 0.00390625
1 0.0283203125 0.4052734375 0.0048828125 0.005859375
1 0.091796875 0.408203125 0.00390625 0.005859375
2 0.265625 0.412109375 0.0029296875 0.00390625
2 0.2841796875 0.4130859375 0.00390625 0.0048828125
2 0.3037109375 0.4150390625 0.00390625 0.0048828125
2 0.328125 0.41796875 0.00390625 0.0068359375
2 0.3515625 0.41796875 0.00390625 0.0048828125
2 0.384765625 0.4208984375 0.00390625 0.005859375
2 0.42578125 0.423828125 0.0048828125 0.0068359375
2 0.482421875 0.4287109375 0.0048828125 0.0068359375
2 0.5458984375 0.4326171875 0.005859375 0.0078125
2 0.59765625 0.4375 0.0068359375 0.009765625
2 0.6416015625 0.4453125 0.0087890625 0.01171875
2 0.7548828125 0.4560546875 0.0107421875 0.013671875
2 0.9541015625 0.46875 0.0146484375 0.015625
2 0.236328125 0.41015625 0.001953125 0.00390625
2 0.1904296875 0.408203125 0.0029296875 0.00390625
2 0.142578125 0.40625 0.00390625 0.0048828125
2 0.0869140625 0.404296875 0.00390625 0.0048828125
2 0.03515625 0.40234375 0.00390625 0.0048828125
2 0.0048828125 0.4013671875 0.00390625 0.0048828125
2 0.01171875 0.40234375 0.00390625 0.005859375
2 0.052734375 0.4052734375 0.0048828125 0.005859375
2 0.111328125 0.4072265625 0.00390625 0.005859375
2 0.171875 0.4111328125 0.0048828125 0.005859375
2 0.2275390625 0.4140625 0.00390625 0.005859375
2 0.2705078125 0.416015625 0.0048828125 0.005859375
2 0.3017578125 0.4189453125 0.0048828125 0.0068359375
2 0.3291015625 0.423828125 0.005859375 0.0087890625
2 0.2900390625 0.4248046875 0.0078125 0.0087890625
2 0.240234375 0.42578125 0.0087890625 0.0107421875
2 0.1630859375 0.4287109375 0.01171875 0.0126953125
2 0.1201171875 0.4345703125 0.015625 0.017578125
2 0.150390625 0.4462890625 0.01953125 0.0224609375
2 0.2275390625 0.470703125 0.0283203125 0.03125
2 0.447265625 0.5380859375 0.0517578125 0.05859375
0 0.3486328125 0.416015625 0.00390625 0.0107421875
0 0.353515625 0.416015625 0.0048828125 0.0107421875
0 0.4052734375 0.4189453125 0.0048828125 0.009765625
0 0.4091796875 0.41796875 0.005859375 0.0107421875