2 0.5 0.435546875 0.001953125 0.0029296875
2 0.5146484375 0.4365234375 0.001953125 0.0029296875
2 0.5048828125 0.4375 0.001953125 0.0029296875
2 0.490234375 0.4375 0.001953125 0.0029296875
2 0.470703125 0.4384765625 0.0029296875 0.00390625
2 0.455078125 0.439453125 0.001953125 0.00390625
2 0.4501953125 0.439453125 0.0029296875 0.00390625
2 0.462890625 0.4404296875 0.0029296875 0.00390625
2 0.4931640625 0.44140625 0.00390625 0.0048828125
2 0.537109375 0.44140625 0.00390625 0.005859375
2 0.58984375 0.44140625 0.00390625 0.005859375
2 0.6298828125 0.4423828125 0.00390625 0.0068359375
2 0.6708984375 0.443359375 0.005859375 0.0078125
2 0.7109375 0.4462890625 0.005859375 0.0078125
2 0.7783203125 0.4482421875 0.0078125 0.009765625
2 0.8779296875 0.453125 0.0107421875 0.0126953125
2 0.9423828125 0.5390625 0.0478515625 0.0537109375
2 0.884765625 0.486328125 0.0234375 0.02734375
2 0.83203125 0.466796875 0.015625 0.0185546875
2 0.7890625 0.4580078125 0.0107421875 0.0146484375
2 0.7314453125 0.4541015625 0.009765625 0.01171875
2 0.6728515625 0.4521484375 0.0078125 0.0107421875
2 0.587890625 0.44921875 0.0068359375 0.009765625
2 0.51171875 0.447265625 0.005859375 0.0078125
2 0.4541015625 0.447265625 0.0048828125 0.0078125
2 0.4130859375 0.4453125 0.0048828125 0.0068359375
2 0.400390625 0.4443359375 0.00390625 0.005859375
2 0.3984375 0.4423828125 0.00390625 0.005859375
2 0.396484375 0.4384765625 0.0029296875 0.00390625
2 0.400390625 0.4375 0.001953125 0.0029296875
2 0.4150390625 0.4365234375 0.001953125 0.0029296875
2 0.4443359375 0.435546875 0.001953125 0.0029296875
2 0.4736328125 0.435546875 0.001953125 0.0029296875
1 0.4814453125 0.435546875 0.001953125 0.001953125
1 0.5537109375 0.435546875 0.001953125 0.00390625
1 0.5546875 0.435546875 0.001953125 0.0029296875
1 0.54296875 0.4365234375 0.001953125 0.0029296875
1 0.529296875 0.4375 0.001953125 0.0029296875
1 0.5126953125 0.4375 0.001953125 0.0029296875
1 0.5009765625 0.4384765625 0.0029296875 0.00390625
1 0.5087890625 0.439453125 0.0029296875 0.00390625
1 0.53125 0.4404296875 0.0029296875 0.00390625
1 0.5849609375 0.439453125 0.0029296875 0.0048828125
1 0.6337890625 0.439453125 0.00390625 0.0048828125
1 0.67578125 0.4404296875 0.00390625 0.005859375
1 0.7197265625 0.44140625 0.0048828125 0.0068359375
1 0.7646484375 0.4423828125 0.005859375 0.0078125
1 0.82421875 0.4453125 0.0068359375 0.0087890625
1 0.900390625 0.447265625 0.0078125 0.0087890625
1 0.3291015625 0.541015625 0.0439453125 0.0517578125
1 0.5517578125 0.4921875 0.0224609375 0.029296875
1 0.625 0.4697265625 0.013671875 0.017578125
1 0.6162109375 0.4609375 0.0107421875 0.0146484375
1 0.5830078125 0.455078125 0.0087890625 0.0107421875
1 0.5146484375 0.4521484375 0.0078125 0.009765625
1 0.43359375 0.4501953125 0.0068359375 0.0087890625
1 0.3671875 0.4482421875 0.005859375 0.0078125
1 0.333984375 0.4462890625 0.0048828125 0.0068359375
1 0.3408203125 0.443359375 0.00390625 0.0048828125
1 0.3447265625 0.4423828125 0.0029296875 0.00390625
1 0.349609375 0.4404296875 0.0029296875 0.0048828125
1 0.3544921875 0.4384765625 0.0029296875 0.00390625
1 0.359375 0.4375 0.001953125 0.0029296875
1 0.369140625 0.4375 0.001953125 0.0029296875
1 0.390625 0.4365234375 0.001953125 0.0029296875
1 0.421875 0.4365234375 0.001953125 0.0029296875
1 0.4482421875 0.435546875 0.001953125 0.0029296875