2 0.3271484375 0.458984375 0.017578125 0.0234375
2 0.32421875 0.4873046875 0.03125 0.0400390625
2 0.5888671875 0.4501953125 0.01171875 0.0146484375
2 0.42578125 0.44921875 0.013671875 0.0166015625
1 0.3974609375 0.4384765625 0.009765625 0.0126953125
2 0.732421875 0.453125 0.0107421875 0.013671875
1 0.0791015625 0.4453125 0.0205078125 0.0205078125
1 0.2646484375 0.4375 0.0126953125 0.0146484375
1 0.5302734375 0.44140625 0.0087890625 0.01171875
2 0.6044921875 0.5927734375 0.0556640625 0.060546875
1 0.6572265625 0.4453125 0.0078125 0.0107421875
2 0.962890625 0.458984375 0.0087890625 0.0107421875
2 0.8505859375 0.4560546875 0.009765625 0.01171875
1 0.75390625 0.447265625 0.0078125 0.0087890625
1 0.8466796875 0.4501953125 0.005859375 0.0087890625