1 0.3583984375 0.5205078125 0.0341796875 0.041015625
1 0.20703125 0.4931640625 0.0244140625 0.0283203125
1 0.1376953125 0.478515625 0.01953125 0.021484375
1 0.2158203125 0.466796875 0.0146484375 0.0166015625
1 0.3154296875 0.458984375 0.01171875 0.013671875
1 0.4228515625 0.4541015625 0.009765625 0.01171875
1 0.5390625 0.4521484375 0.0078125 0.0107421875
1 0.640625 0.451171875 0.0087890625 0.0107421875
1 0.724609375 0.451171875 0.0087890625 0.009765625
1 0.837890625 0.453125 0.009765625 0.01171875
1 0.947265625 0.4560546875 0.0107421875 0.0126953125
2 0.7109375 0.50390625 0.03125 0.0361328125
2 0.4931640625 0.482421875 0.021484375 0.0244140625
2 0.451171875 0.466796875 0.013671875 0.017578125
2 0.53125 0.458984375 0.01171875 0.013671875
2 0.6689453125 0.4580078125 0.01171875 0.013671875
2 0.787109375 0.4599609375 0.013671875 0.015625
2 0.939453125 0.4658203125 0.0166015625 0.017578125