1 0.4736328125 0.4345703125 0.005859375 0.0078125
1 0.5400390625 0.4404296875 0.0068359375 0.0087890625
1 0.626953125 0.4482421875 0.0087890625 0.009765625
1 0.748046875 0.4580078125 0.009765625 0.0126953125
1 0.9248046875 0.4736328125 0.013671875 0.0146484375
1 0.0361328125 0.4091796875 0.0048828125 0.005859375
1 0.119140625 0.412109375 0.00390625 0.005859375
1 0.18359375 0.4150390625 0.00390625 0.0048828125
1 0.2490234375 0.41796875 0.00390625 0.0048828125
1 0.3427734375 0.423828125 0.00390625 0.005859375
1 0.3779296875 0.4267578125 0.00390625 0.005859375
1 0.419921875 0.4296875 0.005859375 0.0068359375
2 0.2724609375 0.4208984375 0.005859375 0.0068359375
2 0.3017578125 0.423828125 0.005859375 0.0078125
2 0.337890625 0.427734375 0.0068359375 0.0078125
2 0.3837890625 0.431640625 0.0068359375 0.0087890625
2 0.4453125 0.4384765625 0.0078125 0.0107421875
2 0.529296875 0.4462890625 0.0087890625 0.0126953125
2 0.6494140625 0.458984375 0.01171875 0.015625
2 0.8388671875 0.478515625 0.0166015625 0.0205078125
2 0.3037109375 0.4990234375 0.0380859375 0.0439453125
2 0.181640625 0.458984375 0.021484375 0.025390625
2 0.126953125 0.4404296875 0.0166015625 0.0185546875
2 0.0966796875 0.4296875 0.0126953125 0.0146484375
2 0.0751953125 0.4228515625 0.009765625 0.0126953125
2 0.0595703125 0.41796875 0.0078125 0.0107421875
2 0.0498046875 0.4150390625 0.0068359375 0.0087890625
2 0.04296875 0.4130859375 0.005859375 0.0078125
2 0.0751953125 0.412109375 0.005859375 0.0068359375
2 0.1455078125 0.4140625 0.0048828125 0.005859375
2 0.216796875 0.41796875 0.005859375 0.005859375