1 0.8203125 0.498046875 0.0400390625 0.0458984375
1 0.9921875 0.4345703125 0.015625 0.01953125
1 0.9716796875 0.4560546875 0.025390625 0.0283203125
1 0.91796875 0.42578125 0.01171875 0.0146484375
1 0.73046875 0.4208984375 0.0078125 0.009765625
2 0.93359375 0.4169921875 0.0087890625 0.0107421875
1 0.83984375 0.421875 0.0087890625 0.0107421875
1 0.3515625 0.6044921875 0.0517578125 0.037109375
1 0.6669921875 0.4208984375 0.0068359375 0.0078125
2 0.7548828125 0.4169921875 0.0068359375 0.0078125
1 0.640625 0.416015625 0.00390625 0.005859375
1 0.646484375 0.4150390625 0.00390625 0.0048828125
2 0.72265625 0.416015625 0.005859375 0.0078125
1 0.6376953125 0.419921875 0.0048828125 0.0078125
1 0.6513671875 0.4130859375 0.0029296875 0.0048828125
2 0.833984375 0.4169921875 0.0068359375 0.0087890625
2 0.8662109375 0.408203125 0.00390625 0.005859375
1 0.9248046875 0.4052734375 0.0048828125 0.005859375
2 0.8115234375 0.408203125 0.00390625 0.005859375
2 0.7138671875 0.4140625 0.00390625 0.0068359375
2 0.927734375 0.4072265625 0.005859375 0.0068359375
2 0.79296875 0.40625 0.0029296875 0.00390625
2 0.7626953125 0.4091796875 0.0029296875 0.00390625
2 0.7744140625 0.4091796875 0.00390625 0.0048828125
2 0.81640625 0.404296875 0.001953125 0.0029296875
1 0.861328125 0.40625 0.00390625 0.0048828125
1 0.849609375 0.4033203125 0.001953125 0.00390625
1 0.8271484375 0.4072265625 0.0029296875 0.00390625
1 0.8203125 0.40625 0.0029296875 0.00390625
2 0.8291015625 0.40234375 0.001953125 0.0029296875
2 0.7587890625 0.408203125 0.0029296875 0.0048828125
2 0.724609375 0.40625 0.001953125 0.00390625
1 0.658203125 0.4111328125 0.0029296875 0.00390625
2 0.708984375 0.41015625 0.00390625 0.005859375
2 0.7734375 0.4072265625 0.0029296875 0.00390625
2 0.8212890625 0.40234375 0.001953125 0.0029296875
2 0.7548828125 0.4052734375 0.001953125 0.00390625
1 0.65625 0.412109375 0.0029296875 0.00390625
1 0.662109375 0.41015625 0.001953125 0.0029296875
2 0.7890625 0.4033203125 0.001953125 0.00390625
1 0.87109375 0.40234375 0.001953125 0.00390625
1 0.6650390625 0.4091796875 0.001953125 0.0029296875
1 0.826171875 0.404296875 0.0029296875 0.00390625
1 0.8349609375 0.40234375 0.001953125 0.001953125
2 0.705078125 0.408203125 0.0029296875 0.0048828125
1 0.6826171875 0.408203125 0.001953125 0.0029296875
1 0.74609375 0.4052734375 0.001953125 0.001953125
1 0.654296875 0.412109375 0.0029296875 0.00390625
1 0.8896484375 0.4013671875 0.001953125 0.0029296875