1 0.5869140625 0.4365234375 0.001953125 0.00390625
1 0.626953125 0.4365234375 0.001953125 0.0029296875
1 0.6640625 0.4365234375 0.001953125 0.0029296875
1 0.6884765625 0.4375 0.0029296875 0.00390625
1 0.7001953125 0.4365234375 0.001953125 0.00390625
1 0.7060546875 0.4375 0.0029296875 0.00390625
1 0.7001953125 0.439453125 0.00390625 0.0048828125
1 0.7353515625 0.4404296875 0.00390625 0.005859375
1 0.7802734375 0.4384765625 0.0029296875 0.00390625
1 0.8525390625 0.4423828125 0.005859375 0.0068359375
1 0.8759765625 0.4453125 0.005859375 0.0078125
1 0.888671875 0.447265625 0.0068359375 0.0087890625
1 0.912109375 0.4501953125 0.0087890625 0.0107421875
1 0.208984375 0.552734375 0.0546875 0.0595703125
1 0.3544921875 0.48828125 0.0224609375 0.0263671875
1 0.3984375 0.46875 0.0146484375 0.0185546875
1 0.419921875 0.458984375 0.0107421875 0.013671875
1 0.4326171875 0.453125 0.0078125 0.0107421875
1 0.4423828125 0.44921875 0.005859375 0.0087890625
1 0.447265625 0.4462890625 0.0048828125 0.0068359375
1 0.4541015625 0.443359375 0.00390625 0.005859375
1 0.458984375 0.4404296875 0.00390625 0.0048828125
1 0.46484375 0.439453125 0.0029296875 0.0048828125
1 0.470703125 0.4375 0.001953125 0.00390625
1 0.4912109375 0.4375 0.0029296875 0.00390625
1 0.515625 0.4365234375 0.0029296875 0.00390625
2 0.6171875 0.4365234375 0.001953125 0.00390625
2 0.646484375 0.4365234375 0.001953125 0.00390625
2 0.66015625 0.4375 0.001953125 0.00390625
2 0.654296875 0.4384765625 0.0029296875 0.00390625
2 0.6484375 0.439453125 0.001953125 0.00390625
2 0.650390625 0.4404296875 0.0029296875 0.00390625
2 0.6884765625 0.44140625 0.00390625 0.005859375
2 0.7275390625 0.4423828125 0.0048828125 0.0068359375
2 0.771484375 0.443359375 0.0048828125 0.0068359375
2 0.779296875 0.4453125 0.005859375 0.0078125
2 0.7890625 0.447265625 0.005859375 0.0087890625
2 0.8125 0.451171875 0.0087890625 0.01171875
2 0.8974609375 0.4560546875 0.009765625 0.0126953125
2 0.8369140625 0.5390625 0.048828125 0.0546875
2 0.658203125 0.4814453125 0.0205078125 0.025390625
2 0.6083984375 0.4658203125 0.0126953125 0.017578125
2 0.5830078125 0.45703125 0.0087890625 0.0126953125
2 0.5654296875 0.451171875 0.0078125 0.0107421875
2 0.552734375 0.4482421875 0.005859375 0.0087890625
2 0.54296875 0.4453125 0.0048828125 0.0068359375
2 0.5380859375 0.443359375 0.00390625 0.005859375
2 0.5322265625 0.44140625 0.00390625 0.005859375
2 0.5263671875 0.4404296875 0.0029296875 0.00390625
2 0.5234375 0.4384765625 0.0029296875 0.0048828125
2 0.544921875 0.4375 0.0029296875 0.00390625
2 0.578125 0.4365234375 0.001953125 0.00390625