1 0.0517578125 0.4541015625 0.021484375 0.0234375
1 0.14453125 0.443359375 0.0166015625 0.0185546875
1 0.125 0.4384765625 0.0146484375 0.0166015625
1 0.0380859375 0.4326171875 0.0146484375 0.015625
1 0.0126953125 0.4130859375 0.0068359375 0.0068359375
1 0.0673828125 0.4140625 0.0048828125 0.0068359375
1 0.1142578125 0.4150390625 0.005859375 0.005859375
1 0.275390625 0.4189453125 0.0048828125 0.005859375
1 0.3486328125 0.4208984375 0.00390625 0.005859375
1 0.404296875 0.423828125 0.00390625 0.0048828125
1 0.4609375 0.42578125 0.00390625 0.005859375
1 0.51171875 0.4287109375 0.0029296875 0.0048828125
1 0.5576171875 0.431640625 0.00390625 0.005859375
1 0.6455078125 0.4375 0.0048828125 0.0068359375
1 0.724609375 0.4423828125 0.005859375 0.0078125
1 0.865234375 0.4521484375 0.0078125 0.0087890625
2 0.4423828125 0.537109375 0.0439453125 0.05859375
2 0.3212890625 0.4775390625 0.0263671875 0.0322265625
2 0.3681640625 0.451171875 0.0146484375 0.0185546875
2 0.3232421875 0.439453125 0.01171875 0.0146484375
2 0.2138671875 0.4326171875 0.0107421875 0.0126953125
2 0.0888671875 0.42578125 0.0087890625 0.0107421875
2 0.064453125 0.4208984375 0.0078125 0.009765625
2 0.0517578125 0.4169921875 0.0068359375 0.0078125
2 0.09375 0.416015625 0.005859375 0.0078125
2 0.16015625 0.4169921875 0.005859375 0.0068359375
2 0.2197265625 0.4189453125 0.0048828125 0.0068359375
2 0.28515625 0.4208984375 0.0048828125 0.005859375
2 0.3515625 0.4228515625 0.00390625 0.005859375
2 0.978515625 0.4697265625 0.0146484375 0.0146484375
2 0.8388671875 0.4560546875 0.0107421875 0.0126953125
2 0.7314453125 0.4482421875 0.0078125 0.009765625
2 0.6376953125 0.44140625 0.005859375 0.0087890625
2 0.5595703125 0.435546875 0.005859375 0.0078125
2 0.4921875 0.4306640625 0.005859375 0.0078125
2 0.44921875 0.4287109375 0.00390625 0.005859375
2 0.3994140625 0.4248046875 0.00390625 0.005859375