2 0.1220703125 0.466796875 0.02734375 0.0302734375
2 0.1435546875 0.4462890625 0.0185546875 0.0205078125
1 0.21484375 0.427734375 0.0107421875 0.01171875
2 0.2763671875 0.521484375 0.0478515625 0.0517578125
2 0.267578125 0.4365234375 0.0126953125 0.015625
1 0.0888671875 0.4326171875 0.013671875 0.015625
1 0.2607421875 0.4228515625 0.0068359375 0.0087890625
2 0.349609375 0.4326171875 0.0087890625 0.0126953125
2 0.1279296875 0.4208984375 0.0078125 0.009765625
2 0.2294921875 0.419921875 0.005859375 0.0078125
1 0.1923828125 0.4228515625 0.0078125 0.0087890625
2 0.376953125 0.4248046875 0.0068359375 0.0087890625
2 0.4140625 0.431640625 0.0078125 0.0107421875
1 0.2880859375 0.42578125 0.0078125 0.0107421875
2 0.4091796875 0.4287109375 0.0068359375 0.0087890625
2 0.3115234375 0.4208984375 0.005859375 0.0087890625