2 0.9013671875 0.533203125 0.04296875 0.0498046875
2 0.6611328125 0.486328125 0.025390625 0.02734375
2 0.48828125 0.4716796875 0.0166015625 0.021484375
2 0.3603515625 0.4638671875 0.013671875 0.017578125
2 0.2578125 0.458984375 0.01171875 0.0146484375
2 0.24609375 0.451171875 0.0087890625 0.01171875
2 0.232421875 0.4462890625 0.0078125 0.009765625
2 0.2451171875 0.443359375 0.0068359375 0.0087890625
2 0.2705078125 0.44140625 0.005859375 0.0068359375
2 0.32421875 0.4404296875 0.0048828125 0.0068359375
2 0.392578125 0.4404296875 0.0048828125 0.0068359375
2 0.443359375 0.44140625 0.0048828125 0.0068359375
2 0.4404296875 0.443359375 0.005859375 0.0078125
2 0.4013671875 0.4462890625 0.0078125 0.0087890625
2 0.365234375 0.4501953125 0.009765625 0.0126953125
2 0.4169921875 0.4560546875 0.0107421875 0.013671875
2 0.5654296875 0.4609375 0.0126953125 0.015625
2 0.7197265625 0.4638671875 0.0126953125 0.0166015625
2 0.9443359375 0.4755859375 0.01953125 0.021484375
1 0.19921875 0.5751953125 0.060546875 0.0673828125
1 0.3193359375 0.4990234375 0.02734375 0.033203125
1 0.17578125 0.482421875 0.0234375 0.02734375
1 0.06640625 0.4716796875 0.0205078125 0.0224609375
1 0.025390625 0.4619140625 0.0166015625 0.017578125
1 0.056640625 0.453125 0.01171875 0.0126953125
1 0.0849609375 0.447265625 0.0087890625 0.0107421875
1 0.1337890625 0.443359375 0.0078125 0.0087890625
1 0.1669921875 0.44140625 0.005859375 0.0068359375
1 0.224609375 0.439453125 0.0048828125 0.0068359375
1 0.306640625 0.4384765625 0.00390625 0.005859375
1 0.3896484375 0.4384765625 0.00390625 0.005859375
1 0.4658203125 0.439453125 0.0048828125 0.005859375
1 0.5224609375 0.44140625 0.005859375 0.0068359375
1 0.5419921875 0.443359375 0.005859375 0.0078125
1 0.5234375 0.447265625 0.0068359375 0.0078125
1 0.4853515625 0.44921875 0.0087890625 0.0107421875
1 0.5771484375 0.453125 0.009765625 0.01171875
1 0.703125 0.4560546875 0.0107421875 0.0126953125
1 0.8828125 0.4609375 0.0126953125 0.013671875