2 0.9150390625 0.421875 0.005859375 0.0087890625
1 0.8173828125 0.4267578125 0.005859375 0.0087890625
2 0.7431640625 0.4287109375 0.005859375 0.0087890625
2 0.6533203125 0.4326171875 0.005859375 0.0078125
2 0.560546875 0.435546875 0.0068359375 0.0087890625
2 0.4716796875 0.439453125 0.0078125 0.0107421875
2 0.359375 0.4453125 0.0078125 0.01171875
2 0.2294921875 0.4501953125 0.0087890625 0.01171875
2 0.1240234375 0.453125 0.0087890625 0.0107421875
2 0.00390625 0.4560546875 0.0068359375 0.009765625
2 0.052734375 0.455078125 0.0078125 0.009765625
1 0.1083984375 0.4619140625 0.0126953125 0.0146484375
1 0.251953125 0.455078125 0.01171875 0.013671875
1 0.40234375 0.447265625 0.009765625 0.0126953125
1 0.51953125 0.4404296875 0.0087890625 0.01171875
1 0.619140625 0.435546875 0.0078125 0.009765625
1 0.7255859375 0.4306640625 0.0068359375 0.0087890625
1 0.91015625 0.423828125 0.0078125 0.0087890625
1 0.9775390625 0.4423828125 0.017578125 0.01953125
1 0.9140625 0.4599609375 0.0234375 0.025390625
1 0.78515625 0.5009765625 0.0400390625 0.0419921875
1 0.4326171875 0.5986328125 0.052734375 0.048828125