2 0.6435546875 0.513671875 0.0322265625 0.037109375
2 0.5439453125 0.484375 0.017578125 0.021484375
1 0.2373046875 0.515625 0.029296875 0.0361328125
1 0.373046875 0.4775390625 0.013671875 0.0166015625
1 0.4287109375 0.470703125 0.0107421875 0.0126953125
2 0.5546875 0.47265625 0.0126953125 0.015625
2 0.6494140625 0.46484375 0.009765625 0.0126953125
2 0.7236328125 0.4619140625 0.009765625 0.0126953125
1 0.43359375 0.462890625 0.005859375 0.0078125
1 0.607421875 0.4599609375 0.0078125 0.009765625
2 0.033203125 0.462890625 0.0068359375 0.0087890625
2 0.541015625 0.45703125 0.005859375 0.0078125
2 0.361328125 0.462890625 0.0068359375 0.0087890625
1 0.5166015625 0.4638671875 0.0087890625 0.0126953125
2 0.7919921875 0.4599609375 0.0087890625 0.0107421875
2 0.2724609375 0.4638671875 0.005859375 0.0078125
1 0.6689453125 0.45703125 0.0068359375 0.0087890625
2 0.6201171875 0.4541015625 0.005859375 0.0078125
1 0.0703125 0.46484375 0.0078125 0.0087890625
1 0.306640625 0.490234375 0.0185546875 0.021484375
2 0.19921875 0.462890625 0.005859375 0.009765625
2 0.1220703125 0.4619140625 0.005859375 0.0078125
2 0.755859375 0.455078125 0.005859375 0.0087890625
1 0.6455078125 0.4560546875 0.005859375 0.0078125
2 0.455078125 0.4599609375 0.005859375 0.0078125
2 0.69140625 0.453125 0.005859375 0.0078125
1 0.58984375 0.45703125 0.005859375 0.0078125
1 0.1435546875 0.46484375 0.0078125 0.009765625
1 0.330078125 0.46484375 0.0068359375 0.0087890625
1 0.2412109375 0.46484375 0.0068359375 0.0087890625
2 0.7880859375 0.45703125 0.0068359375 0.009765625