2 0.7568359375 0.4951171875 0.0244140625 0.029296875
2 0.7001953125 0.4697265625 0.015625 0.0185546875
2 0.6748046875 0.4599609375 0.0107421875 0.0146484375
2 0.5751953125 0.4541015625 0.0087890625 0.01171875
2 0.4873046875 0.4482421875 0.0068359375 0.0087890625
2 0.4453125 0.4443359375 0.005859375 0.0078125
2 0.431640625 0.44140625 0.0048828125 0.0068359375
2 0.45703125 0.439453125 0.00390625 0.005859375
2 0.4775390625 0.4384765625 0.00390625 0.005859375
2 0.4560546875 0.4365234375 0.0029296875 0.00390625
2 0.4306640625 0.4365234375 0.0029296875 0.0048828125
2 0.4052734375 0.435546875 0.0029296875 0.00390625
2 0.40234375 0.4345703125 0.00390625 0.0048828125
2 0.396484375 0.43359375 0.0029296875 0.00390625
2 0.4111328125 0.4326171875 0.001953125 0.0029296875
2 0.435546875 0.4326171875 0.001953125 0.0029296875
2 0.466796875 0.43359375 0.001953125 0.0029296875
2 0.48828125 0.43359375 0.001953125 0.00390625
2 0.4814453125 0.43359375 0.001953125 0.00390625
2 0.4599609375 0.4345703125 0.001953125 0.00390625
2 0.44140625 0.4345703125 0.0029296875 0.00390625
2 0.453125 0.435546875 0.0029296875 0.00390625
2 0.490234375 0.4365234375 0.0029296875 0.0048828125
2 0.5263671875 0.4375 0.0029296875 0.0048828125
2 0.5576171875 0.4384765625 0.00390625 0.005859375
2 0.5732421875 0.439453125 0.00390625 0.005859375
2 0.544921875 0.4423828125 0.0048828125 0.0068359375
2 0.5517578125 0.4443359375 0.005859375 0.0078125
2 0.6025390625 0.447265625 0.0068359375 0.0087890625
2 0.6943359375 0.4521484375 0.0078125 0.009765625
2 0.78515625 0.4560546875 0.0087890625 0.0107421875
2 0.8974609375 0.4619140625 0.01171875 0.013671875
1 0.3828125 0.4990234375 0.029296875 0.0341796875
1 0.484375 0.4697265625 0.0146484375 0.0185546875
1 0.5107421875 0.4599609375 0.01171875 0.0146484375
1 0.41796875 0.4521484375 0.0087890625 0.0126953125
1 0.361328125 0.447265625 0.0068359375 0.0087890625
1 0.330078125 0.4423828125 0.0068359375 0.0087890625
1 0.3427734375 0.4404296875 0.005859375 0.0078125
1 0.365234375 0.4384765625 0.00390625 0.005859375
1 0.400390625 0.4375 0.00390625 0.005859375
1 0.4140625 0.4375 0.00390625 0.0048828125
1 0.390625 0.435546875 0.0029296875 0.005859375
1 0.3662109375 0.435546875 0.0029296875 0.0048828125
1 0.3486328125 0.4345703125 0.0029296875 0.0048828125
1 0.3583984375 0.4345703125 0.001953125 0.00390625
1 0.3681640625 0.431640625 0.0029296875 0.00390625
1 0.390625 0.4326171875 0.001953125 0.00390625
1 0.4287109375 0.4326171875 0.001953125 0.0029296875
1 0.4697265625 0.4326171875 0.001953125 0.0029296875
1 0.505859375 0.43359375 0.001953125 0.00390625
1 0.52734375 0.4345703125 0.001953125 0.00390625
1 0.509765625 0.435546875 0.0029296875 0.00390625
1 0.4853515625 0.435546875 0.0029296875 0.00390625
1 0.544921875 0.4365234375 0.0029296875 0.00390625
1 0.5869140625 0.4375 0.0029296875 0.0048828125
1 0.619140625 0.4384765625 0.00390625 0.0048828125
1 0.642578125 0.4404296875 0.00390625 0.0048828125
1 0.634765625 0.44140625 0.00390625 0.005859375
1 0.625 0.443359375 0.0048828125 0.0068359375
1 0.640625 0.4453125 0.005859375 0.0068359375
1 0.70703125 0.4482421875 0.0068359375 0.0078125
1 0.7998046875 0.4521484375 0.0078125 0.0087890625
1 0.921875 0.4560546875 0.0087890625 0.0107421875