2 0.353515625 0.44921875 0.005859375 0.0078125
2 0.3095703125 0.453125 0.0068359375 0.0087890625
2 0.248046875 0.4599609375 0.0078125 0.0107421875
2 0.1669921875 0.46875 0.0087890625 0.01171875
2 0.0224609375 0.482421875 0.0146484375 0.0166015625
2 0.40625 0.4443359375 0.0048828125 0.0068359375
2 0.4638671875 0.4404296875 0.0048828125 0.005859375
2 0.529296875 0.435546875 0.00390625 0.005859375
2 0.5908203125 0.43359375 0.0048828125 0.0068359375
2 0.65234375 0.43359375 0.005859375 0.0078125
2 0.716796875 0.4326171875 0.005859375 0.0078125
2 0.8076171875 0.4306640625 0.0078125 0.0087890625
2 0.919921875 0.42578125 0.0078125 0.0087890625
1 0.88671875 0.4375 0.0126953125 0.0146484375
1 0.82421875 0.4453125 0.013671875 0.0166015625
1 0.7607421875 0.4560546875 0.0166015625 0.0205078125
1 0.7099609375 0.474609375 0.0224609375 0.029296875
1 0.6298828125 0.5439453125 0.052734375 0.0615234375
1 0.17578125 0.474609375 0.0126953125 0.013671875
1 0.2880859375 0.4619140625 0.009765625 0.01171875
1 0.34765625 0.455078125 0.0078125 0.009765625
1 0.3916015625 0.44921875 0.0068359375 0.0087890625
1 0.423828125 0.4453125 0.005859375 0.0078125
1 0.451171875 0.4423828125 0.0048828125 0.0068359375
1 0.4912109375 0.439453125 0.0048828125 0.0068359375
1 0.5556640625 0.4365234375 0.0048828125 0.0068359375
1 0.6083984375 0.4365234375 0.005859375 0.0078125
1 0.6884765625 0.435546875 0.005859375 0.0078125
1 0.892578125 0.4287109375 0.0068359375 0.0087890625
1 0.7734375 0.43359375 0.0078125 0.0087890625