2 0.9267578125 0.55859375 0.0625 0.0654296875
2 0.5078125 0.4970703125 0.0302734375 0.03515625
2 0.314453125 0.4677734375 0.0166015625 0.021484375
2 0.263671875 0.4541015625 0.01171875 0.0146484375
2 0.271484375 0.4453125 0.0087890625 0.0107421875
2 0.328125 0.44140625 0.0068359375 0.009765625
2 0.365234375 0.439453125 0.005859375 0.0087890625
2 0.3720703125 0.4375 0.0048828125 0.0068359375
2 0.3447265625 0.4365234375 0.00390625 0.005859375
2 0.3115234375 0.4345703125 0.0048828125 0.005859375
2 0.28125 0.43359375 0.00390625 0.005859375
2 0.2890625 0.4306640625 0.0029296875 0.0048828125
2 0.3046875 0.4306640625 0.0029296875 0.00390625
2 0.3369140625 0.4306640625 0.0029296875 0.00390625
2 0.376953125 0.4306640625 0.0029296875 0.00390625
2 0.4013671875 0.4306640625 0.0029296875 0.00390625
2 0.3916015625 0.431640625 0.0029296875 0.00390625
2 0.3623046875 0.431640625 0.00390625 0.0048828125
2 0.3349609375 0.4326171875 0.00390625 0.0048828125
2 0.34765625 0.43359375 0.00390625 0.0048828125
2 0.3955078125 0.4345703125 0.00390625 0.005859375
2 0.443359375 0.4365234375 0.00390625 0.0068359375
2 0.4853515625 0.4375 0.0048828125 0.0068359375
2 0.5068359375 0.439453125 0.005859375 0.0078125
2 0.4599609375 0.4462890625 0.0078125 0.0107421875
2 0.4677734375 0.4521484375 0.009765625 0.0126953125
2 0.5625 0.4609375 0.0126953125 0.0166015625
2 0.7685546875 0.474609375 0.0185546875 0.0224609375
1 0.1142578125 0.599609375 0.052734375 0.044921875
1 0.0185546875 0.4560546875 0.0166015625 0.0166015625
1 0.107421875 0.4462890625 0.0107421875 0.01171875
1 0.17578125 0.44140625 0.0078125 0.009765625
1 0.2470703125 0.439453125 0.0068359375 0.0087890625
1 0.27734375 0.4375 0.0048828125 0.0068359375
1 0.248046875 0.4345703125 0.0048828125 0.005859375
1 0.216796875 0.4345703125 0.0048828125 0.005859375
1 0.19921875 0.43359375 0.00390625 0.005859375
1 0.205078125 0.4326171875 0.00390625 0.0048828125
1 0.2119140625 0.431640625 0.0029296875 0.00390625
1 0.232421875 0.4306640625 0.00390625 0.00390625
1 0.25 0.4296875 0.0029296875 0.00390625
1 0.2822265625 0.4296875 0.0029296875 0.00390625
1 0.3310546875 0.4296875 0.001953125 0.00390625
1 0.3818359375 0.4296875 0.001953125 0.00390625
1 0.4501953125 0.4306640625 0.001953125 0.0029296875
1 0.4482421875 0.431640625 0.0029296875 0.00390625
1 0.4248046875 0.43359375 0.00390625 0.005859375
1 0.39453125 0.431640625 0.001953125 0.00390625
1 0.46875 0.4345703125 0.00390625 0.005859375
1 0.525390625 0.435546875 0.0048828125 0.005859375
1 0.568359375 0.4375 0.005859375 0.0068359375
1 0.6025390625 0.439453125 0.005859375 0.0068359375
1 0.59765625 0.4423828125 0.005859375 0.0078125
1 0.5869140625 0.4462890625 0.0078125 0.0107421875
1 0.6181640625 0.451171875 0.0107421875 0.0126953125
1 0.744140625 0.45703125 0.0126953125 0.0146484375
1 0.9501953125 0.466796875 0.015625 0.017578125