1 0.515625 0.501953125 0.029296875 0.0341796875
1 0.68359375 0.4658203125 0.0107421875 0.0146484375
1 0.28125 0.4658203125 0.0146484375 0.017578125
2 0.9638671875 0.4833984375 0.015625 0.017578125
2 0.603515625 0.45703125 0.009765625 0.0126953125
1 0.4462890625 0.4658203125 0.01171875 0.015625
1 0.5791015625 0.4638671875 0.0107421875 0.0146484375
1 0.1953125 0.58203125 0.068359375 0.0732421875
2 0.4765625 0.45703125 0.009765625 0.0126953125
2 0.134765625 0.4580078125 0.013671875 0.015625
2 0.853515625 0.4716796875 0.0126953125 0.015625
2 0.3251953125 0.4580078125 0.0107421875 0.013671875
1 0.765625 0.4755859375 0.0146484375 0.0185546875
1 0.6875 0.482421875 0.0185546875 0.0234375
1 0.037109375 0.4638671875 0.0185546875 0.01953125
2 0.7216796875 0.4609375 0.0107421875 0.0126953125