2 0.564453125 0.4423828125 0.00390625 0.0068359375
2 0.5595703125 0.4443359375 0.0048828125 0.0078125
2 0.5546875 0.447265625 0.005859375 0.0078125
2 0.6240234375 0.4501953125 0.0078125 0.009765625
2 0.7451171875 0.455078125 0.009765625 0.0126953125
2 0.908203125 0.46484375 0.013671875 0.015625
2 0.8349609375 0.4873046875 0.0234375 0.0263671875
2 0.72265625 0.46875 0.0146484375 0.0185546875
2 0.6025390625 0.4580078125 0.009765625 0.013671875
2 0.4990234375 0.4521484375 0.0087890625 0.01171875
2 0.44140625 0.44921875 0.0078125 0.009765625
2 0.40625 0.443359375 0.005859375 0.0078125
2 0.4306640625 0.4404296875 0.00390625 0.0068359375
2 0.388671875 0.4384765625 0.00390625 0.005859375
2 0.3564453125 0.4365234375 0.0029296875 0.0048828125
2 0.3525390625 0.4365234375 0.0029296875 0.0048828125
2 0.38671875 0.435546875 0.0029296875 0.0048828125
2 0.4326171875 0.4365234375 0.0029296875 0.00390625
2 0.4765625 0.4365234375 0.0029296875 0.00390625
2 0.51171875 0.4365234375 0.0029296875 0.00390625
2 0.5439453125 0.4375 0.0029296875 0.00390625
2 0.5595703125 0.439453125 0.00390625 0.005859375
1 0.626953125 0.4404296875 0.00390625 0.005859375
1 0.640625 0.4423828125 0.00390625 0.005859375
1 0.6435546875 0.4443359375 0.0048828125 0.0078125
1 0.6513671875 0.447265625 0.005859375 0.0087890625
1 0.7431640625 0.4501953125 0.005859375 0.0078125
1 0.857421875 0.4541015625 0.0087890625 0.0107421875
1 0.345703125 0.541015625 0.04296875 0.0537109375
1 0.5234375 0.4853515625 0.0205078125 0.025390625
1 0.5107421875 0.4697265625 0.0146484375 0.0185546875
1 0.4169921875 0.4599609375 0.01171875 0.0146484375
1 0.3466796875 0.453125 0.009765625 0.0126953125
1 0.2939453125 0.4482421875 0.0078125 0.0107421875
1 0.2919921875 0.4423828125 0.005859375 0.0078125
1 0.3095703125 0.4423828125 0.005859375 0.0078125
1 0.3291015625 0.4404296875 0.0048828125 0.005859375
1 0.35546875 0.439453125 0.00390625 0.005859375
1 0.30859375 0.4384765625 0.00390625 0.005859375
1 0.28515625 0.4365234375 0.00390625 0.005859375
1 0.310546875 0.435546875 0.00390625 0.0048828125
1 0.3642578125 0.4345703125 0.0029296875 0.00390625
1 0.4267578125 0.4345703125 0.0029296875 0.00390625
1 0.4873046875 0.435546875 0.0029296875 0.00390625
1 0.5400390625 0.4365234375 0.001953125 0.00390625
1 0.5751953125 0.4375 0.0029296875 0.00390625
1 0.6025390625 0.4384765625 0.00390625 0.0048828125
1 0.62109375 0.439453125 0.00390625 0.0048828125