2 0.904296875 0.4990234375 0.0302734375 0.033203125
2 0.7900390625 0.47265625 0.0185546875 0.0205078125
2 0.6318359375 0.4638671875 0.013671875 0.0166015625
2 0.5400390625 0.458984375 0.0107421875 0.0146484375
2 0.5283203125 0.453125 0.0087890625 0.01171875
2 0.599609375 0.451171875 0.0078125 0.009765625
2 0.6923828125 0.4501953125 0.0078125 0.009765625
2 0.7861328125 0.4501953125 0.0078125 0.0087890625
2 0.8759765625 0.4521484375 0.0087890625 0.009765625
2 0.9912109375 0.4560546875 0.0107421875 0.01171875
1 0.2158203125 0.568359375 0.064453125 0.064453125
1 0.4296875 0.50390625 0.0283203125 0.03515625
1 0.5478515625 0.4794921875 0.0185546875 0.0234375
1 0.4013671875 0.466796875 0.0166015625 0.0185546875
1 0.36328125 0.45703125 0.01171875 0.013671875
1 0.4404296875 0.44921875 0.0087890625 0.009765625
1 0.546875 0.447265625 0.0068359375 0.0087890625
1 0.66796875 0.447265625 0.005859375 0.0078125