1 0.7578125 0.513671875 0.0439453125 0.044921875
1 0.9423828125 0.4755859375 0.0302734375 0.03125
1 0.4951171875 0.4423828125 0.005859375 0.0078125
2 0.9580078125 0.43359375 0.009765625 0.0126953125
1 0.322265625 0.4609375 0.009765625 0.01171875
1 0.2109375 0.4716796875 0.0126953125 0.0146484375
2 0.0869140625 0.4765625 0.0126953125 0.0146484375
1 0.3994140625 0.4521484375 0.0078125 0.0107421875
2 0.8291015625 0.4345703125 0.0078125 0.0107421875
1 0.5478515625 0.439453125 0.0068359375 0.0078125
1 0.9033203125 0.4375 0.0107421875 0.0126953125
1 0.7841796875 0.4375 0.0078125 0.009765625
2 0.74609375 0.43359375 0.0078125 0.009765625
2 0.3818359375 0.44921875 0.0068359375 0.0087890625
1 0.623046875 0.4365234375 0.005859375 0.0078125
2 0.220703125 0.4638671875 0.0087890625 0.01171875
2 0.525390625 0.4384765625 0.005859375 0.0078125
2 0.6025390625 0.4345703125 0.0048828125 0.0078125
1 0.4541015625 0.4462890625 0.0068359375 0.0087890625
1 0.68359375 0.4375 0.0068359375 0.0087890625
2 0.3154296875 0.455078125 0.0078125 0.009765625
2 0.673828125 0.4326171875 0.005859375 0.0078125
1 0.376953125 0.6083984375 0.0380859375 0.0302734375
2 0.453125 0.44140625 0.00390625 0.0078125