2 0.3759765625 0.44140625 0.0048828125 0.0078125
2 0.3671875 0.4443359375 0.0068359375 0.009765625
2 0.359375 0.4482421875 0.0078125 0.0107421875
2 0.4453125 0.4521484375 0.009765625 0.0126953125
2 0.5966796875 0.458984375 0.01171875 0.015625
2 0.80859375 0.4716796875 0.0185546875 0.0205078125
2 0.8515625 0.541015625 0.05078125 0.056640625
2 0.59375 0.4853515625 0.0244140625 0.02734375
2 0.4140625 0.4677734375 0.015625 0.01953125
2 0.26953125 0.4599609375 0.013671875 0.0166015625
2 0.19140625 0.4541015625 0.01171875 0.0146484375
2 0.1552734375 0.44921875 0.009765625 0.01171875
2 0.16015625 0.4453125 0.0078125 0.0107421875
2 0.203125 0.44140625 0.0068359375 0.0078125
2 0.2060546875 0.4384765625 0.005859375 0.0078125
2 0.15234375 0.4375 0.005859375 0.0068359375
2 0.1083984375 0.4365234375 0.005859375 0.0078125
2 0.1572265625 0.435546875 0.00390625 0.005859375
2 0.2197265625 0.4345703125 0.0029296875 0.0048828125
2 0.275390625 0.4345703125 0.00390625 0.0048828125
2 0.318359375 0.4345703125 0.00390625 0.0048828125
2 0.3564453125 0.435546875 0.0029296875 0.0048828125
2 0.373046875 0.4365234375 0.00390625 0.005859375
1 0.44921875 0.4384765625 0.00390625 0.005859375
1 0.46484375 0.4404296875 0.0048828125 0.0068359375
1 0.4677734375 0.443359375 0.005859375 0.0087890625
1 0.4775390625 0.447265625 0.0078125 0.009765625
1 0.5849609375 0.4501953125 0.0087890625 0.0107421875
1 0.7138671875 0.4541015625 0.009765625 0.0126953125
1 0.9638671875 0.46484375 0.015625 0.015625
1 0.17578125 0.580078125 0.0654296875 0.078125
1 0.236328125 0.5009765625 0.0341796875 0.03515625
1 0.0986328125 0.478515625 0.0244140625 0.025390625
1 0.0068359375 0.4658203125 0.0126953125 0.0185546875
1 0.009765625 0.4453125 0.0087890625 0.0107421875
1 0.05078125 0.4423828125 0.0078125 0.009765625
1 0.09765625 0.4404296875 0.0068359375 0.0078125
1 0.03125 0.4384765625 0.0068359375 0.0087890625
1 0.001953125 0.4365234375 0.00390625 0.0078125
1 0.048828125 0.4345703125 0.005859375 0.0068359375
1 0.12890625 0.43359375 0.0048828125 0.005859375
1 0.21484375 0.4326171875 0.0029296875 0.0048828125
1 0.291015625 0.43359375 0.0029296875 0.00390625
1 0.3525390625 0.43359375 0.0029296875 0.00390625
1 0.390625 0.4345703125 0.00390625 0.0048828125
1 0.421875 0.435546875 0.00390625 0.0048828125
1 0.4423828125 0.4365234375 0.00390625 0.005859375