2 0.6884765625 0.4853515625 0.017578125 0.0224609375
1 0.326171875 0.5166015625 0.03125 0.03515625
1 0.513671875 0.478515625 0.0146484375 0.017578125
2 0.8076171875 0.474609375 0.013671875 0.017578125
1 0.439453125 0.490234375 0.0185546875 0.0224609375
2 0.9892578125 0.466796875 0.0126953125 0.013671875
2 0.6943359375 0.5126953125 0.0322265625 0.037109375
1 0.08203125 0.5966796875 0.0498046875 0.0517578125
2 0.4404296875 0.4638671875 0.0078125 0.009765625
2 0.64453125 0.4580078125 0.0068359375 0.0087890625
2 0.9716796875 0.462890625 0.0107421875 0.0126953125
2 0.9189453125 0.4580078125 0.0087890625 0.0107421875
2 0.73828125 0.455078125 0.0068359375 0.009765625
1 0.810546875 0.4609375 0.0087890625 0.0126953125
2 0.8291015625 0.455078125 0.0078125 0.009765625
2 0.1953125 0.4609375 0.0068359375 0.0087890625
1 0.5205078125 0.4638671875 0.0078125 0.009765625
1 0.623046875 0.4697265625 0.0107421875 0.013671875
1 0.2099609375 0.46484375 0.0078125 0.009765625
1 0.138671875 0.4638671875 0.0078125 0.0087890625
2 0.9013671875 0.4697265625 0.013671875 0.015625
2 0.544921875 0.4619140625 0.0078125 0.009765625
1 0.404296875 0.4658203125 0.0078125 0.009765625
1 0.7353515625 0.4638671875 0.009765625 0.0126953125
1 0.775390625 0.4580078125 0.0078125 0.009765625
2 0.1083984375 0.4619140625 0.0068359375 0.0087890625
1 0.6162109375 0.462890625 0.0068359375 0.0087890625
1 0.705078125 0.458984375 0.0068359375 0.0087890625
1 0.037109375 0.4658203125 0.0078125 0.009765625
2 0.271484375 0.4619140625 0.0068359375 0.0087890625
2 0.345703125 0.4638671875 0.0068359375 0.0087890625
1 0.30859375 0.4658203125 0.0078125 0.0087890625