2 0.978515625 0.5234375 0.041015625 0.0439453125
2 0.912109375 0.48828125 0.025390625 0.0263671875
2 0.810546875 0.470703125 0.0166015625 0.0185546875
2 0.6943359375 0.4609375 0.0107421875 0.0146484375
2 0.603515625 0.4560546875 0.0087890625 0.01171875
2 0.5302734375 0.451171875 0.0078125 0.0107421875
2 0.515625 0.447265625 0.0068359375 0.0087890625
2 0.5009765625 0.443359375 0.005859375 0.0078125
2 0.5078125 0.44140625 0.0048828125 0.0068359375
2 0.5244140625 0.4404296875 0.00390625 0.005859375
2 0.56640625 0.4404296875 0.00390625 0.005859375
2 0.6240234375 0.4404296875 0.00390625 0.005859375
2 0.6689453125 0.4423828125 0.00390625 0.005859375
2 0.666015625 0.4443359375 0.0048828125 0.0068359375
2 0.6318359375 0.4453125 0.005859375 0.0078125
2 0.603515625 0.447265625 0.0068359375 0.0087890625
2 0.6455078125 0.451171875 0.0078125 0.0107421875
2 0.7626953125 0.4560546875 0.009765625 0.0126953125
1 0.36328125 0.51953125 0.0380859375 0.0419921875
1 0.556640625 0.484375 0.01953125 0.025390625
1 0.5869140625 0.46875 0.0146484375 0.0185546875
1 0.5 0.4609375 0.01171875 0.0146484375
1 0.4296875 0.455078125 0.009765625 0.0126953125
1 0.392578125 0.4501953125 0.0078125 0.009765625
1 0.3974609375 0.4462890625 0.005859375 0.0087890625
1 0.4033203125 0.4423828125 0.005859375 0.0078125
1 0.4287109375 0.4404296875 0.0048828125 0.0068359375
1 0.447265625 0.439453125 0.00390625 0.005859375
1 0.48828125 0.4384765625 0.00390625 0.005859375
1 0.5517578125 0.4384765625 0.00390625 0.0048828125
1 0.62109375 0.439453125 0.0029296875 0.0048828125
1 0.6904296875 0.4404296875 0.00390625 0.005859375
1 0.7431640625 0.4423828125 0.0048828125 0.005859375
1 0.7607421875 0.4443359375 0.005859375 0.0068359375
1 0.740234375 0.447265625 0.005859375 0.0078125
1 0.703125 0.4482421875 0.0068359375 0.0087890625
1 0.7822265625 0.4521484375 0.0078125 0.0107421875
2 0.896484375 0.4619140625 0.0107421875 0.0126953125