2 0.7724609375 0.521484375 0.037109375 0.0419921875
2 0.67578125 0.484375 0.0185546875 0.0234375
2 0.640625 0.470703125 0.013671875 0.0166015625
2 0.607421875 0.4619140625 0.0107421875 0.0146484375
2 0.51953125 0.455078125 0.0087890625 0.0107421875
2 0.4130859375 0.455078125 0.0078125 0.0107421875
2 0.283203125 0.458984375 0.0078125 0.01171875
2 0.1513671875 0.46484375 0.009765625 0.013671875
1 0.0869140625 0.47265625 0.015625 0.0166015625
1 0.2578125 0.46484375 0.0107421875 0.0146484375
1 0.388671875 0.4599609375 0.0107421875 0.013671875
1 0.462890625 0.462890625 0.009765625 0.013671875
1 0.4677734375 0.4697265625 0.0126953125 0.0185546875
1 0.4365234375 0.4833984375 0.0185546875 0.025390625
1 0.35546875 0.5166015625 0.0322265625 0.041015625