2 0.7294921875 0.509765625 0.02734375 0.033203125
1 0.4453125 0.478515625 0.0166015625 0.0205078125
2 0.666015625 0.482421875 0.0166015625 0.021484375
1 0.3857421875 0.50390625 0.0263671875 0.033203125
1 0.177734375 0.5947265625 0.0498046875 0.056640625
1 0.4814453125 0.4677734375 0.01171875 0.015625
2 0.94140625 0.58984375 0.068359375 0.068359375
2 0.455078125 0.4541015625 0.005859375 0.0087890625
1 0.34375 0.4599609375 0.0087890625 0.0107421875
2 0.638671875 0.4697265625 0.0107421875 0.015625
2 0.6083984375 0.4580078125 0.0078125 0.0107421875
2 0.140625 0.4638671875 0.0078125 0.01171875
2 0.625 0.462890625 0.0087890625 0.0126953125
1 0.5009765625 0.4619140625 0.009765625 0.0126953125
1 0.232421875 0.462890625 0.009765625 0.01171875
1 0.4404296875 0.45703125 0.0078125 0.009765625
2 0.541015625 0.4541015625 0.0068359375 0.0087890625
1 0.0869140625 0.4677734375 0.0126953125 0.0146484375
2 0.353515625 0.45703125 0.0068359375 0.0087890625
2 0.2587890625 0.4599609375 0.0068359375 0.009765625
1 0.4970703125 0.4580078125 0.0068359375 0.009765625