2 0.9326171875 0.458984375 0.0302734375 0.0322265625
2 0.8310546875 0.4404296875 0.0185546875 0.021484375
2 0.8115234375 0.4296875 0.013671875 0.015625
2 0.83984375 0.4208984375 0.0107421875 0.013671875
2 0.9150390625 0.412109375 0.0087890625 0.01171875
2 0.931640625 0.4072265625 0.0087890625 0.0107421875
2 0.865234375 0.408203125 0.0068359375 0.0087890625
2 0.8212890625 0.408203125 0.005859375 0.0078125
2 0.82421875 0.4072265625 0.005859375 0.0078125
2 0.884765625 0.4033203125 0.0048828125 0.0068359375
2 0.9697265625 0.3994140625 0.00390625 0.005859375
1 0.5078125 0.5068359375 0.0380859375 0.0458984375
1 0.552734375 0.4609375 0.01953125 0.0234375
1 0.564453125 0.4423828125 0.013671875 0.0166015625
1 0.619140625 0.431640625 0.0107421875 0.013671875
1 0.6875 0.4228515625 0.0087890625 0.01171875
1 0.7373046875 0.41796875 0.0087890625 0.0107421875
1 0.794921875 0.4140625 0.0078125 0.0087890625
1 0.73828125 0.4130859375 0.005859375 0.0078125
1 0.72265625 0.4111328125 0.005859375 0.0068359375
1 0.7734375 0.4072265625 0.0048828125 0.0068359375
1 0.857421875 0.40234375 0.0048828125 0.005859375
1 0.9658203125 0.3984375 0.00390625 0.0048828125