1 0.767578125 0.4609375 0.0185546875 0.0224609375
1 0.6962890625 0.4853515625 0.02734375 0.0341796875
1 0.84375 0.447265625 0.0166015625 0.017578125
1 0.9140625 0.439453125 0.013671875 0.015625
1 0.537109375 0.58984375 0.05859375 0.0673828125
1 0.345703125 0.4560546875 0.0087890625 0.0107421875
2 0.3603515625 0.44921875 0.005859375 0.0087890625
2 0.83203125 0.4306640625 0.0078125 0.0087890625
1 0.2783203125 0.4638671875 0.009765625 0.0126953125
1 0.39453125 0.4501953125 0.0078125 0.0087890625
1 0.4306640625 0.4462890625 0.005859375 0.0078125
2 0.9541015625 0.42578125 0.0078125 0.009765625
1 0.150390625 0.478515625 0.0126953125 0.0146484375
2 0.6064453125 0.43359375 0.005859375 0.0068359375
1 0.4599609375 0.443359375 0.0048828125 0.0068359375
1 0.5029296875 0.439453125 0.0048828125 0.0068359375
2 0.3125 0.4541015625 0.0078125 0.0087890625
2 0.7373046875 0.4326171875 0.005859375 0.0087890625
2 0.24609375 0.4609375 0.0087890625 0.0107421875
1 0.568359375 0.4365234375 0.0048828125 0.0068359375
1 0.794921875 0.43359375 0.0078125 0.0087890625
2 0.416015625 0.4443359375 0.0048828125 0.0068359375
1 0.6220703125 0.435546875 0.005859375 0.0078125
1 0.923828125 0.4287109375 0.0078125 0.009765625
2 0.4755859375 0.439453125 0.0048828125 0.005859375
2 0.6689453125 0.43359375 0.005859375 0.0087890625
1 0.7060546875 0.435546875 0.005859375 0.0087890625
2 0.54296875 0.435546875 0.0048828125 0.005859375
2 0.158203125 0.470703125 0.0068359375 0.009765625