2 0.0947265625 0.4736328125 0.03125 0.03515625
2 0.01953125 0.4345703125 0.0166015625 0.0185546875
2 0.1455078125 0.427734375 0.01171875 0.013671875
1 0.1005859375 0.4208984375 0.009765625 0.01171875
2 0.3310546875 0.533203125 0.0478515625 0.060546875
2 0.0166015625 0.4169921875 0.0078125 0.009765625
2 0.1220703125 0.416015625 0.0068359375 0.0087890625
1 0.1513671875 0.41796875 0.0068359375 0.0087890625
1 0.08203125 0.41796875 0.0078125 0.0087890625
2 0.2685546875 0.4189453125 0.005859375 0.0087890625
2 0.205078125 0.416015625 0.005859375 0.0078125
1 0.1767578125 0.419921875 0.0078125 0.0087890625
2 0.228515625 0.42578125 0.0087890625 0.01171875
2 0.296875 0.423828125 0.0078125 0.0107421875