2 0.5654296875 0.4365234375 0.001953125 0.00390625
2 0.5517578125 0.4384765625 0.0029296875 0.00390625
2 0.5341796875 0.4384765625 0.00390625 0.0048828125
2 0.517578125 0.439453125 0.00390625 0.005859375
2 0.5458984375 0.44140625 0.00390625 0.005859375
2 0.5908203125 0.4423828125 0.0048828125 0.0068359375
2 0.6318359375 0.4453125 0.005859375 0.0078125
2 0.6669921875 0.4501953125 0.0078125 0.009765625
2 0.640625 0.4541015625 0.0087890625 0.0126953125
2 0.6015625 0.458984375 0.0107421875 0.0146484375
2 0.6015625 0.470703125 0.0146484375 0.0185546875
2 0.7265625 0.486328125 0.0234375 0.02734375
2 0.4970703125 0.515625 0.0380859375 0.04296875
2 0.3046875 0.48828125 0.0224609375 0.0283203125
2 0.283203125 0.4697265625 0.0166015625 0.01953125
2 0.3310546875 0.4599609375 0.0126953125 0.0146484375
2 0.4990234375 0.4482421875 0.0078125 0.009765625
2 0.5166015625 0.4462890625 0.005859375 0.0087890625
2 0.4931640625 0.443359375 0.005859375 0.0078125
2 0.45703125 0.4423828125 0.00390625 0.005859375
2 0.4345703125 0.44140625 0.00390625 0.005859375
2 0.4267578125 0.439453125 0.00390625 0.005859375
2 0.43359375 0.4384765625 0.00390625 0.005859375
2 0.458984375 0.4365234375 0.00390625 0.0048828125
2 0.4658203125 0.4365234375 0.0029296875 0.00390625
2 0.4404296875 0.435546875 0.0029296875 0.00390625
2 0.4208984375 0.4345703125 0.0029296875 0.00390625
2 0.4482421875 0.4345703125 0.0029296875 0.00390625
2 0.484375 0.4345703125 0.0029296875 0.00390625
2 0.51953125 0.4345703125 0.001953125 0.00390625
2 0.5458984375 0.4345703125 0.001953125 0.0029296875
2 0.568359375 0.4345703125 0.001953125 0.0029296875
2 0.5712890625 0.4365234375 0.001953125 0.0029296875
1 0.6142578125 0.4365234375 0.001953125 0.00390625
1 0.6103515625 0.4375 0.0029296875 0.00390625
1 0.5947265625 0.4384765625 0.0029296875 0.00390625
1 0.5849609375 0.4404296875 0.0029296875 0.0048828125
1 0.6279296875 0.44140625 0.00390625 0.005859375
1 0.673828125 0.4423828125 0.005859375 0.0068359375
1 0.7412109375 0.4453125 0.0068359375 0.0078125
1 0.7919921875 0.4501953125 0.0078125 0.009765625
1 0.82421875 0.455078125 0.009765625 0.01171875
1 0.80859375 0.4609375 0.0126953125 0.0146484375
1 0.83984375 0.470703125 0.0166015625 0.0185546875
2 0.9970703125 0.51953125 0.005859375 0.029296875
1 0.01953125 0.46875 0.0185546875 0.0185546875
1 0.15234375 0.45703125 0.0126953125 0.0146484375
1 0.29296875 0.451171875 0.0087890625 0.01171875
1 0.3857421875 0.4482421875 0.0078125 0.0087890625
1 0.4130859375 0.4453125 0.0078125 0.0087890625
1 0.3916015625 0.443359375 0.005859375 0.0078125
1 0.369140625 0.44140625 0.00390625 0.005859375
1 0.3505859375 0.4404296875 0.00390625 0.005859375
1 0.35546875 0.4384765625 0.00390625 0.0048828125
1 0.373046875 0.4375 0.0029296875 0.0048828125
1 0.388671875 0.4375 0.0029296875 0.00390625
1 0.412109375 0.4365234375 0.0029296875 0.0048828125
1 0.3828125 0.4365234375 0.0029296875 0.00390625
1 0.37109375 0.435546875 0.001953125 0.00390625
1 0.3935546875 0.4345703125 0.001953125 0.00390625
1 0.435546875 0.4345703125 0.001953125 0.0029296875
1 0.5341796875 0.43359375 0.001953125 0.0029296875
1 0.5751953125 0.4345703125 0.001953125 0.001953125
1 0.595703125 0.435546875 0.001953125 0.00390625
1 0.6123046875 0.4365234375 0.0029296875 0.00390625
1 0.619140625 0.4365234375 0.001953125 0.00390625
2 0.431640625 0.453125 0.0087890625 0.0126953125