2 0.9267578125 0.525390625 0.0419921875 0.0458984375
2 0.73046875 0.4814453125 0.0224609375 0.025390625
2 0.5380859375 0.4697265625 0.0166015625 0.01953125
2 0.4287109375 0.462890625 0.0126953125 0.017578125
2 0.4169921875 0.455078125 0.0107421875 0.013671875
2 0.4970703125 0.4521484375 0.0087890625 0.0107421875
2 0.5966796875 0.4501953125 0.0078125 0.0107421875
2 0.6923828125 0.4501953125 0.0078125 0.009765625
2 0.78125 0.4521484375 0.0087890625 0.009765625
2 0.896484375 0.4560546875 0.009765625 0.01171875
1 0.2216796875 0.5615234375 0.056640625 0.0625
1 0.435546875 0.498046875 0.029296875 0.033203125
1 0.2421875 0.4765625 0.021484375 0.0234375
1 0.2060546875 0.4619140625 0.015625 0.017578125
1 0.3134765625 0.4501953125 0.0107421875 0.01171875
1 0.439453125 0.447265625 0.0078125 0.0087890625
1 0.568359375 0.4462890625 0.0068359375 0.0078125
1 0.80859375 0.44921875 0.0068359375 0.0078125
1 0.935546875 0.4541015625 0.0087890625 0.009765625