2 0.873046875 0.5048828125 0.03125 0.0341796875
2 0.8203125 0.47265625 0.015625 0.0185546875
2 0.8134765625 0.4609375 0.0107421875 0.0146484375
2 0.8076171875 0.455078125 0.0078125 0.0107421875
2 0.7265625 0.451171875 0.0068359375 0.009765625
2 0.654296875 0.4462890625 0.005859375 0.0078125
2 0.6181640625 0.443359375 0.0048828125 0.0068359375
2 0.607421875 0.4404296875 0.00390625 0.005859375
2 0.6298828125 0.439453125 0.00390625 0.005859375
2 0.6494140625 0.4384765625 0.00390625 0.0048828125
2 0.6064453125 0.4365234375 0.001953125 0.00390625
2 0.583984375 0.4365234375 0.001953125 0.00390625
2 0.580078125 0.4345703125 0.001953125 0.0029296875
2 0.5751953125 0.4345703125 0.001953125 0.0029296875
2 0.587890625 0.4345703125 0.001953125 0.0029296875
2 0.6103515625 0.43359375 0.001953125 0.0029296875
2 0.640625 0.4345703125 0.001953125 0.0029296875
2 0.662109375 0.4375 0.0029296875 0.00390625
2 0.654296875 0.435546875 0.001953125 0.00390625
2 0.6337890625 0.435546875 0.001953125 0.0029296875
2 0.6162109375 0.4365234375 0.001953125 0.00390625
2 0.626953125 0.4365234375 0.0029296875 0.00390625
2 0.6962890625 0.4384765625 0.0029296875 0.00390625
2 0.7255859375 0.44140625 0.00390625 0.005859375
2 0.7412109375 0.4404296875 0.00390625 0.005859375
2 0.7099609375 0.4423828125 0.00390625 0.005859375
2 0.71484375 0.4443359375 0.0048828125 0.0068359375
2 0.759765625 0.447265625 0.005859375 0.0078125
2 0.8427734375 0.4501953125 0.0078125 0.0087890625
2 0.92578125 0.4541015625 0.0078125 0.009765625
1 0.4873046875 0.4951171875 0.025390625 0.0322265625
1 0.5791015625 0.46875 0.015625 0.0185546875
1 0.64453125 0.458984375 0.0107421875 0.013671875
1 0.6689453125 0.4541015625 0.0087890625 0.01171875
1 0.5966796875 0.4482421875 0.0068359375 0.009765625
1 0.5517578125 0.4453125 0.005859375 0.0078125
1 0.5244140625 0.44140625 0.0048828125 0.0068359375
1 0.5322265625 0.439453125 0.00390625 0.005859375
1 0.548828125 0.4375 0.00390625 0.005859375
1 0.580078125 0.4384765625 0.0029296875 0.0048828125
1 0.591796875 0.4375 0.0029296875 0.00390625
1 0.5703125 0.4365234375 0.0029296875 0.00390625
1 0.533203125 0.435546875 0.0029296875 0.00390625
1 0.53125 0.4345703125 0.0029296875 0.00390625
1 0.541015625 0.4345703125 0.001953125 0.00390625
1 0.548828125 0.43359375 0.001953125 0.00390625
1 0.5703125 0.4326171875 0.001953125 0.0029296875
1 0.6044921875 0.43359375 0.001953125 0.0029296875
1 0.64453125 0.4345703125 0.001953125 0.001953125
1 0.6787109375 0.435546875 0.001953125 0.0029296875
1 0.7001953125 0.435546875 0.001953125 0.0029296875
1 0.681640625 0.4365234375 0.0029296875 0.00390625
1 0.6591796875 0.435546875 0.0029296875 0.00390625
1 0.7158203125 0.4384765625 0.0029296875 0.00390625
1 0.7578125 0.4384765625 0.0029296875 0.00390625
1 0.7900390625 0.4404296875 0.0029296875 0.00390625
1 0.8115234375 0.44140625 0.00390625 0.0048828125
1 0.8017578125 0.4453125 0.0048828125 0.0068359375
1 0.7890625 0.443359375 0.0048828125 0.0068359375
1 0.8642578125 0.447265625 0.005859375 0.0078125
1 0.955078125 0.451171875 0.0078125 0.0078125
1 0.2255859375 0.5634765625 0.05859375 0.0673828125