2 0.830078125 0.548828125 0.0478515625 0.0498046875
2 0.7119140625 0.4990234375 0.0234375 0.0283203125
2 0.6689453125 0.4794921875 0.015625 0.01953125
2 0.650390625 0.4697265625 0.009765625 0.013671875
2 0.640625 0.4638671875 0.0078125 0.01171875
2 0.6259765625 0.4599609375 0.0068359375 0.0107421875
2 0.5625 0.4560546875 0.005859375 0.0087890625
2 0.4814453125 0.4560546875 0.005859375 0.0087890625
2 0.3857421875 0.458984375 0.005859375 0.0087890625
2 0.2998046875 0.4619140625 0.005859375 0.0087890625
2 0.193359375 0.46484375 0.0078125 0.0107421875
2 0.05078125 0.46875 0.009765625 0.0126953125
1 0.1513671875 0.4677734375 0.01171875 0.013671875
1 0.2783203125 0.4638671875 0.0087890625 0.0107421875
1 0.3779296875 0.4609375 0.0078125 0.0107421875
1 0.466796875 0.4580078125 0.0078125 0.0107421875
1 0.5205078125 0.458984375 0.005859375 0.009765625
1 0.5234375 0.462890625 0.0087890625 0.01171875
1 0.505859375 0.4677734375 0.0107421875 0.0146484375
1 0.47265625 0.4765625 0.013671875 0.0185546875
1 0.4248046875 0.4951171875 0.0224609375 0.02734375
1 0.2978515625 0.552734375 0.0478515625 0.0576171875