2 0.953125 0.5849609375 0.0693359375 0.0703125
2 0.703125 0.490234375 0.025390625 0.029296875
2 0.6435546875 0.4697265625 0.015625 0.01953125
2 0.505859375 0.4609375 0.0126953125 0.0166015625
2 0.3935546875 0.4521484375 0.0087890625 0.01171875
2 0.3447265625 0.447265625 0.0078125 0.009765625
2 0.3330078125 0.443359375 0.005859375 0.0078125
2 0.3662109375 0.44140625 0.0048828125 0.0068359375
2 0.3916015625 0.439453125 0.0048828125 0.0068359375
2 0.369140625 0.4375 0.00390625 0.0048828125
2 0.33984375 0.4365234375 0.00390625 0.0048828125
2 0.3115234375 0.435546875 0.00390625 0.0048828125
2 0.310546875 0.43359375 0.0029296875 0.00390625
2 0.3046875 0.43359375 0.0029296875 0.00390625
2 0.322265625 0.4326171875 0.0029296875 0.00390625
2 0.349609375 0.4326171875 0.001953125 0.00390625
2 0.384765625 0.4326171875 0.001953125 0.00390625
2 0.4072265625 0.43359375 0.001953125 0.00390625
2 0.3994140625 0.43359375 0.0029296875 0.00390625
2 0.3759765625 0.4345703125 0.0029296875 0.00390625
2 0.3544921875 0.4345703125 0.0029296875 0.00390625
2 0.3671875 0.435546875 0.00390625 0.0048828125
2 0.4072265625 0.4365234375 0.00390625 0.005859375
2 0.4482421875 0.4375 0.00390625 0.0048828125
2 0.482421875 0.4384765625 0.00390625 0.005859375
2 0.5 0.439453125 0.00390625 0.005859375
2 0.4677734375 0.443359375 0.005859375 0.0078125
2 0.4755859375 0.4462890625 0.0068359375 0.0087890625
2 0.5380859375 0.4501953125 0.0078125 0.0107421875
2 0.650390625 0.4560546875 0.009765625 0.0126953125
2 0.7666015625 0.4609375 0.01171875 0.013671875
2 0.9208984375 0.46875 0.0146484375 0.017578125
1 0.357421875 0.5009765625 0.0283203125 0.0341796875
1 0.4150390625 0.4736328125 0.0166015625 0.021484375
1 0.2900390625 0.4619140625 0.013671875 0.0166015625
1 0.22265625 0.453125 0.0107421875 0.013671875
1 0.1953125 0.447265625 0.0087890625 0.0107421875
1 0.220703125 0.4423828125 0.0068359375 0.0087890625
1 0.2548828125 0.4404296875 0.0048828125 0.0068359375
1 0.2998046875 0.439453125 0.0048828125 0.005859375
1 0.318359375 0.4375 0.00390625 0.005859375
1 0.2919921875 0.4365234375 0.00390625 0.005859375
1 0.263671875 0.4365234375 0.00390625 0.0048828125
1 0.2451171875 0.4345703125 0.0029296875 0.0048828125
1 0.2470703125 0.43359375 0.0029296875 0.00390625
1 0.2734375 0.4326171875 0.001953125 0.0029296875
1 0.30078125 0.431640625 0.001953125 0.0029296875
1 0.3427734375 0.4326171875 0.001953125 0.0029296875
1 0.38671875 0.4326171875 0.0029296875 0.00390625
1 0.4267578125 0.4326171875 0.001953125 0.00390625
1 0.44921875 0.43359375 0.0029296875 0.00390625
1 0.4287109375 0.43359375 0.00390625 0.0048828125
1 0.4033203125 0.4345703125 0.001953125 0.00390625
1 0.4306640625 0.435546875 0.0029296875 0.0048828125
1 0.46875 0.4365234375 0.00390625 0.0048828125
1 0.515625 0.4365234375 0.00390625 0.0048828125
1 0.5498046875 0.4384765625 0.00390625 0.0048828125
1 0.576171875 0.439453125 0.00390625 0.005859375
1 0.5703125 0.44140625 0.0048828125 0.005859375
1 0.5595703125 0.443359375 0.005859375 0.0078125
1 0.5791015625 0.4462890625 0.0068359375 0.0087890625
1 0.6572265625 0.44921875 0.0078125 0.0087890625
1 0.7685546875 0.453125 0.0078125 0.009765625