1 0.75 0.5322265625 0.0556640625 0.0615234375
1 0.8056640625 0.4384765625 0.0146484375 0.0166015625
1 0.6064453125 0.4384765625 0.0126953125 0.0146484375
2 0.5419921875 0.4306640625 0.0087890625 0.0126953125
2 0.8525390625 0.4296875 0.0126953125 0.0146484375
1 0.1162109375 0.4365234375 0.009765625 0.0107421875
1 0.3720703125 0.431640625 0.009765625 0.01171875
1 0.021484375 0.4443359375 0.0126953125 0.0126953125
2 0.458984375 0.4267578125 0.0087890625 0.01171875
1 0.478515625 0.435546875 0.0107421875 0.0126953125
2 0.673828125 0.4326171875 0.0107421875 0.0146484375
2 0.3857421875 0.423828125 0.0078125 0.0087890625
1 0.3056640625 0.4287109375 0.0078125 0.009765625
1 0.2080078125 0.431640625 0.0087890625 0.009765625
2 0.2001953125 0.4287109375 0.0078125 0.009765625
2 0.3056640625 0.421875 0.0048828125 0.0068359375