2 0.9287109375 0.462890625 0.0322265625 0.0341796875
2 0.724609375 0.4384765625 0.0146484375 0.0185546875
2 0.6748046875 0.427734375 0.0107421875 0.013671875
2 0.6767578125 0.419921875 0.0078125 0.0107421875
2 0.7275390625 0.4140625 0.0068359375 0.0087890625
2 0.765625 0.4111328125 0.005859375 0.0078125
2 0.771484375 0.4091796875 0.005859375 0.0078125
2 0.744140625 0.40625 0.00390625 0.005859375
2 0.7099609375 0.408203125 0.0048828125 0.005859375
2 0.6796875 0.4091796875 0.0029296875 0.0048828125
2 0.677734375 0.40625 0.0029296875 0.0048828125
2 0.685546875 0.4052734375 0.0029296875 0.0048828125
2 0.7001953125 0.404296875 0.0029296875 0.00390625
2 0.732421875 0.40234375 0.0029296875 0.00390625
2 0.7744140625 0.4013671875 0.0029296875 0.00390625
2 0.802734375 0.400390625 0.0029296875 0.0048828125
2 0.791015625 0.4013671875 0.0029296875 0.00390625
2 0.759765625 0.4033203125 0.00390625 0.0048828125
2 0.7314453125 0.4052734375 0.0029296875 0.0048828125
2 0.7958984375 0.4052734375 0.00390625 0.005859375
2 0.8525390625 0.404296875 0.0048828125 0.0068359375
2 0.9052734375 0.4033203125 0.005859375 0.0078125
2 0.9326171875 0.404296875 0.0068359375 0.0087890625
2 0.873046875 0.4140625 0.0087890625 0.01171875
2 0.8837890625 0.419921875 0.01171875 0.013671875
2 0.998046875 0.4287109375 0.0029296875 0.01953125
1 0.63671875 0.5283203125 0.044921875 0.0576171875
1 0.5068359375 0.466796875 0.0234375 0.02734375
1 0.478515625 0.4462890625 0.0146484375 0.017578125
1 0.4951171875 0.4326171875 0.009765625 0.0126953125
1 0.5478515625 0.423828125 0.0078125 0.009765625
1 0.5947265625 0.4189453125 0.005859375 0.0087890625
1 0.65234375 0.4150390625 0.005859375 0.0078125
1 0.6787109375 0.412109375 0.00390625 0.005859375
1 0.6513671875 0.41015625 0.0048828125 0.0068359375
1 0.6240234375 0.412109375 0.00390625 0.005859375
1 0.609375 0.4111328125 0.0029296875 0.005859375
1 0.6123046875 0.41015625 0.0029296875 0.00390625
1 0.6181640625 0.4091796875 0.0029296875 0.00390625
1 0.6357421875 0.4072265625 0.0029296875 0.00390625
1 0.6494140625 0.40625 0.001953125 0.00390625
1 0.7265625 0.40234375 0.001953125 0.00390625
1 0.779296875 0.400390625 0.001953125 0.00390625
1 0.830078125 0.3994140625 0.0029296875 0.00390625
1 0.861328125 0.3984375 0.0029296875 0.00390625
1 0.8583984375 0.3994140625 0.0029296875 0.00390625
1 0.830078125 0.40234375 0.00390625 0.005859375
1 0.8837890625 0.4013671875 0.0048828125 0.005859375
1 0.9599609375 0.3994140625 0.005859375 0.0068359375
2 0.904296875 0.408203125 0.0078125 0.009765625