2 0.8125 0.5400390625 0.0400390625 0.046875
2 0.69921875 0.494140625 0.0205078125 0.0263671875
2 0.658203125 0.4765625 0.013671875 0.017578125
2 0.638671875 0.4677734375 0.0107421875 0.013671875
2 0.6171875 0.4619140625 0.0087890625 0.01171875
2 0.54296875 0.45703125 0.0078125 0.009765625
2 0.451171875 0.45703125 0.0078125 0.009765625
2 0.341796875 0.458984375 0.0068359375 0.0107421875
2 0.2373046875 0.462890625 0.0078125 0.01171875
2 0.1015625 0.466796875 0.0087890625 0.0126953125
1 0.0283203125 0.47265625 0.015625 0.0166015625
1 0.201171875 0.466796875 0.0107421875 0.013671875
1 0.3271484375 0.462890625 0.009765625 0.01171875
1 0.43359375 0.4599609375 0.0087890625 0.01171875
1 0.5 0.4658203125 0.0107421875 0.0146484375
1 0.4775390625 0.474609375 0.013671875 0.0185546875
1 0.431640625 0.4892578125 0.01953125 0.025390625
1 0.3408203125 0.5322265625 0.0400390625 0.0478515625