2 0.599609375 0.517578125 0.0341796875 0.044921875
2 0.3759765625 0.4736328125 0.0185546875 0.0234375
2 0.3291015625 0.4560546875 0.0126953125 0.0166015625
2 0.3408203125 0.4462890625 0.0087890625 0.01171875
2 0.3994140625 0.4423828125 0.0078125 0.009765625
2 0.4384765625 0.439453125 0.005859375 0.0087890625
2 0.4453125 0.4375 0.005859375 0.0078125
2 0.41796875 0.4365234375 0.0048828125 0.0068359375
2 0.3857421875 0.4345703125 0.00390625 0.005859375
2 0.3564453125 0.4326171875 0.00390625 0.005859375
2 0.365234375 0.4306640625 0.0029296875 0.00390625
2 0.380859375 0.4306640625 0.0029296875 0.00390625
2 0.412109375 0.4296875 0.0029296875 0.00390625
2 0.451171875 0.4296875 0.0029296875 0.00390625
2 0.4765625 0.4306640625 0.0029296875 0.00390625
2 0.4658203125 0.431640625 0.0029296875 0.00390625
2 0.4375 0.431640625 0.0029296875 0.00390625
2 0.4091796875 0.4326171875 0.00390625 0.0048828125
2 0.421875 0.43359375 0.00390625 0.005859375
2 0.4697265625 0.4345703125 0.00390625 0.005859375
2 0.5185546875 0.4365234375 0.0048828125 0.0068359375
2 0.5615234375 0.4375 0.0048828125 0.0078125
2 0.5849609375 0.439453125 0.0068359375 0.0087890625
2 0.537109375 0.447265625 0.0087890625 0.01171875
2 0.5458984375 0.4541015625 0.0107421875 0.0146484375
2 0.6552734375 0.4658203125 0.0146484375 0.0205078125
2 0.91796875 0.484375 0.025390625 0.02734375
1 0.009765625 0.4794921875 0.0185546875 0.0283203125
1 0.083984375 0.45703125 0.015625 0.0166015625
1 0.1796875 0.4462890625 0.009765625 0.0126953125
1 0.2490234375 0.44140625 0.0087890625 0.009765625
1 0.3203125 0.439453125 0.005859375 0.0087890625
1 0.3515625 0.4375 0.005859375 0.0078125
1 0.3232421875 0.4365234375 0.0048828125 0.0068359375
1 0.2939453125 0.4345703125 0.0048828125 0.005859375
1 0.27734375 0.43359375 0.0048828125 0.005859375
1 0.283203125 0.431640625 0.00390625 0.005859375
1 0.291015625 0.431640625 0.0029296875 0.0048828125
1 0.3115234375 0.4306640625 0.0029296875 0.0048828125
1 0.328125 0.4296875 0.0029296875 0.00390625
1 0.3583984375 0.4287109375 0.001953125 0.00390625
1 0.4072265625 0.4296875 0.001953125 0.00390625
1 0.4560546875 0.4296875 0.001953125 0.00390625
1 0.5 0.4306640625 0.001953125 0.00390625
1 0.5263671875 0.4306640625 0.0029296875 0.00390625
1 0.5244140625 0.431640625 0.00390625 0.00390625
1 0.5 0.43359375 0.00390625 0.005859375
1 0.46875 0.431640625 0.0029296875 0.00390625
1 0.544921875 0.4345703125 0.00390625 0.005859375
1 0.6044921875 0.435546875 0.0048828125 0.0068359375
1 0.650390625 0.4375 0.005859375 0.0068359375
1 0.689453125 0.4404296875 0.005859375 0.0078125
1 0.6845703125 0.443359375 0.0068359375 0.0087890625
1 0.67578125 0.447265625 0.0087890625 0.01171875
1 0.712890625 0.453125 0.01171875 0.013671875
1 0.8671875 0.4619140625 0.015625 0.017578125
2 0.5625 0.4423828125 0.0068359375 0.0087890625